Id,cost
<<<<<<< HEAD
1,23.177829207562162
2,13.259052708407864
3,7.472447426437158
4,5.607149858106544
5,4.385855557639719
6,4.0607249450078164
7,3.900962005605955
8,3.813314625811292
9,21.876810536054904
10,12.23028427675192
11,6.473907979553789
12,4.571740232802556
13,3.411938836100189
14,3.0841363948864706
15,2.9497941610574463
16,2.874882998382897
17,29.81925087508933
18,17.5956040233254
19,10.380099376500361
20,7.98297200673238
21,6.50302856582079
22,6.111553291045668
23,5.830683810724201
24,5.745819926079975
25,22.80964255046314
26,13.184309923319983
27,7.536024223694718
28,5.673816169526955
29,4.4586127262765345
30,4.130850760419717
31,3.991564220959779
32,3.9352907857890713
33,22.118681571898108
34,12.501996280863981
35,6.758363329014943
36,4.85682753139411
37,3.735199873158524
38,3.4269024928617187
39,3.28463484529243
40,3.1934217481147007
41,10.28207061547841
42,46.197260646847575
43,15.279723257458343
44,54.3861923744164
45,40.05558774113937
46,32.26518118559098
47,34.50017242824616
48,32.674324147592976
49,31.039707671488024
50,30.259468556236765
51,30.018591048974166
52,54.763075264171704
53,33.674073414394506
54,26.66385796695504
55,7.950269006317736
56,4.151301870949574
57,16.8733141779918
58,19.654142805444444
59,9.266108591141913
60,7.684916928222318
61,7.135946472948266
62,4.9381305386396
63,25.051717132157187
64,14.6095449698746
65,8.434513971538566
66,6.321430640666655
67,5.345539875704782
68,4.938943949629441
69,4.802771856179695
70,4.7207844126784675
71,19.72793962263534
72,7.911900129429204
73,7.003511666635802
74,4.694587876148128
75,24.935578631810827
76,20.861602542552315
77,11.448610216549657
78,5.763626684771163
79,3.762882630568241
80,2.653905698636465
81,2.34762063251373
82,2.1849687516129017
83,2.094526638251922
84,15.977346730074528
85,22.860170793284485
86,20.725766197799075
87,18.986819965857816
88,17.75304144050395
89,22.623461378112648
90,12.788585012559356
91,6.845510637445823
92,4.8153185482762
93,3.645825751825097
94,3.3068469960565516
95,3.167907600818156
96,3.1000923992351157
97,5.097543816928383
98,24.620783734858318
99,13.784991284261697
100,7.448997703064385
101,5.262868436876454
102,3.881573326005746
103,3.4661791119859853
104,3.228934294231114
105,3.0682973345263878
106,27.217804790843957
107,15.561489267965154
108,8.64695827430059
109,6.141656907820689
110,4.762714308545772
111,4.270634728514327
112,4.0922067559589586
113,4.000398910426841
114,5.820575919402254
115,6.432586088401595
116,19.872124563066027
117,13.87226171332015
118,11.168013436242854
119,9.629427542985239
120,42.25095396182706
121,31.128241975874808
122,25.99549382238494
123,23.196713372213253
124,18.139886461131262
125,9.568616251368379
126,4.775185819865528
127,3.2155173901317093
128,2.2179632396474696
129,1.8193907775369613
130,1.6710381713056164
131,22.478987083308542
132,25.107756426406482
133,15.076038191054657
134,11.59834142231291
135,10.654437907773088
136,3.637214835545352
137,11.912545406686707
138,10.10993499291251
139,8.208970075606576
140,7.3303474898931045
141,2.847296462322683
142,27.29075064693783
143,15.583577963034292
144,8.461795114182502
145,6.230628945612038
146,4.746466039463181
147,4.362178567256039
148,4.12407898198285
149,4.015122046176049
150,20.527041376262723
151,28.113628030215175
152,16.707239834811794
153,10.00521746995096
154,7.263249664365913
155,5.9585383424196205
156,5.521997053968962
157,5.333098149875114
158,5.267336556429741
159,58.624022124522384
160,48.34285544350949
161,43.158973527948795
162,41.53414637415111
163,38.81614127932451
164,32.62488569364702
165,28.178784797748158
166,25.082090051242616
167,27.9627928867437
168,14.179952243883935
169,7.68006784406922
170,4.453374667547457
171,3.1500554368076936
172,2.834892638896479
173,2.7027023636147174
174,2.6316432487541404
175,23.381995290113945
176,13.827555696680514
177,7.561252072929295
178,26.85541013272462
179,6.014140576173106
180,5.065689036917144
181,66.76820705487579
182,23.973518571231544
183,14.094989409448408
184,7.572514840295921
185,29.338075458794485
186,18.952479003370968
187,12.944947395819163
188,10.065851860490064
189,8.954491881493185
190,8.468934611873486
191,8.574799940516577
192,8.561432936702062
193,1.664856608201389
194,1.8219110176599438
195,21.825205586055553
196,12.203385554723173
197,6.4420983815569395
198,4.554431087249123
199,3.3822363887928177
200,3.0984737642576055
201,2.9480564162165326
202,2.8648157087527553
203,21.617905153701454
204,11.992636894582743
205,6.230701544910433
206,4.335494209359696
207,3.200986261078011
208,2.8886428294922357
209,2.7415811015256555
210,2.6605557570309655
211,21.643085105566037
212,11.979031748579748
213,6.213923151853942
214,4.304966209062936
215,3.1692159299803695
216,2.84456069572595
217,2.7010950326138556
218,2.6106511564597605
219,21.314270155119804
220,11.74166531263219
221,5.9907593582692975
222,4.058786754893769
223,2.9337627886844486
224,2.6137667405979883
225,2.47091246137258
226,2.3813992046145045
227,21.648355703666553
228,12.012400680989249
229,6.250441943889381
230,4.325671138444724
231,3.1820198209949893
232,2.857738013440415
233,2.712181240077315
234,2.6249088204152224
235,21.648355703666553
236,12.012400680989249
237,6.250441943889381
238,4.325671138444724
239,3.1820198209949893
240,2.857738013440415
241,2.712181240077315
242,2.6249088204152224
243,18.683058538489746
244,11.674834870981318
245,9.659101233973736
246,7.733194146633338
247,24.813518638630796
248,14.08648531067553
249,7.825004812838448
250,5.720928002350058
251,4.354117102590687
252,4.033490928714025
253,3.9084034623196846
254,3.843619842831278
255,25.893307717577645
256,25.694947552282827
257,14.381213897709458
258,7.8243236837460275
259,5.548167518222853
260,4.218146215092774
261,3.8824657961497615
262,3.7247533987358867
263,3.6055230987639675
264,17.71091001012172
265,34.46908646079325
266,21.857425128289062
267,13.943155899269437
268,11.071482402749428
269,10.07435012944009
270,9.859249596695994
271,9.586719676063007
272,9.33480182796296
273,2.472518579463077
274,6.874325316321668
275,21.84269818190365
276,12.128804463950516
277,6.29766439500301
278,4.301906534316833
279,3.147946313249226
280,2.807048568996151
281,2.6462194587292727
282,2.6147988469980046
283,4.000325003594494
284,3.7648664707001043
285,18.27206223900042
286,11.35158093016046
287,7.280602957744805
288,6.80680146395839
289,22.34949007871466
290,12.725847646526136
291,6.909191146645188
292,5.024203987748453
293,3.793251384558352
294,3.460421166690623
295,3.314670383483542
296,3.2418933017541165
297,22.024431910330797
298,12.255571340220756
299,6.388315081439743
300,4.4047726690845295
301,3.265624518338434
302,2.9229508675275193
303,2.7793141337640765
304,2.6927197177949234
305,1.4047964684821859
306,49.245536413547505
307,22.076668077871677
308,12.675696580287514
309,6.894800109408098
310,4.930782405067299
311,3.781127801783988
312,3.4667250250118133
313,3.3269444663130288
314,3.2650474379390295
315,27.58700237368869
316,18.39583635122017
317,7.826482303921308
318,4.504496975777954
319,3.005921228342859
320,2.5254428541758127
321,2.2666247049962545
322,2.209060875211496
323,3.400877887888731
324,24.581944060341677
325,14.682813252461008
326,8.592468289194063
327,6.683218464778327
328,5.639132540772458
329,5.285641551161771
330,5.134351220326843
331,5.056510298274704
332,26.6069387222376
333,15.92151335284834
334,9.254599460450637
335,6.849905131723975
336,5.568878450460889
337,5.150199070001277
338,4.984699902412789
339,4.911428340481517
340,26.6069387222376
341,15.92151335284834
342,9.254599460450637
343,6.849905131723975
344,5.568878450460889
345,5.150199070001277
346,4.984699902412789
347,4.911428340481517
348,37.32182710522939
349,13.854364936466808
350,9.942190791168759
351,5.662932636135656
352,5.199938816221465
353,3.7988406183541166
354,1.9394123570425799
355,16.948046832888007
356,10.49975885061476
357,8.812697267953057
358,9.798015718188374
359,5.626259160366142
360,4.547182056761529
361,13.007663658463581
362,14.275576046159639
363,24.957748291028725
364,15.62139749252247
365,13.519268365944132
366,10.559168560575232
367,9.710773064781993
368,8.733984870313545
369,37.531182662948495
370,22.116231648147696
371,12.451658910929238
372,6.717757629256458
373,4.788092911816913
374,3.659921308779716
375,3.347743119122791
376,3.1950745007791146
377,3.110244368910915
378,42.3498107581912
379,28.701856202377463
380,24.74730897270698
381,21.912341815235933
382,16.48749261021781
383,25.5213037374878
384,15.725509851683052
385,9.015105083231868
386,7.225079661791711
387,5.886342843667281
388,5.572301128792789
389,5.414686134110487
390,5.325968599328262
391,28.211377166735566
392,16.8962587377548
393,9.8278968782145
394,7.28761699581158
395,5.840743407596337
396,5.352308532227829
397,5.2419286503293545
398,5.15158054600288
399,26.60768351769629
400,16.637891805636222
401,9.739062651474793
402,7.766980331367618
403,6.321813116655372
404,5.99809873465568
405,5.8293522935360595
406,5.713765868806853
407,19.896684140631496
408,13.79935463226332
409,8.602213077241881
410,4.310955049869149
411,2.243074964484692
412,26.277520477664794
413,16.262146242360963
414,11.156873415064583
415,8.684635614139532
416,7.075633715840256
417,6.591234143934821
418,6.541830125596819
419,6.480755972893963
420,24.352999954451597
421,15.079986450089436
422,9.618177272948902
423,8.3411075940439
424,6.970933042908634
425,6.74997453754975
426,6.636694934546752
427,6.511971810440711
428,24.352999954451597
429,15.079986450089436
430,9.618177272948902
431,8.3411075940439
432,6.970933042908634
433,6.74997453754975
434,6.636694934546752
435,6.511971810440711
436,28.591851183624584
437,18.01247515205214
438,11.100710611059778
439,7.968342509572386
440,6.685750609704841
441,6.241036526452471
442,6.0719020200762595
443,5.974018974849456
444,30.573493670405437
445,17.848007471172416
446,11.904636382965737
447,10.680088930625109
448,9.980246649644506
449,9.669741860778597
450,9.521393449178023
451,9.299930574858761
452,20.75832391624173
453,11.243855866490343
454,5.466642717904306
455,3.561772691612324
456,2.3889599996586024
457,2.061402011141084
458,1.9258123400883964
459,1.8444332300218027
460,23.89461965383262
461,13.411180814346645
462,7.183910417569686
463,4.975524680200568
464,3.70233087810802
465,3.2958364226598675
466,3.1284661213116283
467,2.985009296494474
468,16.703906594166952
469,13.87306598127129
470,13.556955374768537
471,12.389383416832379
472,10.970454359768922
473,28.859234057263
474,17.071585379610852
475,9.920306342921691
476,7.5620543835383245
477,6.074473032681545
478,5.666408036428805
479,5.469961792705396
480,5.385455559641963
481,29.849354091038652
482,17.72556973233354
483,10.320410005542648
484,7.929789841288667
485,6.415517210640862
486,6.032460446159375
487,5.874954486924261
488,5.734098023850213
489,4.704734414976736
490,18.042151715494942
491,10.308807381302541
492,8.205688915399982
493,6.936410624160846
494,22.026749530902514
495,12.531248604847395
496,6.912858440054946
497,4.979112767243169
498,3.8378859686272504
499,3.5285919452924492
500,3.388510370316674
501,3.3032444385308
502,21.829843118171084
503,12.216433259771412
504,6.465790791858096
505,4.586679370193865
506,3.4320481361063733
507,3.093311305687088
508,2.952711649468773
509,2.8798918094564043
510,21.690882956004447
511,12.12236077801131
512,6.365332290521826
513,4.4289219940896265
514,3.228475173480427
515,2.9010434162940255
516,2.768001857461127
517,2.690657686038539
518,11.835530915677271
519,11.007528940206978
520,8.787281333166163
521,8.237563078406389
522,27.83214282583794
523,16.08794059374333
524,9.005786364565745
525,6.606776844721711
526,5.197646987761038
527,4.782291852295742
528,4.530464548155588
529,4.360583137432469
530,16.35139889735335
531,10.314075552597215
532,9.131058727985138
533,8.444481789216889
534,217.2534220885696
535,140.13828725615764
536,53.46496942154592
537,24.215614399647105
538,19.849775599489114
539,13.557789365176044
540,3.179205262054786
541,27.92846583195576
542,5.914903867380021
543,1.7565800092901274
544,1.4405776443756957
545,8.82858112512209
546,6.916514434623474
547,5.9680841692838795
548,4.695805193257889
549,6.811219517471549
550,5.719871368751618
551,5.331914942424293
552,4.8153135371196925
553,4.708555462890792
554,4.137314977661504
555,9.601877338530837
556,4.177459022047979
557,2.1720917402216084
558,2.4680760228893686
559,3.7667138858188807
560,0.9212914382248633
561,12.67481691667259
562,10.408065082623713
563,36.44377797184161
564,22.286678683956588
565,13.041387370513021
566,7.741300921657208
567,6.188218878562218
568,5.282360424527109
569,4.979037955416536
570,4.846460010651733
571,4.7446266245748125
572,21.82917157373183
573,12.84075025517176
574,7.700268404138184
575,5.965382200117051
576,5.080293884284387
577,4.8074838119732135
578,4.6825992605332445
579,4.561378173152752
580,21.984454761575225
581,12.322170905486894
582,6.5922980492477405
583,4.670071434798269
584,3.512609710326828
585,3.215127770017704
586,3.05939992991932
587,2.9745640325528986
588,20.79239841178131
589,11.281877728737301
590,5.518245368322627
591,3.621446784030927
592,2.477329561695856
593,2.1471221014749995
594,2.0151774314787345
595,1.9436754024640477
596,21.984454761575225
597,12.322170905486894
598,6.5922980492477405
599,4.670071434798269
600,3.512609710326828
601,3.215127770017704
602,3.05939992991932
603,2.9745640325528986
604,21.63826039670299
605,12.022781798432394
606,6.26828386049166
607,4.3334100477921025
608,3.159876785350206
609,2.851850150285837
610,2.707948199829578
611,2.6227195856419
612,21.34955570825479
613,11.769913732962685
614,6.077114583779887
615,4.153895432307238
616,2.9670533636068646
617,2.6781611919963995
618,2.5308555486560897
619,2.454577203453711
620,21.55321143921378
621,11.93212901375383
622,6.1661643280028535
623,4.238357565380922
624,3.078341103127018
625,2.760302516944901
626,2.6222755292148037
627,2.5382590929572078
628,42.48433015216867
629,25.137863590381315
630,15.368716572032216
631,12.296961826004702
632,11.262729557096481
633,11.977235389435428
634,47.33992786627826
635,20.353305712568634
636,14.82843338846492
637,12.87894242100398
638,12.937847931798512
639,25.74588135298064
640,13.440613898767074
641,7.101751928481301
642,4.872150850049914
643,3.64711835203003
644,3.358393146450906
645,21.060306163674632
646,11.611547574147203
647,5.896959073316606
648,3.913395151248925
649,2.7890763895058965
650,2.461929382686591
651,2.306250245711485
652,2.218160396503463
653,22.528745535238063
654,12.490010610912258
655,6.5887949800755825
656,4.604500588904321
657,3.446864675463942
658,3.107126304788329
659,2.968292699950017
660,2.8740167509534054
661,3.2368417063623856
662,11.146356647646302
663,8.642681787489035
664,7.616190549172535
665,6.778059577822975
666,3.131082834387751
667,1.6406188555225922
668,1.8642638470473032
669,2.08573375176339
670,22.6463694058236
671,10.168146819001286
672,7.361346110194055
673,21.407146074713122
674,11.769800221925157
675,5.959963412494771
676,4.006534203522515
677,2.8105252572396915
678,2.481035413090969
679,2.36366176107979
680,2.276695633916077
681,30.960335169829207
682,6.177743813860744
683,1.8279150601587941
684,17.6377831225717
685,11.589770136716831
686,26.120323389720753
687,17.205283392779894
688,15.605344430095279
689,13.990720248197551
690,10.756312708962255
691,2.7689458275168124
692,21.064333855450702
693,11.474496371774105
694,5.626691114757515
695,3.6957655667320695
696,2.523860557418978
697,2.2077579999711388
698,2.0717230653119523
699,1.9805813950226012
700,23.90844809630945
701,13.177725999774383
702,6.926887410276414
703,4.79138407416542
704,3.437612593779642
705,3.139558123434357
706,3.002367891116503
707,2.8806350238821103
708,22.528745535238063
709,12.490010610912258
710,6.5887949800755825
711,4.604500588904321
712,3.446864675463942
713,3.107126304788329
714,2.968292699950017
715,2.8740167509534054
716,5.958675654131881
717,10.428404669950574
718,8.74254777617212
719,7.776917250144086
720,7.167699879966879
721,36.65572182023433
722,22.784136110610003
723,14.893674234817503
724,12.859622932920503
725,23.936235833111677
726,18.66331646992407
727,14.494826304556558
728,13.602340910345658
729,23.188575822131494
730,12.979839817560348
731,6.827317675358144
732,4.804837728231894
733,3.6229629394408263
734,3.2641858971024145
735,3.14169902813499
736,3.0185759956356635
737,23.943111263996855
738,13.58152289058966
739,7.485489498284296
740,5.441074246893251
741,4.190324993468048
742,3.870272549145806
743,3.7470389017198764
744,3.6313969676991134
745,22.889238144992476
746,12.662442463701613
747,6.738500032980777
748,4.731665087559527
749,3.537250698598365
750,3.201753980169284
751,3.0358292763062265
752,2.9498493211467354
753,3.702676461097224
754,5.1263264345309985
755,16.55254739798262
756,10.237972360792112
757,6.950922973249365
758,5.508798798508245
759,3.495080732106225
760,2.830849670050392
761,2.733711304820663
762,2.524468461531687
763,29.800228456474798
764,19.159636708453302
765,6.4069292242617415
766,5.532735166386021
767,2.267897382423113
768,2.2577632967441104
769,1.3642926901957468
770,9.434564066510761
771,22.5791502129808
772,10.542687977999075
773,23.260260888229652
774,14.912131640290502
775,12.652413010470507
776,9.292654927168051
777,7.181819729940965
778,8.971630909557764
779,6.331868904036012
780,5.391405214170407
781,3.3224496798784
782,3.3340709700036983
783,11.16560735583171
784,3.822978225433988
785,3.392731738679961
786,2.9936804997656425
787,2.474464448071615
788,28.969153556899926
789,22.039109197238783
790,16.832965711150685
791,15.352273290768608
792,23.49979465605823
793,13.600199916542207
794,7.690452322799242
795,5.670871505862787
796,4.385920322053948
797,4.026106248178466
798,3.834819596460662
799,3.734538781430056
800,32.322953858556026
801,20.143302252333367
802,11.889106838150436
803,7.879985270776107
804,6.347397153854628
805,5.938710894035123
806,15.779031872439004
807,10.546972247819403
808,7.481742161087153
809,7.527163664471531
810,5.685919876229134
811,4.199066424640564
812,3.657885946722805
813,21.83803049816839
814,11.95357841648869
815,5.8453961059648725
816,3.900774519224475
817,2.6746700597232316
818,2.372280941841551
819,2.2803647049595996
820,2.1696956513370558
821,195.05245195517494
822,137.1376229775378
823,106.58201173364455
824,72.1429203269531
825,221.01984381426377
826,165.76431260662523
827,126.0744482427963
828,66.82145116083161
829,364.63803769998424
830,176.22724378114523
831,128.88324870466312
832,74.55335801462502
833,57.27749487805497
834,53.71532825890138
835,29.734904778804292
836,18.641874156626212
837,11.868551512543549
838,8.937121358773467
839,7.459730384937856
840,7.011918182915406
841,6.8698751700915714
842,6.777879991614253
843,6.063062695752162
844,2.126438976060646
845,3.7429765395776355
846,12.667718562504295
847,18.951418890497422
848,13.036483969655977
849,10.613452351985122
850,8.862250786752314
851,11.726701150646953
852,2.8424671979115432
853,18.15713975239565
854,14.214676651902927
855,12.65051410574883
856,12.30257126673401
857,11.576098043186704
858,5.035297128371543
859,4.673902375452057
860,4.232845794610959
861,4.886128846461896
862,56.132173155516234
863,178.71773016702173
864,98.17154137870045
865,54.96403709328701
866,52.983693111834924
867,42.517106863730874
868,321.9913544688881
869,202.7936656987166
870,159.1591076819731
871,116.57782544079899
872,23.347705528424292
873,5.409931239497657
874,1.7870902281958683
875,23.933866388632893
876,14.232794043881594
877,8.354328422110935
878,6.2127365943021635
879,5.013793376441061
880,4.645364931377698
881,4.484471274729945
882,4.436911887595882
883,23.867244431756593
884,14.086150473513031
885,8.261391725288457
886,6.232275801419737
887,5.0335848409404536
888,4.6943176724694595
889,4.545631644441052
890,4.457004606486279
891,22.12002707068996
892,12.535242386629449
893,6.7520063034179225
894,4.836894474372398
895,3.6581380767845815
896,3.379998937701423
897,3.294130114017151
898,3.225957026226526
899,29.604181352614855
900,17.649407981786243
901,10.359369299733844
902,7.925774053933623
903,6.444665426299148
904,5.998236359952788
905,5.857924264622569
906,5.689909490758524
907,3.5270068476327348
908,10.961068353018856
909,9.357174836991264
910,7.127691035242603
911,6.480884871512704
912,21.853237578792932
913,12.261507140834741
914,6.750984759566587
915,4.868848612379479
916,3.6470135743124317
917,3.3433960919846935
918,3.213002685199642
919,3.139963347954729
920,21.5516742680166
921,12.390996784271834
922,6.465108546368211
923,4.658028075058192
924,3.606429332365731
925,3.2437199435343356
926,3.143206080751108
927,3.0755924007329902
928,19.717633670352484
929,11.693214186495947
930,6.868376257668976
931,5.105725341928183
932,4.224955007989591
933,3.9734527657467487
934,3.878628650922969
935,3.8277461264432353
936,19.720907215001432
937,9.839244623203548
938,9.887278784797113
939,6.775050467451351
940,6.081957668906733
941,5.292174194963894
942,14.033072848969223
943,12.43377073945981
944,9.222594022686579
945,6.511144388709058
946,4.991811844660726
947,10.226227110364988
948,8.664864998817176
949,29.015390576528546
950,17.50523550477888
951,10.235004736790358
952,7.839354441570585
953,6.330753292782397
954,5.881822885837124
955,5.7263039303408565
956,5.609963744719648
957,28.981219931634797
958,17.21174545390596
959,10.044930527722048
960,7.631399626914344
961,6.094438364325539
962,5.678478082112825
963,5.503468449860086
964,5.415395046601722
965,25.380738233125747
966,15.456973887713893
967,9.346991908872276
968,7.12127461933621
969,5.9435237370805085
970,5.614836626863017
971,5.487432485074228
972,5.417998432145865
973,27.923366149815937
974,16.425213782847866
975,9.371107524933077
976,6.939551876363466
977,5.5042122125933695
978,5.134014229923276
979,4.961114415703953
980,4.87884867792635
981,27.836249325103655
982,16.318853518728144
983,9.259670999873315
984,6.937986998747066
985,5.508601775881752
986,5.102592730959621
987,4.914241208637653
988,4.7937509071434246
989,2.8855753853672144
990,2.1450305731171273
991,3.2787815900057486
992,3.2162579873422708
993,2.1456410681057463
994,1.8681934840236516
995,56.11298825488771
996,23.021849818333703
997,12.815817787334355
998,6.798636974205407
999,4.881310684974273
1000,3.7695231709278767
1001,3.473753397308289
1002,3.3161742726139516
1003,3.2417596011932797
1004,23.567959809939975
1005,13.78816982931152
1006,7.358827000112264
1007,5.3187285901694885
1008,4.161311306584376
1009,3.883782745421331
1010,3.741020845177128
1011,3.6331100439670356
1012,29.629505314894416
1013,18.5019552282913
1014,11.78274074532212
1015,9.499576364408863
1016,8.176348253367621
1017,7.986750209307672
1018,7.741381563341004
1019,7.551888436143052
1020,28.008343331615304
1021,16.549624078803813
1022,9.403079302573838
1023,7.126526343643346
1024,5.694938522845367
1025,5.275503964851361
1026,5.098779227230367
1027,5.052993406353789
1028,3.8666452989752336
1029,4.494310623141262
1030,133.73258253346916
1031,9.355203708091551
1032,63.69087277549013
1033,40.9678861671738
1034,29.432629954884803
1035,18.449848761250642
1036,11.403793057402137
1037,9.45659651415718
1038,7.969327655822686
1039,7.504730519264729
1040,7.371232225823755
1041,7.2997496071012975
1042,32.00607439615346
1043,20.582886747346244
1044,13.239406071269103
1045,11.737347906027155
1046,10.019560593097978
1047,9.585781700078655
1048,9.391043785230552
1049,9.250829194750935
1050,2.8402799802855303
1051,29.644544501021684
1052,17.771653787832097
1053,10.721023660256922
1054,8.137206685109534
1055,6.609912685626227
1056,6.200980256083258
1057,6.025999685583333
1058,5.912704639543998
1059,6.924799421051979
1060,5.724676653881421
1061,1.7707551441259608
1062,1.6713890106868567
1063,1.8678431152783306
1064,43.096102565555
1065,35.67769472215954
1066,31.189395748869906
1067,5.086284101187678
1068,29.019732764276448
1069,17.875768910147727
1070,10.896568091132483
1071,8.521844507705602
1072,7.116690800295952
1073,6.747316138355487
1074,6.62985094592913
1075,6.557143502716913
1076,1.9786930750428144
1077,39.339231643895154
1078,27.96273464446507
1079,16.608181618581913
1080,9.63046355482645
1081,7.1987915752617235
1082,5.822744365815879
1083,5.428488290774393
1084,5.265366904143448
1085,5.174977549936459
1086,2.9969462823761877
1087,2.58249837028145
1088,2.2598219154676027
1089,2.1596721924390865
1090,9.525232258835592
1091,8.215044397823243
1092,7.6928710718463265
1093,7.254517356472278
1094,21.642940651888203
1095,19.589819749965354
1096,18.564054972120587
1097,22.01441766166784
1098,12.406648399434332
1099,6.666021521655721
1100,4.755915529919397
1101,3.5792832303663644
1102,3.2764610076299823
1103,3.1227254890709535
1104,3.040331793564625
1105,22.17656212143816
1106,12.54729915336251
1107,6.8191627565630935
1108,4.895105578858956
1109,3.743694547128418
1110,3.4189195813600026
1111,3.2658973198027637
1112,3.182284823531657
1113,13.395607832067787
1114,11.839655455698757
1115,8.16469658543318
1116,5.913850509028542
1117,4.6243079871234425
1118,16.681093899379235
1119,6.53261737542486
1120,9.095771458405261
1121,8.17258509496803
1122,18.86038462079101
1123,21.18462032685751
1124,4.254961744798022
1125,1.1325689731650874
1126,21.13176167157132
1127,11.684684118631694
1128,5.93600701264197
1129,3.9835287104829726
1130,2.9105604034928625
1131,2.5634418193167514
1132,2.4366272839313536
1133,2.34299049327499
1134,27.4067250979191
1135,17.4440574020447
1136,15.268143149380801
1137,22.436107466955303
1138,12.449979131744582
1139,6.641122889296081
1140,4.65909625371681
1141,3.461309751948706
1142,3.1211811369595015
1143,2.9587063777617817
1144,2.894241267724112
1145,2.738343571954459
1146,4.608570958852907
1147,2.561455010922451
1148,27.520755664261333
1149,6.847163184274078
1150,2.874110130429477
1151,8.369888547470486
1152,5.376715648134391
1153,26.098900337840604
1154,6.086012164603496
1155,2.1680437179150784
1156,7.345460424449673
1157,5.33506780554397
1158,5.101640286790601
1159,4.4347938064216645
1160,25.079267313042283
1161,14.073841701058393
1162,7.448476032776011
1163,5.270051761615901
1164,3.9156450408546704
1165,3.6107096470464266
1166,3.435566114738389
1167,3.2589577811691246
1168,27.097867552397688
1169,15.564921595245382
1170,8.651231677070003
1171,6.400016335581513
1172,4.950999115732525
1173,4.546196461880305
1174,4.343585838228668
1175,4.258206211501631
1176,27.33405369055687
1177,15.576640890860524
1178,8.62678255038211
1179,6.393410454779992
1180,4.954403266132384
1181,4.581557562605222
1182,4.406910632476943
1183,4.289164068228552
1184,56.457926781549354
1185,40.97954612147465
1186,37.45560839614457
1187,33.52243204949947
1188,28.279769510844925
1189,25.842992270131447
1190,25.744853204851875
1191,14.423594154740908
1192,7.64990918996866
1193,5.47298678651987
1194,4.100490240946538
1195,3.7514771750441795
1196,3.5442331030025778
1197,3.3686219241834374
1198,7.749823541727114
1199,2.218406494362374
1200,2.342605531596164
1201,9.555189675489665
1202,27.559673060009953
1203,16.01570975243599
1204,9.196466279330323
1205,7.032434537932131
1206,5.600841295019801
1207,5.198712714319379
1208,5.005113327908424
1209,4.917683527201175
1210,29.0291164318879
1211,17.244267953945577
1212,9.934886867004975
1213,7.603079038395094
1214,6.0888303609820795
1215,5.621139099701151
1216,5.508284761043612
1217,5.405985029994349
1218,5.979706589470687
1219,1.401804585301242
1220,1.107471243219174
1221,2.365049096244989
1222,4.223000898250142
1223,4.842204804280015
1224,5.804614683293635
1225,23.425772070720726
1226,13.640681921950994
1227,7.8226740385853475
1228,5.862256032428959
1229,4.605467661542849
1230,4.279842559388284
1231,4.137404075061981
1232,4.062760158421423
1233,30.135278955374083
1234,18.43401811038531
1235,11.076679439167837
1236,8.672479163914357
1237,7.155392596827574
1238,6.830562840373374
1239,6.640458227161798
1240,6.535112891859102
1241,28.111191167717706
1242,16.6837353573531
1243,9.783548875882362
1244,7.633857788202529
1245,6.295032722640331
1246,5.8641963184972425
1247,5.6762709804050715
1248,5.584531082162075
1249,74.26392052620068
1250,48.99611059531596
1251,37.85710541582901
1252,30.460833915168994
1253,61.895498674453734
1254,27.666802864338166
1255,16.01230196356537
1256,8.955734576511322
1257,6.472793541817243
1258,5.1694947635363135
1259,4.747668595124596
1260,4.577667789248515
1261,4.462251734771595
1262,1.4201321866675456
1263,1.3755724923564427
1264,22.11863594410365
1265,12.540624515816997
1266,6.671081629482416
1267,4.696184841985752
1268,3.6016331934460246
1269,3.238213053712914
1270,3.095730326456931
1271,3.0333138377901863
1272,20.509649749314985
1273,14.90650316347409
1274,12.61618802946054
1275,11.378343709401737
1276,24.101962975545234
1277,14.500148002586057
1278,8.657748609157487
1279,6.628288424562818
1280,5.566904517510084
1281,5.227784593815042
1282,5.129659028827543
1283,5.005584782842174
1284,10.189391242873809
1285,27.127933613498104
1286,16.22531470840546
1287,9.457604544153748
1288,7.036846849689497
1289,5.7089746326018656
1290,5.295544068336671
1291,5.111292019201748
1292,5.034205164673191
1293,6.53709540139363
1294,14.87323725827697
1295,26.556006568641536
1296,15.731595872150406
1297,9.07900112845643
1298,6.740366864197157
1299,5.459977182331492
1300,5.197788805056144
1301,5.131394998523625
1302,5.033679928582021
1303,25.519096759776808
1304,15.088801129470738
1305,8.664129628014344
1306,6.367494219844866
1307,5.10664999915419
1308,4.782606317130854
1309,4.648916500452061
1310,4.572630966781041
1311,25.519096759776808
1312,15.088801129470738
1313,8.664129628014344
1314,6.367494219844866
1315,5.10664999915419
1316,4.782606317130854
1317,4.648916500452061
1318,4.572630966781041
1319,509.23045917826977
1320,26.665223965146613
1321,15.09427970815777
1322,8.211955280121341
1323,5.947049884988928
1324,4.496201137737148
1325,4.141377957134276
1326,3.9237581625323585
1327,3.792834911376631
1328,25.83894320297611
1329,15.814891285521291
1330,9.707175848632737
1331,7.834687691309691
1332,6.561799742391197
1333,6.254952718542469
1334,6.157762514110814
1335,6.0591289696837585
1336,38.26439113774212
1337,33.23787235863669
1338,28.876089453597892
1339,53.71626971316499
1340,28.31111801188051
1341,16.65899796920624
1342,9.533865030054935
1343,7.194922802749212
1344,5.71471369306749
1345,5.31142517970908
1346,5.115805864423804
1347,5.0227626924244575
1348,10.024863259723652
1349,16.188374941448103
1350,12.113212295634295
1351,8.067580533784033
1352,8.198993175362908
1353,5.967610312671442
1354,5.250705142165424
1355,4.748315759314412
1356,2.6916119674189845
1357,22.211746111017828
1358,12.596930017948615
1359,6.885341193928974
1360,4.98307662586803
1361,3.8556344755687273
1362,3.5135649312665747
1363,3.3796316519301914
1364,3.298062739344382
1365,22.220313003726194
1366,12.615712839195904
1367,6.895950130288524
1368,4.976779382797082
1369,3.803122416578196
1370,3.4828687463848906
1371,3.346494027507916
1372,3.263817020445373
1373,40.51063879748338
1374,8.585495655974967
1375,2.4576611291226076
1376,22.36142696614814
1377,12.57348902331607
1378,6.679137048692046
1379,4.681602128690149
1380,3.4460085022811633
1381,3.053246949439845
1382,2.938980142711241
1383,2.8816004583633044
1384,22.731694218599937
1385,12.892818954458946
1386,6.799396144640332
1387,4.788795425840053
1388,3.601795522567085
1389,3.250847259067666
1390,3.1157109433791836
1391,3.037541554154036
1392,25.21294606037416
1393,14.59534175152767
1394,8.231341654632232
1395,6.053506589357569
1396,4.691866015897287
1397,4.430240082769713
1398,4.27319034084509
1399,4.1733690660566545
1400,25.3169453788268
1401,15.045546901090082
1402,8.61030400541963
1403,6.513792919478298
1404,5.220633881834412
1405,4.8897629008089005
1406,4.773560815875259
1407,4.674103958094107
1408,14.779274972394242
1409,9.38802673486487
1410,7.729196903035595
1411,5.472098272674899
1412,4.075859271323946
1413,3.2584488289236537
1414,4.914883971477816
1415,34.3032263075896
1416,21.778225685830837
1417,14.254912400821198
1418,10.059541478202437
1419,8.685935204688898
1420,8.426967723349957
1421,8.119593805801301
1422,7.93402446901417
1423,30.373431702490514
1424,18.8299294349746
1425,11.580047959415197
1426,8.964810827963376
1427,7.544866703725723
1428,7.141201151378461
1429,7.00214630629033
1430,6.853573044312947
1431,29.290379951137826
1432,18.09958167252078
1433,11.335368023382967
1434,8.428920927071978
1435,7.022451886704415
1436,6.644179260191548
1437,6.490016423435563
1438,6.353771691146398
1439,3.033686675329391
1440,22.902004224814725
1441,13.168575673808737
1442,7.285779743317051
1443,5.4181810924601
1444,4.261833448200866
1445,3.938429740929351
1446,3.8097922860755453
1447,3.710479978806563
1448,30.390801522994842
1449,10.253134266160883
1450,6.058353320207144
1451,20.172296613126473
1452,120.0422542284396
1453,23.30565740502782
1454,44.829671345852475
1455,7.912147522028586
1456,9.162245043683924
1457,61.2826213232724
1458,43.66591739386697
1459,30.69043941697762
1460,23.905970706281636
1461,20.830947088367857
1462,20.078574779113076
1463,20.051067975444003
1464,47.50130045804913
1465,7.370582571359948
1466,12.81085353398287
1467,9.948870982964959
1468,8.734221256083432
1469,7.782887512934295
1470,14.186024105417527
1471,8.459461285983796
1472,59.5260452042134
1473,25.720757509445217
1474,14.913024231463083
1475,9.039694378711658
1476,7.039018907366105
1477,5.603259232574464
1478,5.288438823075541
1479,5.176622710395665
1480,5.135323867981796
1481,2.8920403959093193
1482,5.87889443144323
1483,5.7917983059130735
1484,20.61986898385314
1485,11.085254361497386
1486,5.341915682675476
1487,3.4252690310568354
1488,2.247401391136825
1489,1.9296709262702596
1490,1.804260885216077
1491,1.7234386316428554
1492,11.378084232550872
1493,8.322447399210644
1494,7.5782755879446775
1495,6.292596352031698
1496,18.124080650417994
1497,13.158091385781656
1498,10.474476527424892
1499,9.118938041935673
1500,4.697483009871471
1501,2.826442473374064
1502,3.796034847167865
1503,10.18704112190405
1504,27.63826259248848
1505,16.169180055471617
1506,9.349027370168924
1507,7.0183705163418075
1508,5.676999408756192
1509,5.2936701804489035
1510,5.119965838633713
1511,5.018366533941365
1512,26.142150886504037
1513,15.560093257881235
1514,9.478950987643447
1515,7.462091042610962
1516,6.001102639641985
1517,5.679221272084442
1518,5.575119475072309
1519,5.5287206851020825
1520,22.150985657215557
1521,12.824277952498862
1522,7.154690303848879
1523,5.124139924723604
1524,4.014500921960469
1525,3.67560892633762
1526,3.5136541419839102
1527,3.4423879564222695
1528,11.012927880339406
1529,3.3357064097253657
1530,26.493741738112025
1531,15.821539955809111
1532,9.166128540507254
1533,7.003261193673483
1534,5.603766172145406
1535,5.321432201246021
1536,5.223599566817727
1537,5.148802617138431
1538,12.283903964857828
1539,5.414901293057269
1540,8.622105031879483
1541,6.540273200912725
1542,5.682384333001273
1543,5.222517016469109
1544,28.115603062899876
1545,18.5188945234919
1546,7.7963410418407895
1547,51.94368577893942
1548,117.48533690182173
1549,4.689622449571851
1550,4.571125146787935
1551,7.004936808979966
1552,25.809108121337992
1553,15.285816780450158
1554,8.7118646689477
1555,6.40071218363895
1556,5.194459258705816
1557,4.91054451581675
1558,4.807492337852939
1559,4.703915257308749
1560,25.809108121337992
1561,15.285816780450158
1562,8.7118646689477
1563,6.40071218363895
1564,5.194459258705816
1565,4.91054451581675
1566,4.807492337852939
1567,4.703915257308749
1568,27.444438534302563
1569,16.016210476108864
1570,9.011256548842383
1571,6.657873177836594
1572,5.282461061647952
1573,4.904631262309309
1574,4.709783219282927
1575,4.584425224984719
1576,27.444438534302563
1577,16.016210476108864
1578,9.011256548842383
1579,6.657873177836594
1580,5.282461061647952
1581,4.904631262309309
1582,4.709783219282927
1583,4.584425224984719
1584,9.708994216972545
1585,22.425146090607537
1586,12.794596740811887
1587,6.915648453979486
1588,5.113447156011064
1589,4.002571608923335
1590,3.713953313901725
1591,3.581385413485992
1592,3.497270954069295
1593,22.074956694142315
1594,12.85695945822033
1595,7.136407966792365
1596,5.126821280461867
1597,4.013248801755594
1598,3.6725423103766763
1599,3.5179429641989866
1600,3.456765170494537
1601,6.165755861170381
1602,5.614920988546102
1603,10.94852756211549
1604,9.417235654346612
1605,8.1703934816769
1606,6.827614249944736
1607,22.046016385699026
1608,12.471799622784992
1609,6.715619592028268
1610,4.82322310256294
1611,3.7115038369862314
1612,3.3320829630119437
1613,3.208742024816241
1614,3.1177772305910416
1615,10.35982854518963
1616,8.138658229233434
1617,7.213873463245531
1618,6.578323804654696
1619,23.243392760290096
1620,13.946423115027667
1621,5.83836210187102
1622,5.523081193832891
1623,2.1335178781562503
1624,23.594074165739805
1625,13.60979740882425
1626,7.607082076328569
1627,5.663175194298504
1628,4.484894322822901
1629,4.1705218552519705
1630,4.052819353412439
1631,3.9495519117918994
1632,52.3992343887774
1633,32.3722654082263
1634,25.48217562492868
1635,20.11738837749092
1636,25.72403967563055
1637,5.749990527011763
1638,2.0653429337392946
1639,21.402502859991728
1640,11.86660826070119
1641,6.0870229721982785
1642,4.153427134811841
1643,3.0286902534454203
1644,2.6837629213229266
1645,2.5594367558792643
1646,2.4775935611089808
1647,4.314550072075226
1648,3.4463169500960076
1649,4.3525152525817745
1650,3.7127253502296087
1651,4.466915589706794
1652,11.759616308320954
1653,25.95568703910763
1654,15.487660848923433
1655,9.088276636224363
1656,6.881086071895249
1657,5.656627918923575
1658,5.4603822190537725
1659,5.333911142167938
1660,5.261731583985487
1661,27.967983295653433
1662,16.64727264936242
1663,9.640372967348668
1664,7.19338434271496
1665,5.807445048031057
1666,5.415966579379562
1667,5.225071408751136
1668,5.120037116056268
1669,21.897892456253164
1670,11.937570753174233
1671,68.63972835196176
1672,23.777180397427898
1673,13.666133062924278
1674,7.60041377008481
1675,5.545496464776079
1676,4.3471948318884
1677,3.900408937856906
1678,3.7640275565080614
1679,3.672420188183098
1680,3.8130072176178276
1681,5.745895533322217
1682,21.699729966358003
1683,12.159287191518885
1684,6.327694615279236
1685,4.395761303519034
1686,3.25370486885376
1687,2.9350717223921277
1688,2.78438657275748
1689,2.692265121940043
1690,7.538265873295609
1691,11.489493254157782
1692,7.570360570738281
1693,7.041614806059025
1694,6.588868293803197
1695,24.28965418988311
1696,13.545658055801173
1697,7.282540847558572
1698,5.131407497542314
1699,3.867476985608648
1700,3.515088580695396
1701,3.3567006808782267
1702,3.2499338122515993
1703,24.28965418988311
1704,13.545658055801173
1705,7.282540847558572
1706,5.131407497542314
1707,3.867476985608648
1708,3.515088580695396
1709,3.3567006808782267
1710,3.2499338122515993
1711,22.24713428489312
1712,13.070998975581796
1713,12.12220491935419
1714,10.160327715441303
1715,19.062947336971373
1716,12.262225602540344
1717,10.489290996763723
1718,7.775279198344622
1719,44.88132678246682
1720,45.234806156232686
1721,2.0929453838982828
1722,24.95730120452884
1723,13.919191683141925
1724,7.445309316293315
1725,5.248752155704651
1726,3.842214186847085
1727,3.431276001524571
1728,3.228313042449203
1729,3.0967792718685976
1730,6.6387453820603035
1731,6.321010013456407
1732,6.342814547135527
1733,1.4365773799023938
1734,25.86175898668915
1735,14.858353392035454
1736,8.130811374727372
1737,5.993233536787727
1738,4.547519532781655
1739,4.268301065416772
1740,4.041751212856711
1741,3.8664765432323573
1742,27.22961446134662
1743,15.585460740740423
1744,8.564120142121935
1745,6.385323248768621
1746,4.919356958601178
1747,4.565676624994729
1748,4.307250151359325
1749,4.173181014910428
1750,27.49018335733048
1751,15.748368279821825
1752,8.649325252956228
1753,6.420519904230995
1754,4.905279789910015
1755,4.559782569117456
1756,4.325173572454652
1757,4.2297840561346725
1758,15.602769018549571
1759,9.855532224193334
1760,8.618255727580769
1761,6.144534256429145
1762,2.4971800311788765
1763,17.232259152821847
1764,12.049579023127409
1765,5.475390965573978
1766,4.9329786526803625
1767,8.134570685495381
1768,6.555968656575083
1769,6.159668084254406
1770,5.330366639011669
1771,8.217212954417302
1772,6.12059231155437
1773,5.574770732220094
1774,4.73852510319847
1775,14.376259476354456
1776,58.32125915655639
1777,28.160799483795312
1778,16.429336619468476
1779,9.243475650509499
1780,6.985988366979045
1781,5.642788036743178
1782,5.283183976328628
1783,5.155893336469281
1784,5.035342090078058
1785,32.02484756265074
1786,19.50341042161989
1787,11.565310003202763
1788,9.330522394380296
1789,8.00570871848922
1790,7.67563742001879
1791,7.397266372132751
1792,7.226788249304102
1793,29.91399200222418
1794,18.01957743255119
1795,10.512411766180039
1796,8.578400021629285
1797,6.978405103320169
1798,6.537195234708045
1799,6.295101873413632
1800,6.229946378793608
1801,7.8294418674014095
1802,5.269032859437856
1803,4.579980535903754
1804,3.2875149887918607
1805,3.2199080293167888
1806,2.3857807738659425
1807,2.195177374197013
1808,5.537179872896109
1809,9.897097502485632
1810,25.48831506784678
1811,23.399662340700264
1812,20.885404885449734
1813,18.30523693796172
1814,16.895878227058073
1815,28.160732979136945
1816,16.34809155992585
1817,9.125700512824883
1818,6.723308853963063
1819,5.253183533700742
1820,4.889393332884116
1821,4.676907778967176
1822,4.59036454957282
1823,27.939778563936322
1824,16.109423066506693
1825,9.045339441840989
1826,6.761896013171528
1827,5.35690636577989
1828,5.010191488767443
1829,4.831085341712073
1830,4.706164261042091
1831,27.528163665896308
1832,16.06048935182627
1833,8.909580557172346
1834,6.497835371591134
1835,4.952251608576161
1836,4.662481389698966
1837,4.5485010621913355
1838,4.38527437991638
1839,7.1126693422234855
1840,5.510696603066682
1841,21.747814923197073
1842,12.02826847193263
1843,6.324025189575193
1844,4.322664785265974
1845,3.171052416601236
1846,2.8348839191764723
1847,2.7055331173461425
1848,2.608093824721305
1849,21.468022802409767
1850,28.19723661180508
1851,36.44095838965906
1852,9.171534345089515
1853,9.021622420843443
1854,12.086596168326462
1855,4.1078836537692975
1856,3.9569478149000723
1857,3.9676117598870526
1858,3.728570314095391
1859,26.677014297223725
1860,15.282892286559484
1861,8.392374494668177
1862,6.222610479951451
1863,4.764403831162937
1864,4.453827240227941
1865,4.206177606847836
1866,4.076257261442724
1867,3.014138543818165
1868,2.653547761826136
1869,30.833838333396493
1870,7.2874654227719455
1871,2.114945017861407
1872,28.89741681435204
1873,16.763084144669357
1874,9.437296547134032
1875,7.081507872053686
1876,5.473500570942122
1877,5.186338039341493
1878,4.887435147642626
1879,4.686827229201242
1880,19.572878740311715
1881,4.934332511032572
1882,1.5111264409103942
1883,1.2126294542505862
1884,28.011247288568523
1885,16.342594995828847
1886,9.532756906506417
1887,7.695073579713411
1888,6.379483689847426
1889,6.040748265426755
1890,5.8602132784066026
1891,5.711594878637929
1892,22.134165112892884
1893,12.354472313932206
1894,6.412605815471299
1895,4.4054745656174115
1896,3.2757984242688023
1897,2.9298048420881626
1898,2.789017627087788
1899,2.7379687685927907
1900,23.88613259927615
1901,13.499603043753757
1902,11.054690612784022
1903,9.33713614788028
1904,30.4365161469861
1905,18.42888875567793
1906,10.967122048888523
1907,8.67454685954687
1908,7.23245590966775
1909,6.972478421555372
1910,6.839202997295085
1911,6.705579466894619
1912,22.29909484897577
1913,12.748485745112452
1914,6.850310922076908
1915,4.957213530058443
1916,3.837964905149163
1917,3.5535976050761824
1918,3.4063949715769
1919,3.32911108417896
1920,22.487960774903694
1921,12.36792120624864
1922,6.5690191346216515
1923,4.63679240947479
1924,3.462731788013536
1925,3.119591521070911
1926,2.9616862306569294
1927,2.8633488269597844
1928,30.12928261940332
1929,18.04223588794128
1930,10.958921056588867
1931,8.490318666983073
1932,7.1652243097566375
1933,6.7376430869748365
1934,6.626873781093015
1935,6.541008965348583
1936,19.57511631472729
1937,11.44619534026127
1938,6.532454356564317
1939,4.941770791707517
1940,4.056453245824903
1941,3.8213972541271217
1942,3.730749717552399
1943,3.6900429579906793
1944,19.57511631472729
1945,11.44619534026127
1946,6.532454356564317
1947,4.941770791707517
1948,4.056453245824903
1949,3.8213972541271217
1950,3.730749717552399
1951,3.6900429579906793
1952,154.78430869405597
1953,68.51907458881408
1954,47.77218820741858
1955,45.00082503763322
1956,43.66028143530264
1957,28.61344764396304
1958,16.929182570505073
1959,9.521815795409326
1960,7.500509664374839
1961,6.034136223952128
1962,5.616238696609554
1963,5.454024228729784
1964,5.361767162756019
1965,27.36343795275042
1966,16.80116327855179
1967,10.978629448754216
1968,8.310855432723436
1969,7.019862773068879
1970,6.700428982011947
1971,6.393120509736933
1972,6.255652282815717
1973,16.853370538799236
1974,11.089533819015685
1975,26.54573673527605
1976,15.418521686359608
1977,8.789608737633106
1978,6.618169806153382
1979,5.246017704613394
1980,4.8593731411981125
1981,4.6684175733388855
1982,4.5772428698382
1983,2.6075157597502354
1984,5.901584178620429
1985,13.426071208309962
1986,10.617387182153685
1987,3.6064144987074784
1988,3.5608542536890537
1989,8.448870100439077
1990,7.093498052042375
1991,7.044631058254511
1992,37.124372272884514
1993,2.0717592079267892
1994,15.741913079043332
1995,7.813562881694471
1996,5.374926587932122
1997,4.762441485830399
1998,4.562436873178716
1999,34.5014914726604
2000,9.118635418003686
2001,4.232108045278218
2002,9.033086293679505
2003,25.645147607321366
2004,15.280736607668386
2005,9.136350168816962
2006,7.281451521516265
2007,6.118997714370819
2008,5.706310034994278
2009,5.559437251516046
2010,5.505552233633355
2011,2.2363097194448085
2012,2.1035999988125313
2013,9.462131328429788
2014,2.328324114502566
2015,13.932133484206224
2016,8.541512930274052
2017,22.987819340928198
2018,13.263675974637888
2019,7.215059490220675
2020,5.206110985683185
2021,4.1102256518146785
2022,3.8216992125776397
2023,3.6499299173550757
2024,3.6241039995159072
2025,28.354824970266854
2026,16.359524951049167
2027,9.10822969458276
2028,6.676726477005861
2029,5.2954884538712195
2030,4.879730090879194
2031,4.617171786826384
2032,4.496368020893693
2033,23.57687508382563
2034,13.180946250108939
2035,7.070189433619269
2036,4.930406740230717
2037,3.6525967596163884
2038,3.3788796776435266
2039,3.233967672082542
2040,3.122254779921776
2041,11.647558446995268
2042,28.530894599206572
2043,6.494217780942506
2044,2.4578562831035375
2045,9.51130880600149
2046,28.875952759508312
2047,16.868804136590995
2048,9.819474688018765
2049,7.5834325749017735
2050,6.1746370779633395
2051,5.774551495030219
2052,5.556335829317334
2053,5.454749025763612
2054,9.810536685711082
2055,2.176948499355538
2056,2.0778175360730904
2057,2.0433747923690397
2058,2.0218826806452928
2059,5.416975597038084
2060,22.243533226015444
2061,12.53900145884409
2062,6.799767369422566
2063,4.857876231954898
2064,3.717115562210627
2065,3.4205513342915816
2066,3.262624850732445
2067,3.183168355476478
2068,21.889646950128345
2069,12.20227899959152
2070,6.436775775912056
2071,4.499531896438843
2072,3.3606334041935284
2073,3.080411011080252
2074,2.925697390562993
2075,2.8382465101118957
2076,5.018731230594367
2077,119.15112086909461
2078,21.74153824448042
2079,12.110625739066283
2080,6.340117212816979
2081,4.429343937635323
2082,3.2757560181691714
2083,2.956918412291624
2084,2.8111338848867713
2085,2.729900896683752
2086,21.91658283065862
2087,12.006634164454763
2088,5.88199694710183
2089,3.875587763401067
2090,2.6393194158030457
2091,2.3344269153934367
2092,2.2121095279413683
2093,2.1069563660318327
2094,9.760532169086206
2095,31.268839976598304
2096,18.18506247155093
2097,10.54477245549551
2098,8.003169905500929
2099,6.058032653317154
2100,5.494111093963484
2101,5.10864438688646
2102,4.996897592035615
2103,2.7977324789887117
2104,9.031157033897593
2105,6.334100100193208
2106,5.121832993927999
2107,4.486008911957072
2108,22.358753410759057
2109,12.754722813234855
2110,6.769025878293183
2111,4.914279804822951
2112,3.75099449045054
2113,3.388798225918186
2114,3.222643910109701
2115,3.146313793842184
2116,22.03415356499502
2117,12.499829019169013
2118,6.667614152394667
2119,4.821023949227192
2120,3.685107375485493
2121,3.3458415131821826
2122,3.19794049887128
2123,3.0992993858488704
2124,11.882911806751878
2125,8.057397918473315
2126,6.729513635765888
2127,4.873480642987538
2128,15.291168647811022
2129,7.790895402362091
2130,5.827881761470563
2131,4.468124665467734
2132,3.9478348588797956
2133,23.16534564164552
2134,13.24178399424995
2135,7.397710135599583
2136,5.558450292676854
2137,4.371156162276346
2138,4.083026042085933
2139,3.926532222375034
2140,3.842075884660745
2141,22.808059941326192
2142,12.94971903503631
2143,7.167433752262578
2144,5.3201339565566865
2145,4.147705095058604
2146,3.8508603520375306
2147,3.6950153154076424
2148,3.626465218391311
2149,22.455287367161844
2150,12.619807793744835
2151,6.77317805253541
2152,4.996917275866662
2153,3.847037431330362
2154,3.5636923186831955
2155,3.4044903723120536
2156,3.3229267705126517
2157,22.455970413766984
2158,12.676817511203113
2159,6.883672948393633
2160,4.937252444069937
2161,3.769223437476483
2162,3.4706730366529506
2163,3.2955489929606174
2164,3.2247908940320236
2165,23.401777085660573
2166,13.559388203362293
2167,7.622330291619349
2168,5.596872951605407
2169,4.344585872296075
2170,4.039951982104666
2171,3.8490988728793183
2172,3.7564116100324054
2173,27.48618004484015
2174,15.58608750416422
2175,8.647670600558378
2176,6.317512867049124
2177,4.819265629713419
2178,4.5070945695698
2179,4.290502682509388
2180,4.142401245082137
2181,33.242215251977285
2182,20.84562958883693
2183,13.913171755029882
2184,10.818792261869309
2185,7.2733404391481695
2186,5.939991920599922
2187,5.414555479851866
2188,5.359352026463787
2189,73.32079257342664
2190,27.117012562500175
2191,16.102643812265125
2192,9.235922151593684
2193,6.983435229408357
2194,4.988478362296733
2195,4.402530184402426
2196,4.233698645519049
2197,4.1669517042472926
2198,22.35224823532569
2199,12.65455401480498
2200,6.801585158964829
2201,4.8942296975659465
2202,3.7367069134841024
2203,3.3769861226365667
2204,3.2293708083320274
2205,3.135494460760393
2206,22.545311359453912
2207,12.733116540809249
2208,6.931847772150549
2209,4.995415244447656
2210,3.695605851609329
2211,3.3310828145534126
2212,3.1737129558069075
2213,3.099484293547905
2214,12.797698460053393
2215,22.415721103556326
2216,12.855119212160538
2217,6.829255607621913
2218,4.836635093586743
2219,3.7431721884056413
2220,3.427998727043672
2221,3.2670097236247324
2222,3.1741784917887594
2223,21.462048745813817
2224,11.979199706117267
2225,6.273147800953668
2226,4.348290763375125
2227,3.2082422220210907
2228,2.8820044860548846
2229,2.7423275582700835
2230,2.6448588714291303
2231,28.961102205295806
2232,6.0482522906643625
2233,1.745531269077441
2234,22.010591028985242
2235,12.053883476034787
2236,6.5327264426111
2237,4.748968745084105
2238,3.5985660003414903
2239,3.322265124477657
2240,3.177774290735372
2241,3.037315930587588
2242,8.995848018161672
2243,9.011452685889404
2244,249.00514015429513
2245,14.736797395043178
2246,11.906271166444524
2247,9.950937094896332
2248,8.924850571346653
2249,30.28184800773663
2250,22.697330343248456
2251,17.05830452910763
2252,12.087425321812244
2253,26.051719471708303
2254,15.114055586732277
2255,8.59416276010652
2256,6.240915518539105
2257,4.980006418971076
2258,4.576382418160031
2259,4.45534718804894
2260,4.391841498028106
2261,28.832321395762158
2262,18.943258760297557
2263,12.119838873311542
2264,9.195806606827587
2265,7.803825270866039
2266,7.433507923598273
2267,7.304914505729824
2268,7.241890575545243
2269,5.6285122549819775
2270,4.260622125324199
2271,3.8698100086942193
2272,3.848223784819891
2273,22.182680999199953
2274,12.334600609053183
2275,6.481571043061178
2276,4.558452345051145
2277,3.360530452781341
2278,3.0787304801337116
2279,2.923295743423286
2280,2.838774981342335
2281,7.629057269062258
2282,9.605859832914046
2283,37.921611471880404
2284,12.855919189109741
2285,8.092229587377599
2286,14.51982323412681
2287,7.004785195668998
2288,5.788463125791161
2289,4.965225347354069
2290,4.051229803242526
2291,68.15096946222522
2292,5.8180199404565505
2293,22.7108950825235
2294,12.902837489152848
2295,6.9242100991773965
2296,4.776649299301321
2297,3.4052417288300014
2298,3.157820589537273
2299,2.9583517186767905
2300,2.90646599321357
2301,16.131357516571008
2302,18.001424813617504
2303,16.554567561381205
2304,22.546302425020766
2305,12.836935625579942
2306,7.058808122742601
2307,5.147819106617188
2308,3.9555599708682534
2309,3.6709917385169586
2310,3.5204598440819153
2311,3.434845693110236
2312,22.535489331592164
2313,12.827738054873327
2314,7.046070261485561
2315,5.113126923933395
2316,3.928329265530406
2317,3.6407131279011558
2318,3.4937032784743223
2319,3.4099359188554885
2320,21.388946353966013
2321,11.864973504746324
2322,6.129951413451502
2323,4.272762419246267
2324,3.1307918744706287
2325,2.8185118511988074
2326,2.6607466425212376
2327,2.5869734982443227
2328,21.534467034509674
2329,11.834018500337859
2330,6.141872730857002
2331,4.178853452789692
2332,3.0613710433005252
2333,2.6486527720935826
2334,2.526070017604254
2335,2.4507864717143253
2336,4.497269852979588
2337,3.955677920987646
2338,5.21830845970768
2339,8.896230166995135
2340,7.019690017254393
2341,6.419260585598559
2342,5.512419577771886
2343,26.396225551376155
2344,23.353654737517058
2345,12.75196086886621
2346,6.828522479529358
2347,4.822757925247536
2348,3.6994753718892843
2349,3.3736598230026873
2350,3.238134504485619
2351,3.1551350619531595
2352,22.24060402352786
2353,12.62758836221295
2354,6.862883616030485
2355,4.9364102730485095
2356,3.8138248379759614
2357,3.4916204936854958
2358,3.3492292035401774
2359,3.2612398851285227
2360,21.760798071879435
2361,12.165300217811922
2362,6.394163925381337
2363,4.483646059188823
2364,3.3360512825248
2365,3.0500728385408156
2366,2.900053063489133
2367,2.8142755384790594
2368,21.57209711032961
2369,11.959382176319583
2370,6.200009557274344
2371,4.304047775541892
2372,3.132614373042465
2373,2.817986225948186
2374,2.674598622213347
2375,2.5882185167631615
2376,9.790257094835614
2377,42.670232155107065
2378,29.265001325932197
2379,17.444561090625193
2380,10.490181000881298
2381,8.207037265148928
2382,6.7881435342964584
2383,6.385500652217193
2384,6.248639284083486
2385,6.1092788569958
2386,25.06921652993355
2387,15.1754407801655
2388,9.283190114776147
2389,7.111382221179246
2390,5.7752727330003415
2391,5.438072501734114
2392,5.3049814422414325
2393,5.2222691067681595
2394,28.72997886746462
2395,17.238179530242917
2396,10.115171906302775
2397,7.686006528603238
2398,6.3564855121723
2399,5.962189520475786
2400,5.878377675961054
2401,5.746318204895944
2402,28.976955333185828
2403,17.234881311071494
2404,10.27527782256541
2405,7.862653826771126
2406,6.48543050148938
2407,6.089144718856817
2408,5.891832260068849
2409,5.806817404248644
2410,27.026122983811575
2411,14.532417152292187
2412,7.6022724957186245
2413,5.301156554676369
2414,4.132559415557489
2415,3.8164435881205914
2416,6.064704368221159
2417,4.987991848277524
2418,4.877712799582371
2419,4.390687852013282
2420,4.155864475843588
2421,199.68988311045806
2422,103.29628383901296
2423,73.62296017323717
2424,62.46974453524128
2425,47.703330684979804
2426,22.191359931395027
2427,12.616155946121754
2428,7.075796780185238
2429,5.103467047843415
2430,3.8441906447440437
2431,3.5227262535439765
2432,3.3954601215535956
2433,3.3447970442072323
2434,28.880598084900974
2435,16.894079737129413
2436,9.647481114395184
2437,7.600035260924556
2438,6.035724147314381
2439,5.6978168743988595
2440,5.499378550958674
2441,5.3881842656305565
2442,4.230859093771432
2443,30.57923792085029
2444,18.335427196066597
2445,11.175178602237015
2446,8.645693981823726
2447,7.043960564456644
2448,6.523103271424704
2449,6.255858174282757
2450,6.119471084086252
2451,111.78317758802007
2452,9.775461608912256
2453,12.599783447407214
2454,7.086397373024495
2455,29.822089963929653
2456,1.5996526790022583
2457,73.04957482109408
2458,49.79242906587176
2459,46.07223213265847
2460,27.06391729538183
2461,3.8389368182045684
2462,23.507375001263323
2463,8.845712096935037
2464,5.266351657454023
2465,3.313426083388923
2466,3.056749683505079
2467,2.840024249257222
2468,4.5431108115133645
2469,4.906198506462542
2470,5.105859954369621
2471,32.09091709964797
2472,22.258413535677875
2473,12.58341011078701
2474,6.860927476555268
2475,4.991916692128214
2476,3.843453736443513
2477,3.525777744918504
2478,3.3893123946332175
2479,3.3067648823569398
2480,21.946086993159817
2481,12.343388294367637
2482,6.576519982248718
2483,4.689457928699146
2484,3.546112150323899
2485,3.2541456647250433
2486,3.106181234535228
2487,3.0155701648668503
2488,22.308367488427542
2489,12.71128639362502
2490,6.9976539064713785
2491,5.058942363487262
2492,3.9205732460469114
2493,3.588447369087817
2494,3.4532633038348797
2495,3.3722163399619767
2496,21.564778657382348
2497,11.920462826573988
2498,6.164722334496595
2499,4.267856659731959
2500,3.114038574012196
2501,2.790895462592003
2502,2.6358181134789467
2503,2.552084474427124
2504,66.49735721839859
2505,27.513129556509718
2506,17.427305105361604
2507,14.000077661708545
2508,11.77608323088173
2509,22.84491043381154
2510,13.06954680509135
2511,7.3407178710742205
2512,5.4672216941959455
2513,4.296115690101967
2514,3.9633833342713083
2515,3.8305328334025517
2516,3.76565575533048
2517,21.69891933958789
2518,12.008391819366091
2519,6.251043586029601
2520,4.3256904425568665
2521,3.1853251690614486
2522,2.8769217042676036
2523,2.7339951520604737
2524,2.650887176297086
2525,21.930829607386016
2526,12.337366972022004
2527,6.634635202618843
2528,4.7209838709745195
2529,3.5237634446383894
2530,3.2336206914308523
2531,3.0834278503360832
2532,3.0031225882420673
2533,29.074067258082362
2534,17.373483936652093
2535,10.442937031149725
2536,8.01994017910513
2537,6.436007272578518
2538,6.014440787715942
2539,5.803677326277748
2540,5.700534346081529
2541,28.59222338194891
2542,17.066265825440183
2543,10.328963968886956
2544,8.0923183445444
2545,6.551722187849597
2546,6.138722062749249
2547,5.888469244577948
2548,5.81462069159979
2549,4.842844941718487
2550,17.991509097737854
2551,9.427386702096308
2552,5.083250177309603
2553,3.81130867173193
2554,2.7297110496455437
2555,2.424331816820328
2556,2.323580253201082
2557,2.2492864361191445
2558,15.355171067309607
2559,9.22057684600861
2560,8.02361537314591
2561,5.76106245181818
2562,5.138056000025694
2563,3.8853978729690946
2564,13.308444834180841
2565,7.6714600766569765
2566,6.167758458730514
2567,5.597491767920845
2568,4.18570543727661
2569,4.0994319151682905
2570,10.611868789658985
2571,8.488874784423908
2572,7.400120157762075
2573,6.503560892279114
2574,10.502267926936767
2575,8.534439809380501
2576,7.418714420726013
2577,6.499865961123157
2578,9.502607807312465
2579,15.686516924753658
2580,39.13435850757231
2581,24.079294456759154
2582,16.58206007172226
2583,15.943468061918288
2584,14.286899869737022
2585,3.5483597286593946
2586,9.671821900798827
2587,5.474706656750861
2588,60.40665691578377
2589,34.25254663173067
2590,25.993058437283622
2591,22.864947339368555
2592,15.513539503899576
2593,23.68123452757805
2594,12.946907405461136
2595,6.863212142903563
2596,4.764017583982849
2597,3.4842164071384794
2598,3.2473815976460143
2599,3.0961257728932385
2600,2.9298643792254024
2601,21.835173749426165
2602,12.183724957012878
2603,6.427940145619498
2604,4.49554250821914
2605,3.3423264172858715
2606,3.0378046421532554
2607,2.8781208657861335
2608,2.7679636444427955
2609,21.73742893953618
2610,12.19086861311295
2611,6.433832249284586
2612,4.516939785510038
2613,3.3690910894620876
2614,3.043733337014857
2615,2.879362532630627
2616,2.8038176248802804
2617,21.804859747397494
2618,12.214873235818434
2619,6.487622983908604
2620,4.568651626277062
2621,3.412515739389354
2622,3.0667535255158827
2623,2.899454177693708
2624,2.814305568763105
2625,23.70277667942887
2626,13.320480720726142
2627,7.004155719274059
2628,4.887658684508566
2629,3.6629189238537148
2630,3.282645354272472
2631,3.127434807766087
2632,3.1151797786374087
2633,23.86919495162157
2634,13.509209869461984
2635,7.022910529660429
2636,4.8635847451295815
2637,3.649770243473929
2638,3.315818153672529
2639,3.132897280894939
2640,3.0931417344881624
2641,23.155550177932664
2642,16.48058473591478
2643,12.837039296042994
2644,11.327695650542903
2645,19.675655747776595
2646,4.544642177321368
2647,21.920630637285562
2648,12.162741547013653
2649,6.208077955051698
2650,4.258375185610598
2651,3.1043854793258774
2652,2.7847527929246896
2653,2.6451840689043955
2654,2.557390736503721
2655,7.987338253527463
2656,16.091847952417588
2657,13.550077078804756
2658,15.792746937129031
2659,10.411717008673234
2660,2.2398036473199427
2661,2.243027845387598
2662,24.426092771719322
2663,13.668230945716314
2664,7.195598444488878
2665,6.492247470257588
2666,4.983100640843112
2667,4.744191202399756
2668,4.629496575751535
2669,22.026460186899026
2670,12.257221422709566
2671,6.348506250702816
2672,4.342988050782357
2673,3.0830320931535544
2674,2.743508635736913
2675,2.5883116446536647
2676,2.5520129559640217
2677,9.38012129813943
2678,28.138846758890004
2679,16.36099318155115
2680,9.218546971157012
2681,6.907737340294999
2682,5.4992173974411935
2683,5.075727003640805
2684,4.897041004894598
2685,4.8118448788012245
2686,19.380393219972277
2687,27.200041157492727
2688,15.309291322761558
2689,8.086864792973621
2690,5.824475401966971
2691,4.395372798612749
2692,4.052350312639175
2693,3.844550477912519
2694,3.6440540061232998
2695,29.4990969518326
2696,17.692168664654318
2697,10.347103384331684
2698,7.612543955149804
2699,6.0160175450466635
2700,5.6282442182582075
2701,5.483038288506592
2702,5.352540401355294
2703,30.63873021148156
2704,7.054957624799139
2705,1.4939937721174341
2706,2.707856279645628
2707,9.074368518240577
2708,3.9008394215195388
2709,39.619581832665496
2710,20.608319226440923
2711,10.448138873288988
2712,6.640463049402082
2713,4.793233142574814
2714,4.150392816747711
2715,19.37483348149061
2716,10.550458369590322
2717,5.425465312903913
2718,3.932730584327545
2719,2.8845075533772198
2720,2.6096435062248386
2721,2.4601132437557225
2722,2.388492899838253
2723,2.914602351371145
2724,17.17022372360098
2725,7.853672669843144
2726,7.470947788424095
2727,5.525337136558894
2728,5.000435624440937
2729,8.34694789068908
2730,2.502765837230501
2731,3.625863140231556
2732,6.96001933783061
2733,6.331943203048048
2734,4.964354604186621
2735,21.294968958829383
2736,11.664590677457435
2737,5.809442204494511
2738,3.91997360267775
2739,2.751918149680845
2740,2.419858309267489
2741,2.2871563534204857
2742,2.201027242642274
2743,13.233078510243683
2744,9.12451318335346
2745,8.019300977540375
2746,6.042852173410889
2747,8.26066579615944
2748,5.263205091017525
2749,2.3346838207430056
2750,3.205002369942684
2751,6.426882619413943
2752,22.19499546436368
2753,12.504725462009084
2754,6.649816814625896
2755,4.657895292876601
2756,3.4857899523821696
2757,3.1941030078117834
2758,3.042441235114291
2759,2.9455446734598034
2760,22.771700792903797
2761,12.840280701335491
2762,6.876450114208734
2763,4.9321322197725115
2764,3.679583663081898
2765,3.3415057300907947
2766,3.190204878030334
2767,3.1076377449328443
2768,24.72882902642906
2769,12.57582023830675
2770,9.972698853801992
2771,7.9453486081590246
2772,21.955797090785808
2773,12.322680198497617
2774,6.505656540101019
2775,4.527928079069389
2776,3.395374475986409
2777,3.073763490982497
2778,2.9157920562458886
2779,2.8392901896887888
2780,34.154570814532505
2781,21.159765642426542
2782,13.78997958145578
2783,12.03606131457877
2784,11.07091877633611
2785,10.454694776333255
2786,10.164201636338339
2787,9.989106815244696
2788,22.01980079085092
2789,12.283282602966494
2790,6.5230908761611275
2791,4.563526857922939
2792,3.3758262539936696
2793,3.0488910810136884
2794,2.9269507889536612
2795,2.8142210672314896
2796,35.535011618518006
2797,22.107689052097037
2798,12.511171095564757
2799,6.783069208286849
2800,4.87709348966365
2801,3.706692983862205
2802,3.396693494965903
2803,3.2511887503801673
2804,3.165222938290606
2805,22.282173712989714
2806,12.591994196688042
2807,6.893819779675127
2808,5.0089999581713744
2809,3.8310563284761243
2810,3.508686520118317
2811,3.3688076834388383
2812,3.2873631531620657
2813,22.152938797619534
2814,12.353578707252591
2815,6.437123023654532
2816,4.441647714385771
2817,3.287034286999945
2818,2.9329138289291947
2819,2.7968725800802785
2820,2.7378387780781366
2821,18.57974858386732
2822,17.797934983424888
2823,21.024572281500426
2824,11.68763053869031
2825,5.7778432794312975
2826,3.853257944435366
2827,2.715181321952771
2828,2.3904099693598853
2829,2.242025147458319
2830,2.2091659873894773
2831,24.08890927506152
2832,13.47108058620096
2833,7.179533088689846
2834,5.104106051459295
2835,3.834726324603187
2836,3.506298028446416
2837,3.350206471439989
2838,3.2531517943621844
2839,22.07691409167385
2840,12.457843195999715
2841,6.645197664752824
2842,4.695953494796037
2843,3.5047390028939347
2844,3.1821893996621773
2845,3.0077716850184126
2846,2.9352446250799797
2847,21.741331978200762
2848,12.07485382435505
2849,6.370889740860993
2850,4.4560744597763575
2851,3.282463391461825
2852,2.9184956556356645
2853,2.752820747724665
2854,2.7248685987520993
2855,12.914073774450296
2856,11.192437530805034
2857,8.407811860176738
2858,8.052260984211848
2859,7.674437751237288
2860,6.712119472493443
2861,5.439679826229343
2862,4.6043454488789415
2863,4.001285575440669
2864,12.268361941914948
2865,7.903975173110021
2866,4.723903471248958
2867,4.143885247478225
2868,3.074529563599671
2869,2.7438408599143584
2870,2.1635850349583423
2871,28.538922795578365
2872,6.701219967334541
2873,2.606152584499431
2874,29.608049152721584
2875,6.771583368522408
2876,2.767040697226632
2877,2.73792268635576
2878,16.64687781748328
2879,40.8353391137068
2880,5.903670459187065
2881,34.41463087364443
2882,20.300235218734677
2883,12.582411010996507
2884,10.237412663739942
2885,8.115140081387189
2886,7.470114931825349
2887,6.844752030985235
2888,6.8840473303036065
2889,31.599294168134413
2890,20.528667421939645
2891,13.517489139630428
2892,10.543321296928166
2893,9.133830547385083
2894,8.754436874116019
2895,8.564573640651238
2896,8.486133054565027
2897,24.254778576417504
2898,13.494647228697984
2899,7.079113452621116
2900,5.024066145763226
2901,3.7162141617018207
2902,3.380877734590718
2903,3.186170285473412
2904,3.0317973391563084
2905,27.52826647154636
2906,15.475695902966033
2907,8.291657967308954
2908,6.237458327992954
2909,4.635464548923717
2910,4.322239523036897
2911,4.024178771551752
2912,3.8488051230102016
2913,27.692971239707507
2914,15.574442955881667
2915,8.363292495643776
2916,6.2754179935537024
2917,4.676695566496168
2918,4.348681077351034
2919,4.0897520778714185
2920,3.9349350715374305
2921,84.36480393908955
2922,61.67147749390361
2923,42.137701873076225
2924,74.94188503711115
2925,34.937381779713
2926,16.228785838672977
2927,6.539978391719586
2928,4.9834424369443795
2929,4.115202366707013
2930,3.69272568838818
2931,18.643116864747928
2932,10.863938377517224
2933,7.666426244590875
2934,7.000207917526521
2935,4.827232116753083
2936,120.7780583806442
2937,88.90997853094494
2938,73.9827225955534
2939,59.70482821073219
2940,17.93153138094918
2941,43.74373669423396
2942,21.423389157011435
2943,16.257803502526787
2944,30.799182387295303
2945,3.513446770928341
2946,6.441021771241916
2947,22.724578651490262
2948,16.57257846494488
2949,13.429807172248317
2950,10.6994499631169
2951,10.226088850234671
2952,35.853586878685945
2953,23.46033084967847
2954,30.67522078232098
2955,112.51034578467554
2956,9.309028855067108
2957,23.222130935840998
2958,751.6184631062044
2959,11.597594373981357
2960,10.841740135041977
2961,9.020646650978764
2962,25.298582989881865
2963,15.152796656627723
2964,8.943821057752409
2965,6.851448956775685
2966,5.68835842918199
2967,5.28988607473282
2968,5.141637166960594
2969,5.063898366987527
2970,141.8200217193606
2971,134.5895075007403
2972,18.02622699766463
2973,10.029572638652825
2974,10.155220365234253
2975,4.692398375022883
2976,5.141542690407186
2977,2.971466369215415
2978,4.023824522936313
2979,6.177484030940974
2980,12.050481341617058
2981,22.597784972675797
2982,12.463549362795295
2983,6.834758573729398
2984,4.760913399741229
2985,3.5252113574696526
2986,3.2726092358884085
2987,3.1122205110715795
2988,3.0003530632672915
2989,26.41044213624371
2990,14.862819563698409
2991,7.8439204696389515
2992,5.691698022554086
2993,4.3250344840427415
2994,3.9380925573894285
2995,3.7146337068561146
2996,3.5583303875429357
2997,25.667066584780386
2998,14.54918523448044
2999,8.246677305465253
3000,6.121392773798604
3001,4.628111789631425
3002,4.371312861075662
3003,4.263035071069981
3004,4.041005095975563
3005,27.601864755724254
3006,16.593886188163516
3007,9.872245921857584
3008,7.49122112976456
3009,6.126966711481743
3010,5.745578275929951
3011,5.555584531220267
3012,5.464113909960302
3013,25.09015283267283
3014,14.216668310470283
3015,7.915978038280526
3016,6.054830216433141
3017,4.792155294588275
3018,4.444982055165615
3019,4.2322998111246255
3020,25.449720565833086
3021,14.477854675667984
3022,8.062031913107106
3023,6.168095747509466
3024,4.8631406036461335
3025,4.512107908057961
3026,4.297747384262164
3027,14.946604579532679
3028,118.4212531269115
3029,75.9967138602064
3030,62.164438170079045
3031,41.68058422589838
3032,42.367417563238774
3033,43.365748995184845
3034,10.827173119384511
3035,53.222018613593555
3036,46.751764937850155
3037,41.804044282408796
3038,34.58844122240241
3039,17.255629949817862
3040,9.504925982215347
3041,5.112986363770117
3042,3.3661239572268578
3043,2.3107260383097814
3044,2.0886012480623846
3045,2.041219042932707
3046,21.138997742722513
3047,11.550295416099132
3048,5.685057433165828
3049,3.675856213085104
3050,2.48056548085669
3051,2.2016199853035747
3052,2.07470882206266
3053,2.011970485715114
3054,38.31014238092341
3055,11.360629480350209
3056,28.575552602375918
3057,16.767486449395896
3058,9.996169606950094
3059,9.150186853935029
3060,8.50657493502079
3061,8.093752067292884
3062,7.819718853539391
3063,7.732960416831826
3064,9.852931710394984
3065,2.69399849575646
3066,2.664215506334816
3067,2.4916316191998966
3068,2.297728051446136
3069,21.349687140041997
3070,11.751627672534106
3071,6.007700488876378
3072,4.076281558695436
3073,2.948605676177329
3074,2.623192120838529
3075,2.4878000553764363
3076,2.394022633101206
3077,17.32029211755357
3078,21.05486842687001
3079,11.50145016892776
3080,5.676624237074511
3081,3.668846054141652
3082,2.4766535906822584
3083,2.1995854438203297
3084,2.071148914292018
3085,2.0032471483411793
3086,22.599696804164708
3087,12.738534004793852
3088,6.881575619380504
3089,4.7650707879849685
3090,3.389351723672912
3091,3.1339113605125495
3092,2.9443693332859557
3093,2.881657093800733
3094,10.980222262989656
3095,28.172016266420005
3096,15.94195016716667
3097,8.948200419404216
3098,6.741731166116693
3099,5.3557484498172
3100,5.0643458609953775
3101,4.87646389353263
3102,4.767870246172833
3103,10.185526821528018
3104,9.923781382811349
3105,20.670461525157716
3106,10.30049345062971
3107,5.054501905057935
3108,3.2641666016560906
3109,2.2274009744875336
3110,1.945474387716235
3111,1.8346574351505915
3112,24.398655642252137
3113,23.68069703748899
3114,13.318661931602318
3115,7.145650098269009
3116,5.035382981118891
3117,3.7419429098574954
3118,3.440443323869796
3119,3.301543989806818
3120,3.20310545717453
3121,21.302472861304125
3122,12.03848813173898
3123,6.41246082144337
3124,4.47813373122343
3125,3.298974072886638
3126,3.015380200579283
3127,2.862704150913752
3128,2.7897348203432357
3129,23.78645541588921
3130,13.286695605153106
3131,7.075519371971054
3132,5.013548467454154
3133,3.746124460258665
3134,3.391013638300418
3135,3.2578151921034313
3136,3.2047028980223766
3137,21.96049069867712
3138,12.20880826420916
3139,6.432166493069442
3140,4.469284725586233
3141,3.280141072705905
3142,2.9835494107344496
3143,2.833513612505317
3144,2.7507669368577274
3145,28.732714381532446
3146,16.98277972589655
3147,9.96279880647971
3148,7.59139215804087
3149,6.20439339475141
3150,5.797221601494394
3151,5.643874294861862
3152,5.539216158370397
3153,18.10901913214369
3154,22.186949638713678
3155,12.453585907496194
3156,6.669860933607002
3157,4.6217697867006216
3158,3.5000018940281734
3159,3.1275515417773168
3160,2.966115584036976
3161,2.931947840289406
3162,2.187408297611036
3163,6.795896832487799
3164,14.874670767601208
3165,8.623439974581453
3166,45.371875873920644
3167,23.03329416464983
3168,13.196025561249058
3169,7.370167143262432
3170,5.5638649269505365
3171,4.3853372147821
3172,4.115332036291244
3173,3.960011344522746
3174,3.8827968709584004
3175,23.006346687258137
3176,13.088930450452871
3177,7.2836916241545095
3178,5.357923076384364
3179,4.207499932515503
3180,3.863419711462938
3181,3.709159888868733
3182,3.6445804000498536
3183,23.390766197730763
3184,13.455581647692219
3185,7.750073242774578
3186,5.948517414777724
3187,4.864420201939158
3188,4.444512032840946
3189,4.301510384332821
3190,4.231161110514456
3191,7.047098042575383
3192,4.7746711885701725
3193,9.679235062112976
3194,2.4560471965219834
3195,3.3121566538173486
3196,2.91430850600379
3197,22.659423687821786
3198,13.00471531644709
3199,7.192015793252387
3200,5.219025280239574
3201,4.037831269272018
3202,3.714442405523154
3203,3.612321936258213
3204,3.56037844115874
3205,21.54519609067927
3206,12.032248802769196
3207,6.3628572675449
3208,4.454956083287627
3209,3.3062350657385355
3210,2.9688770109377565
3211,2.7984687000619988
3212,2.7622299771984067
3213,22.53613338866517
3214,11.93376626324229
3215,9.216982315635047
3216,7.36592561040068
3217,6.177803299800098
3218,38.36984894438118
3219,18.492594867438672
3220,12.31437638533019
3221,21.54519609067927
3222,12.032248802769196
3223,6.3628572675449
3224,4.454956083287627
3225,3.3062350657385355
3226,2.9688770109377565
3227,2.7984687000619988
3228,2.7622299771984067
3229,9.885675490832915
3230,13.81563565740774
3231,7.825980344315364
3232,94.31653038991163
3233,5.851531179453899
3234,4.770865162042267
3235,4.451849134055447
3236,3.890282646949224
3237,23.997497634472936
3238,14.131265413818426
3239,8.296210908566158
3240,6.48559324293946
3241,5.342223795169363
3242,5.018645953508349
3243,4.852147312354201
3244,4.765089707001667
3245,24.134641842163244
3246,14.184750706198436
3247,8.322764263015769
3248,6.49827800810059
3249,5.357562839768652
3250,5.033244202196947
3251,4.87008856663142
3252,4.7889959172575285
3253,24.842974188110016
3254,15.045623566273683
3255,9.262515807300412
3256,7.289960081447528
3257,6.112486624382754
3258,5.857484388948975
3259,5.69710607329954
3260,5.594921581495753
3261,4.612610178657581
3262,21.600431025010785
3263,12.113965322818828
3264,6.3872837226969885
3265,4.476013790781871
3266,3.318095894873336
3267,2.969607117504597
3268,2.838353267634119
3269,2.7377845706568418
3270,32.635900133062194
3271,20.081237128489395
3272,12.437809669147597
3273,10.181963556166423
3274,8.698541003148481
3275,8.260700083301824
3276,8.051873994170629
3277,8.08121309875462
3278,12.745447771560471
3279,13.301959229330496
3280,9.798841886080588
3281,8.532231110630963
3282,7.555489402076685
3283,35.98711349294863
3284,21.807577702792532
3285,14.728727698112905
3286,12.370342970688943
3287,10.646530834095635
3288,10.04308365592943
3289,10.068560080401404
3290,9.769986936910104
3291,3.1960301402104845
3292,91.20156534386685
3293,106.53221605302603
3294,99.0246693182736
3295,109.0661085183063
3296,72.20568474407058
3297,43.14977655726081
3298,34.03550501417256
3299,27.921169789875016
3300,20.33784615205027
3301,24.788891397924633
3302,7.881879636375654
3303,6.860964656557861
3304,452.94292297721995
3305,269.3675849894898
3306,183.91783224973375
3307,155.43932735833027
3308,130.44391815832634
3309,3.6660994526180937
3310,22.27423559745138
3311,12.73539268823886
3312,6.725327963477707
3313,4.553298940145421
3314,3.3700979825907624
3315,3.027198585075063
3316,2.8566128005886395
3317,2.7683317516617905
3318,13.276922420662556
3319,7.891328545499812
3320,6.321345966664641
3321,4.8998548610666255
3322,3.8826999631699035
3323,3.207958295551365
3324,12.51691947917368
3325,6.0530940307334795
3326,4.638993723265635
3327,3.691576320288061
3328,3.100059099935205
3329,15.21705096516704
3330,12.366575257676999
3331,10.33617904797573
3332,8.278684008789448
3333,108.56600694789708
3334,11.693526160509059
3335,9.677551673992282
3336,8.895942325774998
3337,25.01711763420506
3338,14.264776627166475
3339,8.11698581377396
3340,6.308701935992089
3341,5.2236270606675195
3342,4.805466342500797
3343,4.630529078314309
3344,4.552312571569077
3345,25.55616835319957
3346,5.977620215807125
3347,2.262531943313556
3348,3.530222300766845
3349,8.48283819021144
3350,10.564381952127814
3351,9.516515926028314
3352,8.726447364296547
3353,7.858841775934208
3354,10.700884178032265
3355,7.518528794033481
3356,26.470210423089732
3357,15.191430314302968
3358,8.400511412947562
3359,6.022928528633118
3360,4.695447541175637
3361,4.285803662547894
3362,4.091114767354407
3363,4.013876950846743
3364,28.6767148476186
3365,5.655767579863921
3366,1.5264379769196754
3367,38.596049497020275
3368,23.553913086128425
3369,26.850673683159542
3370,17.186527197284615
3371,15.498021818416577
3372,11.292345505598767
3373,10.121596740551308
3374,6.329903498226338
3375,16.090055308384464
3376,23.627148963022766
3377,26.239301809630415
3378,16.127432211371104
3379,9.7980719530501
3380,7.725408879105075
3381,6.473367366316013
3382,6.201797635923853
3383,6.051636542518934
3384,5.9540611970578325
3385,29.13164710470361
3386,17.32731374854019
3387,10.241919516104815
3388,8.250777598442665
3389,6.850060022733908
3390,6.4797359609030565
3391,6.293871254710048
3392,6.191472405574301
3393,30.183735943699855
3394,18.7570987710462
3395,11.79625501810538
3396,9.210423181000138
3397,7.672312455783372
3398,7.354200903241075
3399,7.177979270961102
3400,7.037146659788136
3401,29.08649417268645
3402,17.412880561764446
3403,10.345182072502542
3404,8.326763141808062
3405,6.812309316996775
3406,6.4891718010708255
3407,6.3296889028778285
3408,6.234385378942526
3409,30.84437236563766
3410,19.034564257674656
3411,12.038513899740279
3412,9.27249056714268
3413,7.617829219013096
3414,7.32543075635054
3415,7.100632383602753
3416,7.026461719663317
3417,21.199830613035466
3418,9.40387146629266
3419,12.816374630659968
3420,10.712093581501847
3421,27.67295322213117
3422,17.081305872570535
3423,10.361605632419922
3424,7.240640209144159
3425,5.970026184144692
3426,5.533667012908587
3427,5.382824197949246
3428,5.332219784764548
3429,31.953586727660984
3430,25.17346135712402
3431,22.653679215085493
3432,16.712103028073905
3433,16.78052014356217
3434,21.71893863399186
3435,12.12179967611843
3436,6.353953131324873
3437,4.450520299535992
3438,3.2922079369618453
3439,3.012831902473097
3440,2.8539828194403585
3441,2.7713829332756568
3442,12.37827656466878
3443,7.4207150895337985
3444,18.55052341878215
3445,9.923668730296592
3446,4.499185407916105
3447,2.8739703040504425
3448,1.913071746943987
3449,1.585847441844761
3450,1.461878101084896
3451,1.3839242300207142
3452,27.1257097823618
3453,16.96070417015318
3454,9.492072832871754
3455,8.132874971192752
3456,6.923069417628056
3457,6.3746567748774785
3458,6.129618625783803
3459,6.080783143282891
3460,26.966391394949383
3461,16.791256902915396
3462,9.323632621479458
3463,7.850278902842325
3464,6.582584616183696
3465,6.099654107557832
3466,5.8787135324356505
3467,5.833660594659591
3468,5.3316649360978
3469,22.527124146040265
3470,12.8185482198224
3471,7.034326601633101
3472,5.116564889876502
3473,3.957359134185563
3474,3.6788284365783936
3475,3.531915878967617
3476,3.445659193830536
3477,22.41737612737211
3478,12.682917188623193
3479,6.916134789637921
3480,4.975045832632228
3481,3.8053991313151276
3482,3.518587111805011
3483,3.367976047699695
3484,3.288341012356902
3485,22.725297251768144
3486,13.012195795539906
3487,7.268396776540403
3488,5.339748880802256
3489,4.166413137407837
3490,3.862095274504671
3491,3.726160637394157
3492,3.653072256844434
3493,21.731291145429598
3494,12.089955984282795
3495,6.328850798404523
3496,4.404202066949395
3497,3.247960358899704
3498,2.9266566296049565
3499,2.7740646263671245
3500,2.69317604884941
3501,22.15652354897116
3502,12.52025413413996
3503,6.785903848602128
3504,4.903797994772826
3505,3.744333488152882
3506,3.420848093170754
3507,3.2840506251411345
3508,3.2032974754995154
3509,20.42505247942746
3510,10.915076368247142
3511,5.126510692340391
3512,3.192770291421824
3513,2.1203386007254466
3514,1.813909673148026
3515,1.706899108744102
3516,1.6497836774858197
3517,21.746131724841597
3518,12.12187278884008
3519,6.356182834091459
3520,4.451934190191305
3521,3.299415441872998
3522,2.9711863975624793
3523,2.836270700159141
3524,2.748782284316033
3525,21.110573534947584
3526,11.616960901771371
3527,5.880238356551529
3528,3.981551622605377
3529,2.7947010592472257
3530,2.504046014302204
3531,2.3696340274620074
3532,2.280158374948508
3533,22.21128889582433
3534,12.506888028312432
3535,6.724594873307765
3536,4.781940047630947
3537,3.613016038745395
3538,3.3287466593577566
3539,3.1779341925848654
3540,3.07748343339597
3541,9.450888751375796
3542,14.26746575229397
3543,109.3489746059748
3544,91.11997041610863
3545,82.17118776099747
3546,74.70054256072294
3547,73.11726875276331
3548,26.51163421324285
3549,15.751928480796108
3550,9.449482620937435
3551,7.238661347690483
3552,5.945963160322879
3553,5.606111834969521
3554,5.446569260401964
3555,5.341626413108886
3556,20.865395850924166
3557,11.341036322544504
3558,5.616923952840995
3559,3.6808637413524323
3560,2.5352765652588376
3561,2.235809284431585
3562,2.1030899868413844
3563,2.0179177112214526
3564,9.65183280068521
3565,7.711038768571299
3566,6.719703270274082
3567,6.05592704293219
3568,21.767992299051134
3569,12.136312839893256
3570,6.405867852980691
3571,4.479297373952788
3572,3.3005321838937496
3573,2.9792706076007907
3574,2.8440078379540252
3575,2.7637842933636088
3576,27.610175438201974
3577,15.660277108594281
3578,8.605135069025037
3579,6.08984336119466
3580,4.761784184838001
3581,4.4061619486645185
3582,4.2305471299877855
3583,4.140405463201707
3584,11.97481224663776
3585,11.692963534862876
3586,6.730781167353475
3587,203.9885534683572
3588,132.48093074922502
3589,98.08529724173438
3590,85.52625591311948
3591,12.261108089097966
3592,30.248541024106103
3593,18.247709833323075
3594,11.588092821281545
3595,9.037815148009038
3596,6.769370575762467
3597,6.445053013674185
3598,6.2180292786516995
3599,6.213598061207396
3600,31.558474807709505
3601,20.75472621525811
3602,13.281620047650987
3603,11.110784492740667
3604,9.663894534312291
3605,9.278544543530925
3606,9.20867434783462
3607,9.142511897299057
3608,6.646122327399693
3609,6.905550560967439
3610,5.702770648105169
3611,4.7737442179842775
3612,4.366559258167159
3613,3.0185795294794793
3614,92.30682505652625
3615,9.91843048154762
3616,8.30211520313373
3617,7.846274284042099
3618,6.8697651792341174
3619,206.90144286377486
3620,24.012111978691763
3621,2.8658963489168783
3622,19.56351040197474
3623,11.076092663715453
3624,5.516905285270447
3625,3.6136682949464736
3626,2.5393532606007962
3627,2.276638217181718
3628,2.1144014473559785
3629,32.27653725091592
3630,7.860576868740112
3631,3.4783466369411147
3632,7.350866712005774
3633,23.18443193204757
3634,13.30492809726434
3635,7.65491946916012
3636,5.827854315601869
3637,4.6614039150801645
3638,4.3041326907680055
3639,4.143880139958282
3640,4.067005008083012
3641,23.233396612302005
3642,13.319838748739812
3643,7.588523573498454
3644,5.74371006015855
3645,4.60905762361199
3646,4.276569357439563
3647,4.111500683871419
3648,4.041733171694444
3649,22.866838474108008
3650,13.189263794637968
3651,7.481511569050042
3652,5.6242951035242275
3653,4.4795872669570675
3654,4.160431179107634
3655,3.9921157947213533
3656,3.923989226187601
3657,21.58058708018556
3658,11.968591743996708
3659,6.185792326498279
3660,4.280429978314397
3661,3.1271299561332504
3662,2.8082004304687502
3663,2.677070218717965
3664,2.5938707358353867
3665,26.460558409194707
3666,15.395121300265162
3667,8.767772178512782
3668,6.67866148512463
3669,5.281038304389833
3670,4.907239124907326
3671,4.753501406876304
3672,4.661251076568133
3673,2.419296360613393
3674,4.04797714501187
3675,8.855842391189046
3676,8.14985132804175
3677,19.20853446037918
3678,10.81060802955412
3679,9.481396629417192
3680,7.536124167187633
3681,10.62620303062662
3682,21.58186708457771
3683,11.926805778302413
3684,6.177786248527065
3685,4.271089653759821
3686,3.112456111700645
3687,2.791704888581958
3688,2.641055128367324
3689,2.5603916942499323
3690,20.191506867263044
3691,11.428074941230154
3692,6.178429176828786
3693,4.548595464336875
3694,3.4090680714043664
3695,3.1601991942901533
3696,3.048974064959951
3697,2.9579857351698227
3698,19.33935126963701
3699,10.52220733083308
3700,5.533968344110271
3701,3.88504473487554
3702,2.8737784279120158
3703,2.5542024254455016
3704,2.438222561688551
3705,2.376123108774914
3706,12.270740144527243
3707,29.16881247519124
3708,17.356324809291678
3709,10.169468036402098
3710,7.7851819496183925
3711,6.326569190495125
3712,5.953612073980199
3713,5.755947186065947
3714,5.657042866534157
3715,18.94203255825128
3716,27.314391928074016
3717,16.5049022866867
3718,10.59030158509732
3719,8.613288465870703
3720,7.475425228679795
3721,7.113712598953706
3722,6.975575160311156
3723,6.858212121471384
3724,29.45655529961222
3725,17.53652324258057
3726,10.160414885836838
3727,8.147137750201194
3728,6.770167790753064
3729,6.340571357844611
3730,6.184865455046447
3731,6.084676356902145
3732,10.417096617332628
3733,8.763814234741684
3734,8.267815301718358
3735,8.017535464276902
3736,11.995948737654352
3737,4.816108896858782
3738,23.325248226442824
3739,13.802061168867649
3740,8.001945835420942
3741,6.2138085892777815
3742,5.118710236719906
3743,4.758488568847565
3744,4.613686410937058
3745,4.543309930967835
3746,13.775389749676664
3747,22.74100151767213
3748,12.967163454455363
3749,7.210453576023632
3750,5.364626205877356
3751,4.211670457732873
3752,3.889180523785128
3753,3.7547304160944437
3754,3.6809093465206857
3755,22.553196205260793
3756,12.825909262526519
3757,7.054097119255847
3758,5.185735150652131
3759,3.979737774503923
3760,3.6807301621621322
3761,3.5350947191644315
3762,3.449355050419181
3763,19.14705821342723
3764,12.791889910980101
3765,10.52726652099456
3766,8.29764299260426
3767,21.013686175595026
3768,11.452525634459288
3769,5.689267621523847
3770,3.793616721811136
3771,2.6222814989736207
3772,2.29056851239416
3773,2.1542806475055407
3774,2.0816825403912045
3775,1.8201345995203229
3776,1.6109902234060414
3777,27.255514921029118
3778,15.667413150055424
3779,9.350193550189802
3780,7.323409063530486
3781,5.548630116628329
3782,5.315945037371051
3783,5.174682421555112
3784,4.953054196669402
3785,20.300253712402565
3786,10.449723446473891
3787,4.940674887318137
3788,3.384642224105565
3789,2.3231189134021664
3790,2.036928825087629
3791,1.9042543056084558
3792,1.871248934057374
3793,36.12123937849556
3794,14.91522488444618
3795,10.894156569869324
3796,6.585244524223958
3797,5.539524500153664
3798,19.790504984078964
3799,17.769380644440066
3800,16.87813356889169
3801,50.7773828530269
3802,33.63369545997168
3803,27.85944377235438
3804,19.77348970901855
3805,11.20394704913857
3806,7.907016869449986
3807,7.179363219457771
3808,37.99139512182644
3809,24.334151628852226
3810,19.388912955079913
3811,17.970529329934177
3812,12.965190252276713
3813,7.657413950058981
3814,6.345675337459241
3815,54.18002379797754
3816,24.217251753962845
3817,18.993226062294966
3818,14.00274980137095
3819,36.70692579015576
3820,18.548868574095415
3821,14.206708296102367
3822,10.895767586576488
3823,8.391447213566952
3824,44.20331508168128
3825,25.822005452916947
3826,21.08427027432073
3827,18.032263339485723
3828,14.403472923161779
3829,13.45010185394183
3830,5.180486215586987
3831,31.166877231097097
3832,18.204890289479557
3833,14.582450647702997
3834,13.543892076326253
3835,11.65854976265075
3836,11.05332084915559
3837,19.734707191336604
3838,14.190936703649003
3839,7.830344901468116
3840,7.721314203083233
3841,7.17948722070298
3842,7.024598409343255
3843,6.853789210031079
3844,6.78836592436634
3845,12.4086056686265
3846,9.040140081849298
3847,7.872849690460033
3848,6.214163263162586
3849,8.314338908220337
3850,23.057855634374626
3851,12.819970613221976
3852,6.675211170551898
3853,4.656116241593587
3854,3.4242026127200487
3855,3.07518785571654
3856,2.8732755811222743
3857,2.8088875261447486
3858,25.87297444571254
3859,14.66775291312235
3860,7.924893829897413
3861,5.873127392043751
3862,4.407110080091394
3863,4.1299397039111
3864,4.0007477399737095
3865,3.8754573044176497
3866,29.228837883951535
3867,16.778262372937185
3868,9.181935334025065
3869,6.787658112045903
3870,5.176117054879377
3871,4.891555864642973
3872,4.706909457316703
3873,4.472533640575857
3874,25.697411583871617
3875,14.410003843708676
3876,7.594645102029469
3877,5.549245577700894
3878,4.169548942704952
3879,3.9372012183753173
3880,3.757445184229453
3881,3.6286054424550382
3882,22.028512107782504
3883,12.20887957223145
3884,6.393800576575474
3885,4.4358960281297595
3886,3.2644845058908905
3887,2.9524729925714395
3888,2.850744288253218
3889,2.765063071368728
3890,21.638268034778882
3891,12.10903329139293
3892,6.393300596083531
3893,4.543432466928797
3894,3.357218491193344
3895,2.9871338552329685
3896,2.827458193566617
3897,2.7458189623841815
3898,21.80190179164483
3899,12.220036947727309
3900,6.492330717868658
3901,4.6136106928679546
3902,3.4498526515082957
3903,3.0993230462589927
3904,2.9606281348751526
3905,2.8861037649849806
3906,24.491986999669095
3907,14.38833127482632
3908,8.232150603041445
3909,6.442128471467004
3910,5.31443206328233
3911,4.950556938406299
3912,4.817349276664547
3913,4.698199979485185
3914,25.07196763236208
3915,14.359010326179307
3916,8.197037491048063
3917,6.367399522979183
3918,5.276885799826474
3919,4.857193586907873
3920,4.683345393728436
3921,4.596499965175829
3922,22.46466013442198
3923,12.481544086402561
3924,6.5605333316567505
3925,4.575820456352261
3926,3.375924361325833
3927,3.0917208268226375
3928,2.935390431761325
3929,2.8732165689361597
3930,21.858669730590876
3931,12.14905283232636
3932,6.400999858919372
3933,4.4674592219655676
3934,3.2810020100564867
3935,3.008014774653139
3936,2.8570554115909528
3937,2.7924956976227437
3938,21.653577758157446
3939,12.092364709992037
3940,6.347199248514206
3941,4.408573810186347
3942,3.2413994716846246
3943,2.9479324056162293
3944,2.810795780550376
3945,2.7689766969453586
3946,6.201531395787812
3947,7.86193428364397
3948,5.229396905510571
3949,4.531644896188952
3950,3.8761314089502954
3951,3.5689772210918047
3952,4.9968371893076435
3953,7.916053919844906
3954,5.628292984291618
3955,4.756482886235073
3956,4.094444239632862
3957,3.684212497687991
3958,22.00966912325075
3959,12.32123477099448
3960,6.530303658837749
3961,4.528459536999246
3962,3.3849024668937604
3963,3.049149750829277
3964,2.9334517329232765
3965,2.8370166821382843
3966,14.100099166424773
3967,21.99193557991012
3968,12.322184896687359
3969,6.48324872263589
3970,4.52455641831655
3971,3.3757074724456873
3972,3.0462524401241553
3973,2.8835952726554193
3974,2.8068379413252704
3975,29.709791579228174
3976,6.292064342252769
3977,1.9284570269947203
3978,24.59502652416845
3979,5.683130364677757
3980,1.7832568004609608
3981,10.304962837423963
3982,11.597890688577358
3983,1.297373589716774
3984,8.350509051734836
3985,21.64061396000412
3986,12.016498488263059
3987,6.257261130339921
3988,4.33581161333327
3989,3.1544530348968687
3990,2.866383775395439
3991,2.7323357142029705
3992,2.652176034639277
3993,36.77215769757755
3994,28.039428209771387
3995,13.195696895380916
3996,17.215769327682583
3997,16.124338409082316
3998,15.037696733348813
3999,14.710796408936133
4000,9.376735918918842
4001,3.693083516202453
4002,4.32907382757676
4003,27.69674458559903
4004,16.18367926426985
4005,9.144124296691047
4006,6.767049655500116
4007,5.363614904346123
4008,4.970134831908747
4009,4.767580210734086
4010,4.6716694816963
4011,28.102481234440006
4012,15.9675516763713
4013,9.540641907712118
4014,7.889794801788418
4015,6.334051041938793
4016,5.833629188718772
4017,5.764471691972708
4018,5.700819063153764
4019,26.7986245731328
4020,15.311220147391527
4021,8.328243209526567
4022,5.983439430963511
4023,4.620989350900959
4024,4.258800878107267
4025,4.033452841741438
4026,3.953322369557859
4027,20.064060175884364
4028,24.4891614122674
4029,13.595426090056542
4030,7.265884008857962
4031,5.0727163670794475
4032,3.7658965258673396
4033,3.5168832691566156
4034,3.3464218973726125
4035,3.213213197698127
4036,27.78615383775731
4037,16.298863369570473
4038,9.207656380680849
4039,6.801532417983749
4040,5.350625845034015
4041,4.929901642674928
4042,4.71839275178503
4043,4.571229173059951
4044,28.189846412063396
4045,16.555801183505338
4046,9.391937605959097
4047,7.069819833088371
4048,5.615499572554298
4049,5.224955385938277
4050,5.045063692302746
4051,4.9413278961137515
4052,27.78615383775731
4053,16.298863369570473
4054,9.207656380680849
4055,6.801532417983749
4056,5.350625845034015
4057,4.929901642674928
4058,4.71839275178503
4059,4.571229173059951
4060,158.9306345911639
4061,22.140280691672217
4062,38.55171387119998
4063,35.742111801782315
4064,5.594871042305075
4065,6.821486672464703
4066,22.461197088877203
4067,12.500557524760497
4068,6.610466821939511
4069,4.627844754853818
4070,3.4962469135108756
4071,3.1090141044319966
4072,2.9604254299839505
4073,2.932074477006389
4074,11.199526969849769
4075,9.44786431297739
4076,8.227680762118979
4077,7.053061867300369
4078,6.415203251335532
4079,24.456831139425038
4080,5.023711792926581
4081,2.994981649657512
4082,2.694935221568371
4083,2.3522285797399647
4084,9.545036886942
4085,6.83348317678848
4086,5.657317485557359
4087,5.2047597192648425
4088,4.451123622545285
4089,3.8979584761178225
4090,4.72107420860704
4091,4.677536629545315
4092,4.129881724080733
4093,3.5027042960968604
4094,3.0073942670005187
4095,22.303497144369324
4096,12.395314905379873
4097,6.552720996111819
4098,4.575697945388025
4099,3.4033080424295137
4100,3.016187816110931
4101,2.846931569766978
4102,2.78776786132447
4103,9.574105765849477
4104,26.47296714437354
4105,15.06940943454402
4106,8.269471566911687
4107,6.110026534560338
4108,4.55882645734847
4109,4.2703523158514525
4110,4.081134171526488
4111,3.876246547671409
4112,23.067081112752376
4113,13.25567444834041
4114,7.43478168444432
4115,5.512201127687084
4116,4.339091402608366
4117,4.006509151278067
4118,3.8779788582317707
4119,3.823833295036223
4120,22.775312792922954
4121,12.759707947327529
4122,6.789300888960647
4123,4.740698265629196
4124,3.570189227034179
4125,3.246311961586068
4126,3.0947877835012116
4127,3.003172842461765
4128,8.809729477338527
4129,7.796930112245634
4130,18.648159915591005
4131,14.75493858392237
4132,13.065491343157168
4133,11.236570853555227
4134,2.5735299168266006
4135,54.374911196574736
4136,8.597124562694225
4137,11.858554139942505
4138,16.00972781534253
4139,15.751034308611727
4140,28.355390173388074
4141,16.41527110153995
4142,9.061806087420331
4143,6.553087856223016
4144,5.113040704773487
4145,4.741846892312782
4146,4.503217087426911
4147,4.391689249601933
4148,27.34977204092619
4149,15.893239371841048
4150,8.920715417945875
4151,6.543714775763748
4152,5.237271045517376
4153,4.888886305336624
4154,4.742806002007656
4155,4.621087827278244
4156,28.19434760375578
4157,16.52994122746023
4158,9.250352142649799
4159,6.877733199198243
4160,5.499839976361324
4161,5.092358979474077
4162,4.938401234612612
4163,4.881007852300783
4164,26.62073998487678
4165,16.11080915051472
4166,10.027119339936709
4167,7.962428020664254
4168,6.652457928813874
4169,6.273225479161868
4170,6.106791425592322
4171,6.0582770561941945
4172,22.730520940944697
4173,13.601216727564774
4174,7.974007571200257
4175,5.969036045942988
4176,4.867540128525001
4177,4.479640784831817
4178,4.350275685771056
4179,4.271415341160409
4180,22.183267772553798
4181,12.358728941070979
4182,6.425752697949491
4183,4.423313061948373
4184,3.300576436105928
4185,2.944088424879145
4186,2.794661428419402
4187,2.715794214507538
4188,6.352060869565021
4189,24.344036546626064
4190,13.646161969972537
4191,7.1817926451039575
4192,5.159383777402487
4193,3.8778185935859124
4194,3.5049701407898257
4195,3.3716150469321815
4196,3.3160688307796833
4197,29.496412395549356
4198,17.830665918757017
4199,10.58046804227284
4200,7.768100193659854
4201,6.1353387182481836
4202,5.742925285924514
4203,5.563704976287152
4204,5.404300587150489
4205,11.862846065104446
4206,11.703068047860056
4207,11.951825691632195
4208,12.230631907561085
4209,5.278848153130711
4210,20.96454680136224
4211,16.051512494950984
4212,13.022737225486653
4213,11.16956898717855
4214,9.034670499626714
4215,80.36129470203437
4216,29.400603422535895
4217,18.94265952777455
4218,11.86829347474958
4219,9.411140407501762
4220,7.823316339646626
4221,7.418460176802966
4222,7.131501428437822
4223,6.960857309034875
4224,27.96005683494153
4225,16.433369256687513
4226,9.46127290563181
4227,7.293630128146333
4228,5.75833625050803
4229,5.384184798169013
4230,5.248253087029431
4231,5.1227806067909984
4232,28.923978749020463
4233,18.061319407405712
4234,11.910249925893114
4235,9.244621636212507
4236,8.086700220790847
4237,7.5015954380111145
4238,7.275227338964504
4239,7.144314208031579
4240,11.06074764084886
4241,21.85859228689046
4242,12.126826736493122
4243,6.381681894212361
4244,4.437076716727281
4245,3.249823203670922
4246,2.980094052249709
4247,2.8472118454402238
4248,2.769171220634392
4249,22.03119576233911
4250,12.351964331327906
4251,6.489759499649957
4252,4.572543296106005
4253,3.4249352951171432
4254,3.0708015093536685
4255,2.9423964279375783
4256,2.8626317351452704
4257,59.69580821960601
4258,40.35246536713608
4259,34.67590094962222
4260,25.970402394614595
4261,4.957646606189834
4262,6.3275133569256905
4263,146.4978060677294
4264,1.7460764356833098
4265,19.931483391666735
4266,21.63976810998661
4267,28.260477941643476
4268,16.58016822183476
4269,9.553246813005366
4270,7.22116471151144
4271,5.742331569061741
4272,5.345668771899079
4273,5.147528001063641
4274,5.065383599520753
4275,28.842273075942348
4276,16.84911676369365
4277,10.0285723481859
4278,7.948590367492609
4279,6.272973927194789
4280,5.932610497749915
4281,5.686368074437178
4282,5.55767989115007
4283,9.2689027394863
4284,22.707124080439932
4285,12.877957058978163
4286,6.885763565279889
4287,4.864761156069994
4288,3.6970316365706033
4289,3.3528734008382517
4290,3.224384082101641
4291,3.149728414063114
4292,11.613939088299471
4293,22.64928714203673
4294,13.313294340549678
4295,7.495125991196399
4296,5.6066199420228555
4297,4.417312266263263
4298,4.028931665880072
4299,3.9112246321468027
4300,3.8795759873351736
4301,21.373369671555317
4302,11.804623653193632
4303,6.030814026298151
4304,4.131416323010558
4305,2.9874749856951217
4306,2.6651427414876223
4307,2.525715842312516
4308,2.4351777073765333
4309,30.01967070286632
4310,17.50963650212681
4311,9.983932321009926
4312,7.500378860469838
4313,6.013543322128079
4314,5.538072052050055
4315,5.25009128024784
4316,5.132433440996686
4317,8.970168706181184
4318,11.866440876524576
4319,7.144729303559506
4320,4.512838556537946
4321,5.082527176450128
4322,39.33234208587004
4323,37.87854413115678
4324,5.042724409119074
4325,7.0218914959103635
4326,9.378493625371807
4327,9.619307783699371
4328,11.146347600408824
4329,25.900541229096078
4330,14.741433251484535
4331,7.9722492755233585
4332,5.58236572631953
4333,4.193516964950292
4334,3.9300969028217407
4335,3.7813145269269293
4336,3.622234214071882
4337,20.83509271813201
4338,11.235311387911969
4339,5.416217142910147
4340,3.5437698938309303
4341,2.3889052441206076
4342,2.0826429381070737
4343,1.9833507707270799
4344,1.8803291951595256
4345,20.53194299953414
4346,11.05931659967667
4347,5.281038626334661
4348,3.3575487253408736
4349,2.233703056896716
4350,1.9022192374507283
4351,1.7570339934434762
4352,1.6624739545626848
4353,27.142396731176376
4354,15.226871389628469
4355,8.582866136084398
4356,6.058394046339213
4357,4.312482360392701
4358,3.9387504640690443
4359,3.786813414187413
4360,3.620288876446371
4361,2.581441812607192
4362,40.7183909761081
4363,22.830968831255834
4364,12.91807683499432
4365,6.945541945766762
4366,4.8419830834498825
4367,3.6205461888932255
4368,3.3319766887570488
4369,3.1719467373997965
4370,3.0769430263304782
4371,22.182423786519102
4372,12.341830064883139
4373,6.377136885819003
4374,4.52754063999012
4375,3.3395639814614286
4376,2.9935598190772885
4377,2.8422315611515683
4378,2.7943965748040114
4379,22.020905784744023
4380,12.678525778401427
4381,6.927471354704723
4382,4.950129931566928
4383,3.9590254570863546
4384,3.571047530971102
4385,3.4633768151415256
4386,3.4035769079762046
4387,27.30950249854143
4388,9.789439348872426
4389,6.573553629945815
4390,5.797328870766036
4391,5.397730771846312
4392,9.903996042464923
4393,8.52931415722638
4394,7.752099359358762
4395,6.8730123488373955
4396,5.931737668325292
4397,21.73219055186014
4398,12.120825934793677
4399,6.3501410684887585
4400,4.444569557745576
4401,3.301316362264242
4402,2.974994390104275
4403,2.8387588971076942
4404,2.7560558834597892
4405,23.178159560839127
4406,13.276443572744906
4407,7.386556013798723
4408,5.659418188438934
4409,4.587438581240868
4410,4.239771458055855
4411,4.052648969959863
4412,3.978499140831402
4413,5.044402523202354
4414,34.38208730741514
4415,29.301189137050557
4416,17.22334279965596
4417,9.917787549185114
4418,7.479007318992027
4419,5.97800388973301
4420,5.637374280868315
4421,5.480471764774786
4422,5.344443562633908
4423,26.860138473978346
4424,15.345441736883723
4425,8.389130241514156
4426,6.095211779410261
4427,4.692906781798708
4428,4.336287629248776
4429,4.142021139434388
4430,3.927828029182864
4431,25.06725997776789
4432,14.13446891131895
4433,7.633919445501474
4434,5.352383568844821
4435,3.985492784890625
4436,3.576494776949568
4437,3.437270950573464
4438,3.316302833545574
4439,22.074587087402325
4440,12.362846539212848
4441,6.543382793107606
4442,4.573435971044551
4443,3.3947103212612753
4444,3.075965046976573
4445,2.920851192311404
4446,2.847783333574111
4447,22.025311169026253
4448,12.403474926188345
4449,6.670203472755869
4450,4.755956843187597
4451,3.6288324588590073
4452,3.306837790911209
4453,3.1489594073262626
4454,3.066632293733832
4455,22.230899641281034
4456,12.616312385844449
4457,6.906924304972072
4458,4.993556291391189
4459,3.8700663402339868
4460,3.539739581110669
4461,3.4039931966312142
4462,3.324011595214935
4463,22.24873245453997
4464,12.634991184847966
4465,6.890641549219906
4466,4.948923170469845
4467,3.823799245076503
4468,3.5093743761885605
4469,3.365740083114304
4470,3.276424629621605
4471,22.145662623840813
4472,12.546064526207354
4473,6.799703366669916
4474,4.89243508152759
4475,3.7656990390137204
4476,3.4474722518369494
4477,3.3037325647869737
4478,3.21628786316371
4479,22.51938234536533
4480,12.861106596746943
4481,7.13879591578455
4482,5.178240682602379
4483,4.035062167650915
4484,3.717168244794556
4485,3.578458341574951
4486,3.5056156188254493
4487,20.007173259647885
4488,10.806500699411298
4489,8.467591283582694
4490,7.625141533301636
4491,5.443832035038826
4492,29.402159171501808
4493,17.60318251130528
4494,10.365222478359879
4495,7.746701743935865
4496,6.174290114765504
4497,5.83666581011442
4498,5.612065808917629
4499,5.502555270410773
4500,26.052293673968148
4501,15.788062184777317
4502,9.584904678306257
4503,7.431108699536871
4504,6.1400059114040175
4505,5.795901710080955
4506,5.6426289099074065
4507,5.507330250059822
4508,29.209094523851867
4509,17.135153983557238
4510,9.894277549972175
4511,7.5794036959077316
4512,6.098268418916596
4513,5.730378011285974
4514,5.53443761838276
4515,5.4371179196818415
4516,25.963983215205243
4517,15.42765291950267
4518,9.197234187441182
4519,7.228457229148795
4520,5.98718633089987
4521,5.651155249193178
4522,5.486015573245028
4523,5.379637593136051
4524,29.07398250076953
4525,17.098507590053565
4526,9.892637765919876
4527,7.5647065480175115
4528,6.099136831226607
4529,5.727482168974019
4530,5.53730950747981
4531,5.436449276327096
4532,26.09102205110016
4533,15.551661835185348
4534,9.2727637944874
4535,7.262123695999215
4536,6.021339640966929
4537,5.702059710389757
4538,5.546435969511253
4539,5.424358750324453
4540,29.141010642263158
4541,17.083804990391553
4542,9.882782494768795
4543,7.555234294902855
4544,6.09822395630119
4545,5.742180431939865
4546,5.551703896079808
4547,5.448918933730146
4548,29.26282899354623
4549,17.266135170663105
4550,9.972830842870867
4551,7.54389028283853
4552,6.0108678534780235
4553,5.693790020728686
4554,5.531813725086142
4555,5.4229878661289055
4556,29.025590441857144
4557,17.10091104312732
4558,9.716410931000937
4559,7.371339100335996
4560,5.803691095785854
4561,5.507935699877944
4562,5.371838791098387
4563,5.200185817427412
4564,23.448538400713122
4565,12.787046672028053
4566,6.801710795494243
4567,4.291269137221755
4568,3.2053471767829453
4569,2.9209344149397563
4570,21.121176583002004
4571,11.753391277382015
4572,6.121674520769169
4573,3.9490406818099224
4574,2.8979096592067464
4575,2.6001267098873564
4576,2.4532861126562673
4577,2.387929095770829
4578,12.202661368072611
4579,41.84352389582527
4580,30.208164766612256
4581,23.807803809732967
4582,16.320449970782782
4583,55.70564710272011
4584,61.05426181624938
4585,22.29364199152533
4586,12.933998211924445
4587,6.891945505467165
4588,4.875369757430001
4589,3.8192153012076533
4590,3.4730272578307373
4591,3.285508652359659
4592,3.2176096323933754
4593,159.4073353947773
4594,11.161606891460389
4595,11.992258775427727
4596,7.50017963337503
4597,5.965956766724332
4598,4.857444568302482
4599,5.465041251976276
4600,4.809833387212844
4601,10.20969377863554
4602,9.370923293895267
4603,3.33174426875436
4604,3.938279377966813
4605,47.63935926170071
4606,30.50285605493268
4607,27.99036044098274
4608,21.614211270149156
4609,18.424985466628026
4610,21.481236379066925
4611,11.847060850198949
4612,6.150127978761402
4613,4.185930888348734
4614,3.0737420373882856
4615,2.780303307724643
4616,2.6467927220811194
4617,2.6024754961344128
4618,21.918506458922216
4619,12.197941872953281
4620,6.37218941365616
4621,4.360453209285779
4622,3.2021472034373883
4623,2.8913202264568465
4624,2.7424524928056
4625,2.69064941090656
4626,3.7118662905358977
4627,3.2804585629795158
4628,29.87870898096331
4629,17.45927005170949
4630,9.410609748310216
4631,6.343977901471386
4632,4.890383075052335
4633,4.472573355199908
4634,4.363721093693797
4635,4.2691651110685935
4636,29.068647889230398
4637,6.107648928080603
4638,1.8954136455091364
4639,5.324675893945609
4640,4.89993172389215
4641,22.917022101859963
4642,13.118922132195673
4643,7.207526583176802
4644,5.287630664851708
4645,4.073479399530919
4646,3.713841647018814
4647,3.528414287139281
4648,3.439898399374073
4649,22.450348014862456
4650,12.77788915448458
4651,6.882807105983738
4652,4.988160694565436
4653,3.7464436244771178
4654,3.425011309780845
4655,3.260718309756556
4656,3.1760629337144195
4657,1.1215401480605969
4658,22.380838520623964
4659,12.893805762359207
4660,6.916718280856809
4661,4.933606029774477
4662,3.8227125033522693
4663,3.4868430665319146
4664,3.332763341875429
4665,3.281870214233857
4666,31.00719131915758
4667,30.776866546500266
4668,4.326731951984594
4669,5.750506106666856
4670,6.046929677892093
4671,6.162897145737211
4672,8.208611411909516
4673,6.9607936289966075
4674,6.572424491071084
4675,5.8651413886433
4676,21.924916302633854
4677,12.204712315354715
4678,6.39846472851298
4679,4.460823182227781
4680,3.349756837183878
4681,3.015242247138881
4682,2.8631706967188237
4683,2.804228181143202
4684,18.515824335774557
4685,8.336388953334271
4686,27.823984167647147
4687,20.11944177722882
4688,14.692618020093608
4689,28.96745449618667
4690,17.62761387611391
4691,10.67465233815752
4692,8.38702606332043
4693,6.947074022709154
4694,6.5289926994343395
4695,6.418489751742609
4696,6.352510859822901
4697,35.233449697917656
4698,26.59338090268857
4699,19.659232226533813
4700,22.575808525088405
4701,12.894095132387168
4702,7.1352132921114535
4703,5.23227790975735
4704,4.068440658971778
4705,3.738404976651277
4706,3.584668403875089
4707,3.4918688552788355
4708,5.012606874078498
4709,109.03967825727617
4710,32.71713114674607
4711,20.983743540339304
4712,13.604805021248856
4713,10.25058761486692
4714,8.558241541434395
4715,7.98976452968055
4716,7.552820706258835
4717,7.434533173561242
4718,16.738275544614517
4719,41.97003554047082
4720,12.956151525898314
4721,11.207566705780405
4722,8.507547882565344
4723,28.597144215273588
4724,17.714527829198946
4725,11.57049088123649
4726,8.469049208582506
4727,6.779876644889768
4728,6.264565978898311
4729,6.103113486153273
4730,5.995381992326499
4731,15.184634917431513
4732,14.421596054904892
4733,22.519503441747105
4734,12.478853019893258
4735,6.602364385114868
4736,4.6271343839376815
4737,3.455443769302118
4738,3.1157886739981144
4739,2.9697605005779195
4740,2.8521983699459357
4741,37.98666030956734
4742,90.69611630668409
4743,45.17907629270936
4744,30.535508788374983
4745,22.469484240895618
4746,18.518060864321015
4747,42.93042485639947
4748,27.45325367239201
4749,23.523089068630195
4750,19.967670623387413
4751,12.387874932291385
4752,14.188386179955662
4753,11.69112240238938
4754,10.586772693070916
4755,9.415790887781302
4756,10.799274423935811
4757,11.776789250395275
4758,6.651334357647678
4759,11.470771619775629
4760,12.011368059830971
4761,21.684011099056693
4762,12.042226235816244
4763,6.443456820524636
4764,4.484554857825689
4765,3.342488552547846
4766,3.019142805478365
4767,2.8717578519514073
4768,2.7917969170090453
4769,34.58175811004514
4770,1.7308151554142999
4771,1.9568988939902283
4772,1.926931026405075
4773,27.335708090636295
4774,22.730975634101476
4775,12.759045893883215
4776,6.629067039495638
4777,4.6249208278466
4778,3.465429639291826
4779,3.1902302187511116
4780,3.038107666648585
4781,2.981879649151059
4782,29.789100543177593
4783,17.46880354964115
4784,9.909163696528267
4785,7.472957368798994
4786,6.041983165944135
4787,5.719262653522857
4788,5.533510628393289
4789,5.38710171153494
4790,23.344080298864036
4791,13.254214316376125
4792,7.0584914801236645
4793,4.986140575988063
4794,3.76773375427734
4795,3.4061517737726423
4796,3.237486053690638
4797,3.171138663068195
4798,17.34743299965938
4799,24.67357467720873
4800,14.858728407378479
4801,9.036133503378924
4802,6.792059358011981
4803,5.567537853580666
4804,5.251786337248793
4805,5.132043145098487
4806,5.006335816552959
4807,53.82800994351316
4808,22.336786718830048
4809,17.563502244631543
4810,12.465143443580448
4811,11.185107471689125
4812,15.205961161456488
4813,9.778872142752272
4814,8.179371512271763
4815,28.430965285376786
4816,16.295591398038695
4817,9.8581449442519
4818,6.9743510637026995
4819,33.477609755399605
4820,9.502925008537305
4821,4.3101598760773285
4822,3.738391999665877
4823,24.799462163505616
4824,14.529776097819731
4825,8.325634338179787
4826,6.222714813689514
4827,5.023268590859003
4828,4.775838202038716
4829,4.621712094965685
4830,4.5623393861421215
4831,99.16215627142786
4832,39.86123908264669
4833,27.759293471312326
4834,22.896099801910005
4835,18.81398671312406
4836,3.0715262086259516
4837,11.993702698415634
4838,6.635639454306659
4839,4.486064359508871
4840,4.383536172480091
4841,3.647312659279443
4842,23.050551476392428
4843,12.97778914762662
4844,6.833631135059246
4845,4.801644959107122
4846,3.554746205550508
4847,3.274136709216799
4848,3.1223050141681696
4849,2.9882451574009243
4850,24.873625764386258
4851,14.127425589728091
4852,7.669456498265724
4853,5.5608308410878085
4854,4.264529964508773
4855,3.954285229738557
4856,3.8280008158961216
4857,3.6982619681531457
4858,10.32621531611538
4859,32.1922070177545
4860,7.007039986169656
4861,2.2725983396122587
4862,3.263227618710819
4863,11.563457820137895
4864,12.14547963262077
4865,28.281777402230574
4866,16.562537110600122
4867,9.629796431100774
4868,7.299881892628038
4869,5.877361303070969
4870,5.464337544547106
4871,5.269826943805758
4872,5.1780964847884015
4873,3.0494530180647956
4874,22.676210104355153
4875,12.770236484377923
4876,6.91729413412921
4877,4.933909971782025
4878,3.7284926130970573
4879,3.374750773349094
4880,3.216801374517139
4881,3.1337768907400836
4882,22.330652572571474
4883,12.607320608780462
4884,6.7183052740525895
4885,4.790015015208043
4886,3.6068329944572426
4887,3.287328211403411
4888,3.137450555795548
4889,3.0511405297541914
4890,11.210400218073383
4891,26.71160595636305
4892,15.945023601192268
4893,14.85128516184654
4894,12.398762735733117
4895,80.38003167559152
4896,45.69184766804249
4897,26.72602605346019
4898,27.59926004658657
4899,16.49077691830431
4900,9.716983241632843
4901,7.676914374361633
4902,6.241255809889841
4903,5.956661997395038
4904,5.789369542338978
4905,5.6960749395529975
4906,29.27483525137217
4907,17.519454868200093
4908,10.451088791927774
4909,8.038638985707687
4910,6.538615935751881
4911,6.249171877800539
4912,6.075109863650288
4913,5.956739078639158
4914,10.752778312269902
4915,21.655363883643147
4916,11.986051290251188
4917,6.240936681259204
4918,4.2791242283857995
4919,3.099967354617463
4920,2.7659551568825624
4921,2.612773840517193
4922,2.533825311679946
4923,3.27121953954474
4924,15.903425608273588
4925,5.378826615106891
4926,114.26629717411177
4927,88.72770118512979
4928,82.89538142296914
4929,82.87062904142692
4930,5.361589523611443
4931,22.09378642505792
4932,12.489789451579533
4933,6.759429380844563
4934,4.82292535199656
4935,3.685684373095833
4936,3.3729318794270666
4937,3.2173854065381073
4938,3.134811973110562
4939,21.92954366418754
4940,12.357923168835477
4941,6.6558271876007415
4942,4.777603332099677
4943,3.6005319374211098
4944,3.2907558559267494
4945,3.138212159126759
4946,3.056039689943043
4947,23.05235232034534
4948,13.18741179122626
4949,7.263881813619348
4950,5.306276738354002
4951,4.088014102319121
4952,3.756217296359077
4953,3.562029713581011
4954,3.468504090161847
4955,21.424067465174186
4956,11.82875050717561
4957,6.080521373417395
4958,4.159651324781076
4959,3.0303207277812225
4960,2.710080634543114
4961,2.5727553556011276
4962,2.48303615748452
4963,21.424067465174186
4964,11.82875050717561
4965,6.080521373417395
4966,4.159651324781076
4967,3.0303207277812225
4968,2.710080634543114
4969,2.5727553556011276
4970,2.48303615748452
4971,10.031288168826165
4972,5.870804071631759
4973,31.032583533876185
4974,6.530752309758322
4975,2.221744722749202
4976,24.898486998781017
4977,14.047974457387083
4978,7.524547243138573
4979,5.402531624988301
4980,4.031669376477346
4981,3.689920228275815
4982,3.5041054356887815
4983,3.4207545560372115
4984,39.950086728212874
4985,23.124206159971855
4986,17.563079801709105
4987,14.52289833640764
4988,29.117049189605492
4989,17.08251552702984
4990,10.04080423234003
4991,7.637292332439997
4992,6.149412861042007
4993,5.759046489191766
4994,5.483554384635497
4995,5.382154538295083
4996,21.85903602929929
4997,12.133387271342668
4998,6.3531242641727035
4999,4.436690264561746
5000,3.259956093301406
5001,2.9642960036724855
5002,2.8237067310881465
5003,2.756202926629061
5004,25.018741649637953
5005,15.086194513005628
5006,9.084522824285694
5007,6.9953762029539135
5008,5.861831490372333
5009,5.463391254645146
5010,5.317519879416752
5011,5.224437529360365
5012,25.54407382427743
5013,15.513142750934506
5014,9.319932400699125
5015,7.254465413562726
5016,6.102282808647499
5017,5.7258647761524815
5018,5.581890821392771
5019,5.484768956908026
5020,29.21744463930389
5021,17.11036090060962
5022,10.050983854512406
5023,7.77667423793939
5024,6.332112551518216
5025,5.9521414692663885
5026,5.755800896593507
5027,5.65412717398446
5028,29.21744463930389
5029,17.11036090060962
5030,10.050983854512406
5031,7.77667423793939
5032,6.332112551518216
5033,5.9521414692663885
5034,5.755800896593507
5035,5.65412717398446
5036,145.24028788355503
5037,24.17382667241017
5038,5.402695847745157
5039,2.080776058996309
5040,25.59289999940799
5041,5.610556514316513
5042,1.8790731814323811
5043,30.74812145208425
5044,50.49166344517785
5045,34.934200877745326
5046,6.245977148870199
5047,32.22517421501765
5048,18.32335696432679
5049,8.221179615013703
5050,5.309485715946315
5051,3.1752766667726346
5052,2.7829969634142664
5053,2.6028525000635603
5054,2.549579384371541
5055,23.7040343358846
5056,13.854140309074012
5057,8.074493625913293
5058,6.197795522883703
5059,5.101329239933893
5060,4.711869501290201
5061,4.561254853852962
5062,4.466759998090838
5063,1.6595039555907225
5064,1.4290268744104035
5065,25.08371988868137
5066,6.22794231173068
5067,2.6390520502677526
5068,28.952886531610922
5069,7.688565779053651
5070,3.755874751482768
5071,11.959504049855841
5072,21.32803686318992
5073,11.74216196891307
5074,5.996372985595263
5075,4.0652617830282445
5076,2.9428915741604458
5077,2.616560477789727
5078,2.4769041880090774
5079,2.383119288060996
5080,21.928559651324356
5081,12.347556740997279
5082,6.586163747536991
5083,4.718882465179719
5084,3.570877417155018
5085,3.271859623691896
5086,3.127708048439545
5087,3.039965474807098
5088,21.416001171099936
5089,11.80588790470243
5090,6.066280204136703
5091,4.131659726517498
5092,2.992710321259698
5093,2.6788651041220533
5094,2.5433204593148044
5095,2.4537211404611377
5096,21.776543587364525
5097,12.082009849343972
5098,6.336546606717629
5099,4.416793701911225
5100,3.2474592935615547
5101,2.970796174491168
5102,2.8194199091242345
5103,2.735682740398643
5104,14.66010871322362
5105,18.670627649734744
5106,7.775292174794515
5107,29.19803576005106
5108,19.345575757663784
5109,13.105154124127468
5110,13.145899411591838
5111,12.32495641470552
5112,11.671859768405756
5113,11.433329650721623
5114,11.223504006169126
5115,2.805818100133334
5116,6.873061799553128
5117,5.289684865167418
5118,13.278355966814436
5119,6.969541644922826
5120,6.427238381929494
5121,4.8328866418730225
5122,2.788998984625726
5123,19.46900567155076
5124,16.07381039224347
5125,11.049155055135364
5126,39.233707457311766
5127,36.44584169833175
5128,25.812402848789567
5129,18.011733225846907
5130,10.22828954089444
5131,28.607989633761605
5132,22.30737634249682
5133,6.343945225193119
5134,122.59150652198338
5135,146.85142631870679
5136,4.857521516199605
5137,22.048694162298638
5138,12.498099643050946
5139,6.782292218663327
5140,4.89278288033964
5141,3.7201671313514106
5142,3.411731902731281
5143,3.273798965675706
5144,3.188245363470487
5145,14.107729817092611
5146,11.246540833602378
5147,10.642940997454149
5148,9.69756583585935
5149,10.67435926018263
5150,8.448214719670755
5151,7.983370007142137
5152,7.019299128637845
5153,23.399451485066532
5154,13.697523649846563
5155,7.93520336973705
5156,6.068962211896839
5157,4.867388323572893
5158,4.598741842146413
5159,4.39436828203583
5160,4.29133197930282
5161,27.17628828874584
5162,15.40099067409987
5163,8.52507579712465
5164,6.198957002913239
5165,4.7983753153636055
5166,4.33226930975308
5167,4.154207532091199
5168,4.05568670447714
5169,27.233467171052446
5170,15.634435300462226
5171,8.48539184625474
5172,6.157808040376855
5173,4.770785771669035
5174,4.453817316210706
5175,4.277560267389702
5176,4.109489329487078
5177,3.7297539943159115
5178,35.90948634788043
5179,23.30601151750363
5180,15.101235126529991
5181,13.924046007185428
5182,11.69628006541845
5183,11.080067972797941
5184,10.700608457814987
5185,10.509922909461679
5186,24.230705290109057
5187,11.615972412513253
5188,15.262837687119152
5189,13.70432865683021
5190,19.01188292662614
5191,22.244498616976017
5192,12.613241757049105
5193,6.873325084180888
5194,4.919077898025695
5195,3.7698393686408984
5196,3.448656430500117
5197,3.297250597387427
5198,3.2112757364690374
5199,22.332516720987122
5200,12.68057449882821
5201,6.912169547038172
5202,4.973051421247195
5203,3.8444237677779585
5204,3.542247790742989
5205,3.3948266304079957
5206,3.312337028106216
5207,5.217476882964366
5208,5.81507737746588
5209,24.20219630038994
5210,14.28597935849558
5211,8.504395962707992
5212,6.650752811342453
5213,5.49599514508323
5214,5.158841680603738
5215,5.008932585702045
5216,4.903821978696161
5217,24.19115608773729
5218,14.293079155811894
5219,8.510581929259706
5220,6.657435428913783
5221,5.5050686471118215
5222,5.159055317714491
5223,5.00662273989219
5224,4.904916640018228
5225,22.62919195383637
5226,13.035051472470693
5227,7.400661868606512
5228,5.3245447510688235
5229,4.25972894378584
5230,3.8995742841272656
5231,3.7444897984957057
5232,3.672290578999782
5233,22.86467908075042
5234,12.996533782751182
5235,7.227645274831889
5236,5.346826422051974
5237,4.290589781024098
5238,3.8944049196287294
5239,3.741463180873335
5240,3.664709007389802
5241,22.59921054178481
5242,12.836462030412616
5243,7.059065901295508
5244,5.106847881272764
5245,4.021654518165324
5246,3.644168371826133
5247,3.4916072775708984
5248,3.405925407764694
5249,23.816137643780777
5250,13.766422348204738
5251,7.9867931302166095
5252,6.172792302945814
5253,4.979922805292464
5254,4.706014105080449
5255,4.5559364217849945
5256,4.4624965433422155
5257,23.87381063109142
5258,13.812485946751304
5259,7.984369461189765
5260,6.151281048076089
5261,4.972973878341975
5262,4.649202293128904
5263,4.495265471014216
5264,4.426088033896998
5265,23.663244350496264
5266,13.6727045619933
5267,7.917821009274718
5268,6.070728179372715
5269,4.898449219831421
5270,4.584867704061054
5271,4.440492595961908
5272,4.36527788709275
5273,18.942852961315765
5274,16.27423895224937
5275,30.83445750043609
5276,1.3492715425682946
5277,30.37603776025699
5278,1.2981480966150372
5279,3.9981803505211353
5280,3.8994779710014895
5281,4.0099570264523745
5282,4.051506598165631
5283,153.81435730002246
5284,11.485359049968716
5285,4.019383354288454
5286,4.942755638938457
5287,12.968279666186017
5288,5.777543152905456
5289,32.992212021966516
5290,21.1471766048205
5291,11.68977993508414
5292,6.003071173470175
5293,4.102730960050626
5294,3.003239733557789
5295,2.6637433074394257
5296,2.530142916315744
5297,2.4574036338007046
5298,105.8980434572637
5299,37.035420597204904
5300,23.595549621469843
5301,18.513126510438212
5302,14.54504380664133
5303,250.97226139759937
5304,160.7363890234507
5305,124.60796283723694
5306,23.349799769301853
5307,20.67009892966866
5308,18.164168830888375
5309,13.155051437794278
5310,11.338475035390056
5311,21.02595907781082
5312,11.426145433833222
5313,5.5178527090172995
5314,3.599754906899175
5315,2.4652595976369103
5316,2.138789886418646
5317,2.020138766518711
5318,1.9286130913617474
5319,90.2053281808408
5320,23.718576742399204
5321,13.767026398391792
5322,7.899003638246535
5323,5.941019078343914
5324,4.812253199062071
5325,4.484287194168829
5326,4.354137114162631
5327,4.280711089632786
5328,22.52520773955461
5329,12.869468102855063
5330,7.170375384356329
5331,5.2386655436932665
5332,4.089339577136583
5333,3.7711506456563892
5334,3.6300547494059243
5335,3.5580370603115483
5336,22.52520773955461
5337,12.869468102855063
5338,7.170375384356329
5339,5.2386655436932665
5340,4.089339577136583
5341,3.7711506456563892
5342,3.6300547494059243
5343,3.5580370603115483
5344,50.266225069401806
5345,21.519341651211093
5346,11.948344257884752
5347,6.221437629253237
5348,4.3238734955335865
5349,3.1556770999602453
5350,2.818892746317674
5351,2.6906757421545344
5352,2.6107509032018346
5353,21.519341651211093
5354,11.948344257884752
5355,6.221437629253237
5356,4.3238734955335865
5357,3.1556770999602453
5358,2.818892746317674
5359,2.6906757421545344
5360,2.6107509032018346
5361,15.542864473227471
5362,20.64259302560464
5363,11.134060775006374
5364,5.413976213944344
5365,3.4973530849889416
5366,2.333212771903537
5367,2.0126817103042534
5368,1.8825886740149436
5369,1.7963162621660722
5370,20.444532541239845
5371,11.019395338899713
5372,5.260437443535517
5373,3.3190428072454745
5374,2.175404214375147
5375,1.8462062754823232
5376,1.7059582312426051
5377,1.6081134014867573
5378,21.359816288601035
5379,11.817628269148393
5380,6.042984367855505
5381,4.13944428059372
5382,3.0108012090802916
5383,2.687667641397794
5384,2.5483638978936822
5385,2.4614500485269626
5386,20.444532541239845
5387,11.019395338899713
5388,5.260437443535517
5389,3.3190428072454745
5390,2.175404214375147
5391,1.8462062754823232
5392,1.7059582312426051
5393,1.6081134014867573
5394,21.043900106585507
5395,11.401862928995438
5396,5.572466070633055
5397,3.6487606056816744
5398,2.472746636777114
5399,2.1547542562294995
5400,2.0497873594945912
5401,1.9526734826808578
5402,27.06629654928946
5403,15.828260587795796
5404,9.193285927960504
5405,6.985140458292078
5406,5.709335837246836
5407,5.508314090605777
5408,5.365396157371267
5409,5.287609825213885
5410,23.905164283431834
5411,13.592703514359817
5412,7.412323174951643
5413,5.402294655847527
5414,4.127730613357105
5415,3.8010459517394284
5416,3.718655245110067
5417,3.6517487201701484
5418,29.221331932160957
5419,17.494070581617393
5420,10.455666167973988
5421,8.093948633812644
5422,6.5825532405715075
5423,6.195463593154259
5424,6.002279974781612
5425,5.918514200737526
5426,5.217188767052773
5427,25.67519451558686
5428,15.1387428878663
5429,8.799123230713441
5430,6.632801625940369
5431,5.338171359400062
5432,4.965340211081921
5433,4.81901637824843
5434,4.659998883477141
5435,3.954216656159135
5436,4.000628217504548
5437,3.8648347681044455
5438,3.6908747864846316
5439,3.6395287632002873
5440,9.870002609047202
5441,5.625989250122444
5442,10.327360789159306
5443,5.715736483373876
5444,11.946076038217996
5445,8.029722964150173
5446,7.243154405760074
5447,5.883455137040963
5448,22.426502663806684
5449,12.727298650272225
5450,7.040374696396976
5451,5.130542582032215
5452,4.00592850716021
5453,3.6695386645388792
5454,3.5285318283845593
5455,3.442574852857732
5456,22.682731257209998
5457,12.658428803008778
5458,6.704263755196945
5459,4.743469524884114
5460,3.5932333887927745
5461,3.2085957956750604
5462,3.090859336715179
5463,3.015792474494813
5464,5.515767469140294
5465,3.4162841542601203
5466,3.435309310072493
5467,22.637778397832335
5468,13.002751305902677
5469,7.027914135441999
5470,5.154792222237965
5471,4.050567147919871
5472,3.7707119116489807
5473,3.6150672226597846
5474,3.515260016232509
5475,15.094132057816832
5476,9.957525882102583
5477,22.41782252956011
5478,12.411259741467529
5479,6.3238631817484015
5480,4.292376250390565
5481,3.167505399055833
5482,2.7971077633458226
5483,2.6827263777586916
5484,2.609722301819637
5485,19.01763075791611
5486,402.72392408260913
5487,158.45777233920018
5488,86.49741763504025
5489,7.869266967430882
5490,10.754373921177091
5491,8.047626069947786
5492,11.807318538900788
5493,26.109651003299554
5494,15.734037735957562
5495,9.335630520323798
5496,7.233792935667211
5497,5.921906397447541
5498,5.662397246188265
5499,5.50327946489188
5500,5.442190612539268
5501,5.09464009547962
5502,8.709161820525424
5503,22.23545690262327
5504,12.698672130489225
5505,6.916337573647546
5506,4.98098068086844
5507,3.827243316429738
5508,3.4726226268826053
5509,3.3142186512689378
5510,3.2203590571223275
5511,21.472006096649103
5512,11.846577729508853
5513,6.102613964474923
5514,4.174745988982416
5515,3.0319105550079746
5516,2.7090911904370287
5517,2.557377489226579
5518,2.49068929392866
5519,43.683397057749005
5520,3.1766994673587683
5521,28.789391736947774
5522,17.07110524789765
5523,9.947445175124255
5524,7.516454782338323
5525,6.034218622142554
5526,5.614845755983156
5527,5.428557052168134
5528,5.344832872957219
5529,12.553638238463304
5530,10.246631099394364
5531,8.932144713149015
5532,7.959468973866112
5533,65.0137251767999
5534,38.7407844768826
5535,25.586609733583288
5536,19.62604337550756
5537,16.93559850934402
5538,67.16507130893555
5539,38.63303815305921
5540,24.78961123038463
5541,19.1796882716112
5542,16.22836718361169
5543,21.69253455745868
5544,12.046476980961472
5545,6.320900788592166
5546,4.400310598315182
5547,3.1998529351841154
5548,2.899947143253497
5549,2.7441409400979864
5550,2.673990278912409
5551,22.150781130163942
5552,12.237262728839815
5553,6.440880635663868
5554,4.444790415653477
5555,3.276921180169934
5556,2.9150242208439847
5557,2.792895219607113
5558,2.7078510796171313
5559,21.743363796946717
5560,12.072322812906267
5561,6.264623206536516
5562,4.336526894104798
5563,3.2033221802487213
5564,2.8789419268603034
5565,2.7517668892735765
5566,2.660263518815293
5567,22.554162659766483
5568,12.755174208325519
5569,6.836782528765116
5570,4.85572490710429
5571,3.6520342237573296
5572,3.2909020885370746
5573,3.1541107625693834
5574,3.087813179974426
5575,7.654014823793183
5576,7.273866139466134
5577,7.112281729385394
5578,6.959707588735533
5579,59.272628940642996
5580,25.06045250546498
5581,17.347758821966714
5582,11.894426956766186
5583,9.425854365191151
5584,8.590734915451733
5585,11.174108147601702
5586,61.61093106177107
5587,25.370726559975896
5588,18.428514842866658
5589,13.448895557169706
5590,9.635978333457807
5591,9.026700047491314
5592,32.31433867060191
5593,20.04991207069169
5594,11.808257633455757
5595,8.832488669983768
5596,7.1580353707058055
5597,6.76305838241699
5598,6.58698225005509
5599,6.459933382234459
5600,19.314341203430423
5601,3.2457065275324206
5602,2.9480093139548824
5603,25.338433042209115
5604,14.2903170746298
5605,7.604336123231979
5606,5.505304923542679
5607,4.106010872040694
5608,3.779827198337598
5609,3.593929069215875
5610,3.505772662695426
5611,21.848032346730278
5612,12.262029910629206
5613,6.5241781947312285
5614,4.57089887580115
5615,3.412438182185287
5616,3.082526880172494
5617,2.932847843526147
5618,2.884025640824411
5619,21.40953132937285
5620,11.79283033845881
5621,6.364708087007651
5622,4.448593326476697
5623,3.2051291246503584
5624,2.9311016646091606
5625,2.8432241896962225
5626,2.7296784756241554
5627,9.002161886704188
5628,8.608987791389621
5629,8.430897751206246
5630,8.238193277206406
5631,28.90028569701004
5632,22.50806538618563
5633,12.665616460850716
5634,6.806943898856858
5635,4.8704097755939255
5636,3.6738865922372317
5637,3.3241092916546355
5638,3.172044021918276
5639,3.086200490681208
5640,23.991447974933386
5641,13.541276318254807
5642,7.318548241405784
5643,5.214681239579303
5644,3.991572607322255
5645,3.661092157899278
5646,3.5161584413850533
5647,3.4584662317184005
5648,22.123727239131277
5649,12.404154226513079
5650,6.665694211518672
5651,4.699495482466742
5652,3.5315071762384935
5653,3.1984800092356016
5654,3.0542598003881016
5655,2.9646398440064656
5656,37.985859590535696
5657,2.7312750031852113
5658,8.7732347577797
5659,11.079275890930678
5660,20.51144064612138
5661,1.62528576711434
5662,3.0659345684154915
5663,33.978384217410095
5664,22.88174601751936
5665,17.473860427320822
5666,14.8064591594446
5667,13.54772877008371
5668,13.44563154874463
5669,13.265955505591837
5670,12.98815149823211
5671,23.9025981553708
5672,14.075556006501055
5673,8.047574616238682
5674,6.139188247874662
5675,5.017069638131357
5676,4.62943810570758
5677,4.487972669834026
5678,4.405558908810549
5679,8.201988516968484
5680,12.987370400367912
5681,50.75395958375403
5682,6.8816914967754155
5683,44.0029744350967
5684,28.047513014662318
5685,19.382911602613884
5686,19.589059117477724
5687,23.59353178922083
5688,13.933661713502369
5689,8.063004978737903
5690,6.28202093893502
5691,5.210770696053045
5692,4.847306910997551
5693,4.705970845016852
5694,4.634026063872545
5695,23.4662638048655
5696,13.74163194507185
5697,7.8983888584137905
5698,6.059040002919813
5699,4.9757542003436726
5700,4.626511204397241
5701,4.475235257573964
5702,4.4132856896479
5703,23.497520017643474
5704,13.766548830073765
5705,7.934171301934795
5706,6.0712025767924604
5707,4.985035945493811
5708,4.629883225021307
5709,4.478792484979199
5710,4.416765733905154
5711,23.471201015771545
5712,13.780546212914432
5713,7.846518500565
5714,5.958834376092597
5715,4.857889661747002
5716,4.5125294051094285
5717,4.363819909705863
5718,4.312010564343714
5719,24.017524356194443
5720,14.075937565646162
5721,7.883822645530481
5722,6.04809775795236
5723,4.947692536551202
5724,4.571312220537312
5725,4.41280642967395
5726,4.34480482767945
5727,22.410817349019872
5728,13.11777289553584
5729,7.167549672178668
5730,5.119953654241113
5731,4.028641267588677
5732,3.7200568654351374
5733,3.5659535408473957
5734,3.473602941341141
5735,22.31035383699673
5736,12.72574410833018
5737,6.866851762104616
5738,4.973232612712084
5739,3.8596070006528027
5740,3.5019054203261324
5741,3.36746480228507
5742,3.2849618010268955
5743,22.88382204754077
5744,13.137389175402994
5745,7.103767421425613
5746,5.319172369758562
5747,4.260047449086898
5748,3.8733392155814164
5749,3.708732067766477
5750,3.6207086819490737
5751,23.017258155718658
5752,13.385554001947623
5753,7.2635220592309135
5754,5.425526146064518
5755,4.366658070956422
5756,3.971701698490979
5757,3.791107363181521
5758,3.707533518206202
5759,23.937347283081376
5760,14.256219285444688
5761,8.495132758556498
5762,7.0216542022750925
5763,6.055017971991399
5764,5.642773151396868
5765,5.443379872727077
5766,5.297391311390889
5767,23.239835939727232
5768,13.507818318164727
5769,7.716138542340819
5770,5.822549706036503
5771,4.604306316179455
5772,4.3359198248150825
5773,4.209948880853525
5774,4.115124364999505
5775,23.08049646223888
5776,13.418860161065052
5777,7.638170216565365
5778,5.730117169029045
5779,4.530905491508076
5780,4.237666630873972
5781,4.097424789626911
5782,4.00922993124338
5783,20.698563701923877
5784,11.462135225644264
5785,5.851678072737619
5786,3.8538212763851147
5787,2.7246570563944665
5788,2.3904434467149827
5789,2.2453292512323095
5790,2.208058690079307
5791,22.620945151269616
5792,12.910135317733495
5793,7.062801529605471
5794,5.148680207786234
5795,3.984695558419526
5796,3.689164428478627
5797,3.528729873348057
5798,3.433646656537327
5799,23.6577469438788
5800,13.876106066344995
5801,8.14457595846723
5802,6.263306104290237
5803,4.926667880950795
5804,4.662955569581728
5805,4.534196105981742
5806,4.460423407296628
5807,24.152152673101515
5808,14.084511124327825
5809,8.412253782011325
5810,6.62027703319432
5811,5.289482986662634
5812,4.971592791100442
5813,4.804476497428044
5814,4.730780974240672
5815,122.57629701504497
5816,26.458173263952446
5817,15.325917688496009
5818,8.58672632694465
5819,6.069120271904753
5820,4.838944050251631
5821,4.441348527045212
5822,4.251015684176494
5823,4.176303513004958
5824,9.386847635590662
5825,24.134124513498104
5826,19.309279399333157
5827,15.580816515602178
5828,12.905898598620105
5829,11.790367876441294
5830,22.498207346031165
5831,12.76289808657749
5832,6.981427993380104
5833,5.00574955504506
5834,3.794063638700476
5835,3.4955522030864117
5836,3.3326228101298376
5837,3.2337640328738293
5838,29.685960932785044
5839,17.57019517096177
5840,10.608555320884918
5841,8.513000560883185
5842,7.006641825391712
5843,6.534364204790636
5844,6.3939840085470925
5845,6.355978061130757
5846,29.790878921701268
5847,17.675033195730162
5848,10.735752838320904
5849,8.636832091898567
5850,7.099856898749138
5851,6.621426294063324
5852,6.476194165003691
5853,6.440626273670063
5854,5.64421295876312
5855,5.865527523988876
5856,23.42493804863009
5857,13.352898091901936
5858,7.218777016522715
5859,5.106009924036562
5860,3.9030582882235985
5861,3.5770076578617775
5862,3.412904297638341
5863,3.3246904026502953
5864,24.086396859600505
5865,13.371273367005365
5866,7.097880647484072
5867,4.434152151525665
5868,2.9468772871241815
5869,2.5699486178451036
5870,2.2820651388164555
5871,2.2522217360109806
5872,11.873297963178514
5873,11.794902443875731
5874,14.429613680217525
5875,15.851386774424078
5876,27.415367287197284
5877,24.85311984474573
5878,2.8649080047737785
5879,2.4434330968986253
5880,2.744830275399268
5881,3.1756958120618335
5882,6.951018332561594
5883,6.143872130750162
5884,5.360281770245796
5885,4.986464233708467
5886,2.0109766105519937
5887,8.760794471708437
5888,8.213676067636122
5889,7.377810386522298
5890,5.853741919685299
5891,11.017208105902482
5892,12.642374048895501
5893,11.480800437778129
5894,10.59318776287179
5895,10.375366341095528
5896,10.305309989675415
5897,34.11322151494732
5898,23.6142586028684
5899,15.605621339511117
5900,13.74130507014375
5901,9.457612834686962
5902,2.303688300152599
5903,3.1259610120768095
5904,26.640028958208347
5905,16.490787878421955
5906,9.765444090414858
5907,7.323919936428261
5908,6.224761015567654
5909,5.704086465129356
5910,5.573634137542588
5911,5.485673169195758
5912,9.267875501915725
5913,9.108025414986297
5914,22.964289592902006
5915,13.287105827350263
5916,6.990301097261918
5917,5.026427620357397
5918,3.7358403947237955
5919,3.421063931085197
5920,3.2760874163850016
5921,3.2173236278516795
5922,27.479610603833613
5923,15.642775055958836
5924,8.575673259922045
5925,6.112817643528529
5926,4.712299175954963
5927,4.3516381712668
5928,4.170502897882974
5929,4.01866932205352
5930,21.773911111252502
5931,10.80857783230411
5932,9.811749562991393
5933,8.491713200418815
5934,15.585240113668146
5935,11.476075586985745
5936,13.656860162093931
5937,11.19942965720243
5938,11.420829680807463
5939,25.806794287144804
5940,7.672569531738171
5941,3.6303750882760997
5942,27.912990576261485
5943,16.855612076993012
5944,10.262605308362705
5945,7.865494457041278
5946,6.269240256353188
5947,5.982870238508933
5948,5.781046700907862
5949,45.303939339317495
5950,25.724950177490637
5951,16.583620182656112
5952,16.033135904843427
5953,13.481557292991816
5954,11.770187131504198
5955,37.30531090975772
5956,13.994845256293349
5957,32.03625691813767
5958,17.15308612754481
5959,10.218598789628095
5960,6.684421667649095
5961,4.5823726538203315
5962,70.28316541505527
5963,28.53866115446131
5964,16.765972955911888
5965,14.303679086734316
5966,11.226643932685109
5967,30.422894173978058
5968,16.560355581901966
5969,9.759608456501196
5970,6.38794599993483
5971,4.512945612313365
5972,31.2933918059643
5973,16.911364158821826
5974,10.628361335318024
5975,7.249347970334312
5976,4.889886175769871
5977,5.396043236158665
5978,12.962847937424204
5979,16.038702245657646
5980,8.749915787473688
5981,6.643307353514823
5982,22.687683426669544
5983,12.617211610409946
5984,6.66327075672409
5985,4.695265745783804
5986,3.435848229698141
5987,3.093563772451179
5988,2.954750327671922
5989,2.8553541721680293
5990,29.92272349943603
5991,18.53228786989426
5992,11.587645308891666
5993,8.828652959881696
5994,7.266636354149492
5995,6.9607976663317865
5996,6.725983452239715
5997,6.631838772961604
5998,31.50062940131056
5999,19.00180239766097
6000,11.974641298921174
6001,10.082157003582095
6002,8.664684793168387
6003,8.208972695199437
6004,8.098610629516319
6005,8.078118990499908
6006,8.381133764829807
6007,6.933081985185153
6008,6.0187037023520205
6009,5.118509144895549
6010,4.545966355549325
6011,65.48029915862985
6012,11.936411472802584
6013,23.10608737599048
6014,13.036186158261767
6015,6.877733096499669
6016,4.821655730656246
6017,3.579734461254295
6018,3.2595286405308763
6019,3.0961560710150007
6020,3.0473401102045594
6021,28.869077433709542
6022,16.663052391301193
6023,9.621562743022361
6024,7.146991407583764
6025,5.8211280007092165
6026,5.381244610052379
6027,5.283537355765214
6028,5.199792481134221
6029,28.275398119696288
6030,16.644745247443325
6031,9.845257379435127
6032,7.398691137178565
6033,5.985644185936206
6034,5.57858029151192
6035,5.460785522133131
6036,28.410223690390325
6037,16.92687530282188
6038,9.732305996333022
6039,7.378254453448731
6040,5.950617841166261
6041,5.452375976401518
6042,5.383284288211081
6043,6.617998289451039
6044,25.657013714147535
6045,5.360182615917715
6046,1.5540538878776013
6047,25.337875829823176
6048,5.0877001416806715
6049,1.5446557882183367
6050,25.992054880187055
6051,5.421030411699492
6052,1.7644487179880564
6053,28.826847685232284
6054,21.912782093454144
6055,17.27615433454183
6056,15.704410493043717
6057,11.76075492421015
6058,22.552973974312366
6059,12.763109237396826
6060,6.852761183992746
6061,4.896814323446895
6062,3.6590404807845727
6063,3.348427163771693
6064,3.2214040571343014
6065,3.134175853553911
6066,5.621439112868289
6067,1.9719593543076313
6068,25.090954550531524
6069,5.092575758233166
6070,1.5684665740764256
6071,21.718214430530693
6072,12.048987809110919
6073,6.257009962791964
6074,4.2769975106311
6075,3.15180708035903
6076,2.8415239130854855
6077,2.7018308324937643
6078,2.6575322367976657
6079,21.646658181198035
6080,12.091984038921089
6081,6.282614693674712
6082,4.311439862771878
6083,3.115097771905451
6084,2.7879651279538935
6085,2.6838806362704473
6086,2.610304884723244
6087,12.738471595648033
6088,31.741687161601508
6089,12.52710296560759
6090,9.390983416798155
6091,5.943728475962024
6092,4.419561136240211
6093,4.012649270270732
6094,21.451194531552517
6095,11.865829776609438
6096,6.0500973924036225
6097,4.070191873295775
6098,2.9130120369532
6099,2.5733375302348804
6100,2.460140547927091
6101,2.3687053518604246
6102,3.9238177921016235
6103,72.1096733756343
6104,62.06038574246422
6105,36.172216853666306
6106,12.945923332349382
6107,18.5621201744715
6108,5.603256204853472
6109,58.720834873346995
6110,29.02234817202245
6111,17.105642833384383
6112,9.953543401589066
6113,7.460507097456292
6114,6.076414885544514
6115,5.712915576481621
6116,5.503036324387926
6117,5.364057812560406
6118,5.498296604992724
6119,126.37562189455797
6120,118.44655536093893
6121,27.174925141014988
6122,15.453286598850116
6123,8.626656308881865
6124,6.3050791522171465
6125,4.821228357743366
6126,4.520735894051336
6127,4.297012910853238
6128,4.145277953494839
6129,27.409916082295407
6130,15.863806030736727
6131,8.712617338745876
6132,6.8498167364948745
6133,5.818483003505458
6134,5.457562255861446
6135,5.332061883585554
6136,5.1965015002711
6137,34.88537856718642
6138,24.882910288044627
6139,14.677874672131875
6140,9.06941436728956
6141,8.667382459615249
6142,0.8406200100360463
6143,3.8899741979628844
6144,30.401428101984393
6145,22.492337014613415
6146,12.892039870833285
6147,7.104878623414947
6148,5.2215909460996
6149,4.032168389768578
6150,3.745683462102885
6151,3.576092876564696
6152,3.4852846917401648
6153,22.492337014613415
6154,12.892039870833285
6155,7.104878623414947
6156,5.2215909460996
6157,4.032168389768578
6158,3.745683462102885
6159,3.576092876564696
6160,3.4852846917401648
6161,23.98193209181473
6162,13.432269692810358
6163,7.400645441308481
6164,5.1872168188051475
6165,3.8763835863131426
6166,3.589180587340382
6167,3.5243042239001925
6168,3.502035189410248
6169,21.61830309624649
6170,4.279924465627669
6171,7.394035953780785
6172,11.717646399966661
6173,10.677548638338093
6174,9.612856016106537
6175,8.31671830732146
6176,22.461044520391248
6177,12.642043103764143
6178,6.708629395897775
6179,4.688604398726382
6180,3.500965346007526
6181,3.1897265000116346
6182,3.0414264524560046
6183,2.946916843522126
6184,22.230273258941594
6185,12.79088933783804
6186,6.739250052152608
6187,4.926240157251501
6188,3.781544396197413
6189,3.4246350531196823
6190,3.312934403480832
6191,3.225199120529786
6192,21.63604824668973
6193,12.124885232433847
6194,6.314505182592676
6195,4.388095156341154
6196,3.2470022467389636
6197,2.9282769729449107
6198,2.7691377621069426
6199,2.6713359741531875
6200,21.943824828952867
6201,12.287282819280845
6202,6.424820137614838
6203,4.486157626294068
6204,3.3335307332428106
6205,2.9830912934615346
6206,2.835522253374621
6207,2.7532350134345505
6208,21.685773653220167
6209,12.136242421199476
6210,6.284333107694328
6211,4.393340876127476
6212,3.287862041243601
6213,2.946195448133653
6214,2.813855983445994
6215,2.7278869721063983
6216,21.685773653220167
6217,12.136242421199476
6218,6.284333107694328
6219,4.393340876127476
6220,3.287862041243601
6221,2.946195448133653
6222,2.813855983445994
6223,2.7278869721063983
6224,26.42424334798761
6225,14.889438916252583
6226,8.070689846124157
6227,5.956000685923048
6228,4.469982153976067
6229,4.1719625495668
6230,4.041710895353867
6231,3.919298361980805
6232,25.102825058809042
6233,14.088231159422147
6234,7.451242561639971
6235,5.421712706785556
6236,4.0686501867806
6237,3.745918639072155
6238,3.579083980044359
6239,3.4569351712660996
6240,22.215084246837776
6241,12.448051965744646
6242,6.689785415507725
6243,4.7024680746857435
6244,3.5303914159828538
6245,3.194861266178035
6246,3.0296755297295856
6247,2.91885663911795
6248,23.121069312390837
6249,12.869730022847776
6250,6.72994025610661
6251,4.638353983388686
6252,3.4472618928669787
6253,3.137103181497069
6254,2.9632159276735237
6255,2.902149739406768
6256,22.354096266506467
6257,12.574317113081452
6258,6.7502974726585965
6259,4.751843657860009
6260,3.595783842969717
6261,3.2706550462981148
6262,3.126177672701829
6263,3.0452428278641306
6264,24.850474662660854
6265,14.16040231448891
6266,7.834454567347201
6267,5.809655172476873
6268,4.503595362562771
6269,4.140860224120326
6270,3.994785651078886
6271,3.904963297903624
6272,22.407146879231018
6273,12.51601024631623
6274,6.604769845962667
6275,4.640651084601188
6276,3.4571818079428933
6277,3.123507052750427
6278,2.9745414385668663
6279,2.9145089342956734
6280,22.22734279313646
6281,12.555528546614838
6282,6.740268440467819
6283,4.769708512506065
6284,3.6071427676589956
6285,3.324882645709098
6286,3.1744273160799743
6287,3.0788383774781876
6288,28.41166477064305
6289,16.64261634347831
6290,9.6654345909758
6291,7.3720361473689
6292,5.9519951574724494
6293,5.544708762485994
6294,5.352530209388881
6295,5.263059915937871
6296,11.598728733884034
6297,10.291577152665303
6298,7.004698436304037
6299,5.769554702122435
6300,36.92298192816482
6301,26.632377834041243
6302,15.043747483099523
6303,13.749107804974319
6304,13.009137342085232
6305,4.424217392294208
6306,46.54531280474027
6307,18.929016353066185
6308,9.468551540708578
6309,22.71238932417359
6310,13.02467382084605
6311,7.18270375344449
6312,5.266506748334837
6313,4.082797905533859
6314,3.761788421330099
6315,3.6221724856443145
6316,3.5432875623610816
6317,178.227255279809
6318,167.78884518291088
6319,27.776153389343495
6320,21.815489986623867
6321,12.038553927659477
6322,6.17362699262534
6323,4.173223611861771
6324,3.0176514647051507
6325,2.669809621221069
6326,2.543144037666205
6327,2.456457292861358
6328,21.366140466484737
6329,11.773944527504534
6330,6.117017725124333
6331,4.182645404717921
6332,3.0428884088382118
6333,2.712665458466098
6334,2.5766993087842707
6335,2.4979958907089452
6336,6.008206914835659
6337,22.43562928453462
6338,31.232022706033046
6339,1.9955233543410997
6340,5.188276479170248
6341,7.030862813355824
6342,14.82419396070141
6343,5.68922189390673
6344,28.976452296921533
6345,17.02942763250178
6346,9.984667408358014
6347,7.496239191312724
6348,6.061785469569836
6349,5.686526165464805
6350,5.490823023374986
6351,5.412286486280256
6352,28.976452296921533
6353,17.02942763250178
6354,9.984667408358014
6355,7.496239191312724
6356,6.061785469569836
6357,5.686526165464805
6358,5.490823023374986
6359,5.412286486280256
6360,23.00440045866271
6361,12.908663000343083
6362,7.691765432387344
6363,5.525638631217604
6364,4.444350765849539
6365,4.227020749671192
6366,4.123750069287996
6367,29.28042652733528
6368,17.152785242135224
6369,10.188915052797121
6370,7.811525784184373
6371,6.371297394954616
6372,6.024621872471134
6373,5.802426409541885
6374,5.689753969622593
6375,22.42098241466257
6376,12.774176611717044
6377,6.9828153936951445
6378,5.038782434476632
6379,3.793180581707177
6380,3.5154324860285
6381,3.3715892215892764
6382,3.293697505217636
6383,26.75460689960123
6384,15.566029565159432
6385,8.49203691931511
6386,6.308640621003219
6387,4.812906883795712
6388,4.581220278765899
6389,4.431121313591824
6390,4.310327057422159
6391,12.5708333110598
6392,27.85387715276398
6393,18.402523270927855
6394,10.962291076524382
6395,6.45898555208464
6396,11.697396710999383
6397,23.019934392503203
6398,12.917146155264037
6399,7.236845487852268
6400,5.3131400998622995
6401,4.156450048460439
6402,3.832550544872337
6403,21.81062114137816
6404,12.158600681222438
6405,6.357733107505898
6406,4.467172227255147
6407,3.316222852157452
6408,2.9868140179222697
6409,2.8525045486264204
6410,2.769477666018706
6411,9.441976767208716
6412,8.136827657783012
6413,10.108807284356894
6414,9.595884514078701
6415,25.744853204851875
6416,14.423594154740908
6417,7.64990918996866
6418,5.47298678651987
6419,4.100490240946538
6420,3.7514771750441795
6421,3.5442331030025778
6422,3.3686219241834374
6423,24.650374356023406
6424,27.45559787776152
6425,22.42112057905957
6426,12.835804276260701
6427,6.963124430930458
6428,4.996726208902834
6429,3.7697113519623064
6430,3.4610980966052582
6431,3.360197026597768
6432,22.621880511912845
6433,12.797347642562219
6434,7.030823338330919
6435,4.473304143180227
6436,3.321684878284371
6437,2.924557050772008
6438,2.801474754913555
6439,30.1188177145443
6440,18.416188403723517
6441,11.477940835286653
6442,9.397737691609954
6443,7.923207363283953
6444,7.501865974943422
6445,7.317610434769675
6446,7.212223498578055
6447,94.278581364496
6448,43.900292715056196
6449,31.338376407965896
6450,26.14848204460905
6451,22.82226489181803
6452,44.10111133653008
6453,46.44638142906928
6454,10.780508290389221
6455,8.737828086380885
6456,7.906358113992574
6457,7.041268040337375
6458,6.597981224355941
6459,20.508684422291388
6460,16.02885496880343
6461,14.106437665564755
6462,11.881139550496666
6463,6.312989855406208
6464,4.473340870387378
6465,5.489432156328996
6466,5.0751644537507445
6467,3.5729067403319696
6468,10.769648588840171
6469,10.656726168684676
6470,4.45506793886638
6471,6.221010687487848
6472,9.085012622900368
6473,6.352161496590883
6474,5.726745988649914
6475,4.895003141992301
6476,82.73263523622488
6477,7.5586592266235675
6478,6.136952357356799
6479,5.189862060447202
6480,4.520939620411164
6481,11.161621895635319
6482,28.29338432747042
6483,16.408010706492604
6484,9.275833115586662
6485,6.788637170910796
6486,5.368907285630374
6487,5.06125102553032
6488,4.933745510668876
6489,4.835353118929405
6490,30.631814279580308
6491,18.396558478552684
6492,10.928702301898397
6493,8.584207047150498
6494,7.3647852361268145
6495,6.891857063053531
6496,6.708929577948444
6497,6.629171650934746
6498,21.70750006394116
6499,12.058647800629231
6500,6.257768489730919
6501,4.336136537794104
6502,3.1654371829064094
6503,2.877712110155184
6504,2.72726416016795
6505,2.641263103910822
6506,22.200515480522224
6507,12.563398169435384
6508,6.819506262894648
6509,4.88279875994227
6510,3.7418686856136847
6511,3.4315432797258394
6512,3.264545988880611
6513,3.193780543568584
6514,8.772416538388544
6515,5.466749834355146
6516,15.10646288685566
6517,12.836251437425656
6518,21.447788940717757
6519,21.720568837873408
6520,11.836347311720484
6521,6.250126921779978
6522,4.424163724778487
6523,3.181598460007658
6524,2.884666810137363
6525,2.7080386584501808
6526,2.5902648421372736
6527,11.952739448223594
6528,11.453281335225583
6529,10.114988728554364
6530,43.902780356440026
6531,6.0751828242423755
6532,23.251619688580856
6533,13.107203163844595
6534,7.114590970080068
6535,5.13768240003742
6536,4.155412522119997
6537,3.8001301483735896
6538,3.650113096570667
6539,3.5079753902527764
6540,25.534684176403587
6541,15.416182766156064
6542,9.334882362549532
6543,7.232394749592364
6544,6.069170614640853
6545,5.729490532618463
6546,5.577208702252889
6547,5.486918765622484
6548,29.183155585330617
6549,17.445822199787827
6550,10.101862599718393
6551,7.808417562288906
6552,6.428677146387445
6553,6.024486152225571
6554,5.80194643258247
6555,5.686215040120775
6556,22.390205189778804
6557,12.662660568735598
6558,6.891217751464524
6559,4.959420685027905
6560,4.000654373206296
6561,3.6841458932360367
6562,3.562571855977244
6563,3.452855108732459
6564,25.54952273101888
6565,15.40371856431092
6566,9.33617895432822
6567,7.269946724530862
6568,6.089678594383038
6569,5.77636132435138
6570,5.639007524353706
6571,5.55044100530813
6572,26.29246716026771
6573,14.84540540234551
6574,8.091316943248437
6575,5.813942560893438
6576,4.465094397635847
6577,4.042021365183608
6578,3.8659502009218514
6579,3.7515848001462326
6580,18.260029520799158
6581,25.999724975753843
6582,15.231388634126823
6583,8.809783762285797
6584,6.265093227802188
6585,4.99342644169288
6586,4.610153489170122
6587,4.493847150980027
6588,4.467326232305539
6589,1.698876651826077
6590,11.704503193786515
6591,7.989496009793147
6592,6.594195586451654
6593,5.3098679953449
6594,5.337882646773854
6595,5.023934745276101
6596,25.61090935455743
6597,15.548377398570837
6598,9.572207837724902
6599,7.456635496538622
6600,6.279561728421292
6601,5.9174279015344595
6602,5.7793727450136
6603,5.674086954571974
6604,26.05219883316314
6605,4.415930611989324
6606,22.84738966376993
6607,13.058291395982952
6608,7.165434592239693
6609,5.264389281738329
6610,4.075562426904936
6611,3.7900433488268734
6612,3.6210768772075044
6613,3.535914019505311
6614,22.84738966376993
6615,13.058291395982952
6616,7.165434592239693
6617,5.264389281738329
6618,4.075562426904936
6619,3.7900433488268734
6620,3.6210768772075044
6621,3.535914019505311
6622,28.900221672654617
6623,16.890802228623162
6624,9.902495060003718
6625,7.498622643443796
6626,6.074064464215223
6627,5.677261210035647
6628,5.454983809968571
6629,5.356436524685992
6630,28.71135992516665
6631,16.717535866816277
6632,9.778050480613366
6633,7.344121981399201
6634,5.923965919135879
6635,5.564683278113522
6636,5.315807709731408
6637,5.215160674454444
6638,29.127868743791723
6639,17.293298977936438
6640,10.146068606484986
6641,7.5945896363014995
6642,6.126161058528874
6643,5.787088351338561
6644,5.605430878876528
6645,5.572878660633975
6646,30.970963359012067
6647,18.527572260730008
6648,11.24172676891721
6649,8.81640129162258
6650,7.148902211292691
6651,6.874435009522562
6652,6.607183819383066
6653,6.541934082782898
6654,9.59756818892362
6655,6.778113133699438
6656,5.492047494868941
6657,5.000529018943579
6658,9.193620288522531
6659,6.758633257666777
6660,6.138274793086776
6661,5.174208881136655
6662,22.957949670460863
6663,13.330530777189244
6664,7.591392898744692
6665,5.625769343164352
6666,4.426959298263649
6667,4.101076150532748
6668,3.9503383866328488
6669,3.874572771822459
6670,5.160415423076894
6671,9.420879424534997
6672,2.065866188682892
6673,10.189127395791031
6674,22.013294259800027
6675,12.37911300495455
6676,6.592023556035502
6677,4.6149543602354335
6678,3.4605601281927827
6679,3.137969674552175
6680,2.971836521305881
6681,2.9203173166515395
6682,21.709452940198588
6683,12.179662128434419
6684,6.372771262975542
6685,4.442515145142997
6686,3.29312806834134
6687,2.994286621778674
6688,2.8373142221444048
6689,2.7628697032626426
6690,21.709452940198588
6691,12.179662128434419
6692,6.372771262975542
6693,4.442515145142997
6694,3.29312806834134
6695,2.994286621778674
6696,2.8373142221444048
6697,2.7628697032626426
6698,23.703205721138595
6699,14.125575316009071
6700,8.322648540007282
6701,6.362967218611115
6702,5.2404019015531995
6703,4.857958574526499
6704,4.7362704278611005
6705,4.641088355726646
6706,8.271238856225986
6707,21.090016774242233
6708,17.07269600053461
6709,14.27843186500878
6710,11.510235356266426
6711,10.09435253891142
6712,22.40589714400531
6713,12.833209951987065
6714,7.0318317324004544
6715,5.134146624486398
6716,3.9838647946717276
6717,3.666604387820488
6718,3.5230851761082027
6719,3.434762812545952
6720,28.71135992516665
6721,16.717535866816277
6722,9.778050480613366
6723,7.344121981399201
6724,5.923965919135879
6725,5.564683278113522
6726,5.315807709731408
6727,5.215160674454444
6728,3.8783314168291882
6729,49.713790849472986
6730,28.398865392274622
6731,16.772074948374488
6732,11.491395986943022
6733,7.486475718685469
6734,6.361156733645485
6735,5.5623828416467616
6736,5.4771731447603
6737,5.443945605122022
6738,25.473938712152375
6739,14.981733397160275
6740,8.534484687046286
6741,6.425532190118358
6742,5.2792883171019085
6743,4.9491478534617475
6744,4.775503968960232
6745,4.671720284625158
6746,3.610794089064724
6747,73.7194596236097
6748,40.499740419710896
6749,32.93632199101738
6750,19.28787811991242
6751,29.03597059190993
6752,17.651476732912897
6753,11.083067037740102
6754,8.564892656192567
6755,7.178872393510284
6756,6.8515073664963815
6757,6.737325643013257
6758,6.652220325041325
6759,22.571283135267457
6760,12.687341992582493
6761,6.863932766412583
6762,4.935109098986313
6763,3.722416772491138
6764,3.3979472864511817
6765,3.2620025538822324
6766,3.198757208643932
6767,19.983487109020125
6768,11.084104526830945
6769,5.608477386331021
6770,3.5097369358859396
6771,2.3835359641346896
6772,2.057095047384304
6773,1.8830399145688022
6774,3.801652208505056
6775,27.282454514299744
6776,16.892732189234938
6777,11.083540346802724
6778,8.673929022588503
6779,7.36943074582021
6780,7.098862264194706
6781,6.979903448670199
6782,6.8437704082812925
6783,27.12893554878203
6784,16.75536019999847
6785,10.95827246433298
6786,8.515173362996656
6787,7.215909253245716
6788,6.958682246088162
6789,6.839999793329154
6790,6.688104708067847
6791,27.641858351405745
6792,17.014204188004467
6793,11.207169548773786
6794,8.947928646641156
6795,7.634473981163232
6796,7.348472600983733
6797,7.226999687672
6798,7.107815149981527
6799,21.59140692717629
6800,12.029057175176813
6801,6.2620950818908225
6802,4.361916894145954
6803,3.2149289439048045
6804,2.925335326814076
6805,2.7702806584439434
6806,2.678162615586027
6807,21.72756097030926
6808,12.082043696835523
6809,6.2978194768395
6810,4.36549611805682
6811,3.1777496688647977
6812,2.8839795582804797
6813,2.7494622788341276
6814,2.6686995940641296
6815,21.83928675690268
6816,12.20716603001795
6817,6.438330654610114
6818,4.508764434784986
6819,3.3662994119438094
6820,3.0905590606760835
6821,2.934370669402365
6822,2.84790455981012
6823,21.39354908876879
6824,11.81046374849384
6825,6.070505728316381
6826,4.129215535403849
6827,2.994884735055488
6828,2.679217518746865
6829,2.5445219455195263
6830,2.4550397915942184
6831,21.557152332455118
6832,12.004462764284286
6833,6.219271147389387
6834,4.3186461570334505
6835,3.1903829550592993
6836,2.9091020665509313
6837,2.750045951929996
6838,2.6549969124411295
6839,21.76102808357807
6840,12.127298865331202
6841,6.345762835175523
6842,4.439094400248926
6843,3.2847512348336596
6844,2.964448746806216
6845,2.8161929834504043
6846,2.7357414817337196
6847,21.187604711951497
6848,11.612400006903764
6849,5.876588155580158
6850,3.954536739082683
6851,2.828177178326434
6852,2.5084166341604224
6853,2.3571407516367366
6854,2.2709344993704943
6855,21.72267154489041
6856,12.08727454977407
6857,6.313137616785724
6858,4.373644623709135
6859,3.1819201630539427
6860,2.885468132224016
6861,2.7524258820997343
6862,2.668538453052967
6863,29.412757731342314
6864,17.63281958800033
6865,10.545624307519843
6866,8.176052078879234
6867,6.7262206507778295
6868,6.386038517179187
6869,6.203638136404121
6870,6.068758054420007
6871,21.607568257657668
6872,11.994918496455615
6873,6.216916226731863
6874,4.294412356652106
6875,3.132109144470833
6876,2.8438014638257165
6877,2.7097402609823886
6878,2.627669954261293
6879,22.743327368028663
6880,12.638032350929894
6881,6.655501869748276
6882,4.574865745454284
6883,3.4194827444198985
6884,3.1067616153179998
6885,2.959966914823937
6886,2.8735247196268605
6887,48.3872141722847
6888,8.798736051761578
6889,9.931436184134284
6890,12.264188851025043
6891,12.136310063110429
6892,8.597909100673284
6893,8.052564561352792
6894,12.370820492735119
6895,3.0403197792521754
6896,67.53267822499359
6897,25.407393280078857
6898,14.428612566196438
6899,7.912387530689423
6900,5.840496035815495
6901,4.574950342862951
6902,4.331737109174879
6903,4.191150801775368
6904,4.106410640391504
6905,24.87665181222651
6906,13.904879520153408
6907,7.558992196959483
6908,5.476481790312248
6909,4.1315405594063295
6910,3.803183203873245
6911,3.6704500320019173
6912,3.5006056823022056
6913,20.80364170436382
6914,15.554875768236737
6915,12.809371089179411
6916,10.577920359495078
6917,26.708094062505555
6918,15.836889695337717
6919,9.043787348073344
6920,6.687304226460751
6921,5.31474190372241
6922,4.932222671740401
6923,41.62452138391332
6924,1.734734896378556
6925,1.6626203918556897
6926,3.177219610173076
6927,3.9197561603444777
6928,5.7106312837049735
6929,7.58931644141286
6930,22.647695214883438
6931,12.580025293544445
6932,6.637435850722214
6933,4.6338280294307586
6934,3.421970038615852
6935,3.0604472995267
6936,2.913969263379965
6937,2.8402642060653926
6938,24.664091965701218
6939,41.34055128424883
6940,17.602793910296924
6941,22.07562098936876
6942,12.435810526970927
6943,6.684518886129613
6944,4.807722564825052
6945,3.639953964891035
6946,3.3301830918427826
6947,3.1831623855330964
6948,3.097763272774535
6949,22.043716547458256
6950,12.438613736445257
6951,6.681929941362524
6952,4.794437854850393
6953,3.6406634257468284
6954,3.3360813812848784
6955,3.1944448628827065
6956,3.106926934376787
6957,22.242447557655318
6958,12.58937905492387
6959,6.8078465473094525
6960,4.798853222293976
6961,3.5811616362487646
6962,3.26646462097333
6963,3.1427305312861757
6964,3.1032335992211353
6965,6.957118854535585
6966,29.274160859832705
6967,17.525944593523278
6968,10.31654904811965
6969,7.935579889577532
6970,6.431804586514635
6971,6.062143981690901
6972,5.9356042694141795
6973,5.8141001925061415
6974,32.75884372707666
6975,171.32926098771878
6976,18.415856884052705
6977,24.820246017768177
6978,14.473845891133987
6979,8.323526610386825
6980,6.115628465690401
6981,4.925876988699386
6982,4.561797570276642
6983,4.442996294101271
6984,4.380422029852071
6985,50.26328400710333
6986,45.04622899760695
6987,32.17807681871797
6988,89.83349709094267
6989,22.59193695847471
6990,12.944707106319509
6991,7.0966230623221325
6992,5.1317292813374245
6993,3.9622015414067047
6994,3.6046372633558716
6995,3.4753655557171816
6996,3.4254198057517726
6997,12.672519521948125
6998,33.718390484663345
6999,20.372591668267802
7000,12.704248393291962
7001,10.1598260659932
7002,8.682797521317111
7003,8.707886641251058
7004,8.443192589939173
7005,8.092913858308918
7006,19.234510739995102
7007,22.76423698211393
7008,15.196281794409957
7009,12.219403243667568
7010,8.985479674297224
7011,6.224321339301617
7012,5.401887161294588
7013,6.449549086642875
7014,4.630290867503222
7015,7.300968695326702
7016,6.115567306279978
7017,24.884791440313034
7018,14.38818559272353
7019,8.367451693427448
7020,6.452737790816068
7021,5.235452768737826
7022,4.882007240041369
7023,4.719201260354785
7024,4.568830781984071
7025,20.072640132835076
7026,8.14549129363436
7027,28.236036978826547
7028,16.645063536484287
7029,9.570084693809303
7030,7.189222333463353
7031,5.778017297346498
7032,5.3650765505717715
7033,5.159258963084225
7034,5.046532264847355
7035,11.146587888564877
7036,9.884704940510058
7037,8.668454290825036
7038,7.718157854814555
7039,21.038334779917395
7040,11.55404568558953
7041,5.966747206585967
7042,4.0358574231395234
7043,2.935879324229817
7044,2.615045513639443
7045,2.4606813065990853
7046,2.3981272280843147
7047,30.183693725872704
7048,18.26273862741305
7049,10.93883671221467
7050,8.757705678113286
7051,7.387329591849319
7052,7.133530708155156
7053,6.844375402436018
7054,6.577709202656134
7055,28.795520236011996
7056,16.84151009463532
7057,9.767077272844336
7058,7.398454345833672
7059,5.944627925998609
7060,5.505072136366755
7061,5.304586657279982
7062,5.2184741587859484
7063,24.32444033470785
7064,13.78583203478395
7065,7.896645926850945
7066,5.883842378308055
7067,4.69313175636563
7068,4.369222091656225
7069,24.1784353166111
7070,13.728352243450685
7071,7.8209278207454815
7072,5.806887710484462
7073,4.6355257135752375
7074,4.315086946519069
7075,3.8371164746708706
7076,5.388607677053423
7077,2.9290300894535584
7078,3.4658158863800614
7079,3.8178766033100704
7080,3.1326258878390716
7081,3.5995300923085667
7082,6.778393077021146
7083,21.591872193709115
7084,11.96545641651601
7085,6.240474204325283
7086,4.292053471058195
7087,3.1302131799924995
7088,2.796287606497015
7089,2.6361562943049126
7090,2.573054695260315
7091,22.160846196709752
7092,12.253612270254145
7093,6.458639966204036
7094,4.462196467074259
7095,3.3023700921487475
7096,2.947873272523196
7097,2.816174173212598
7098,2.7609249253496086
7099,1.971346873669813
7100,7.816855069936915
7101,10.11861583230446
7102,19.616535699755193
7103,30.612861840232455
7104,16.27900339530691
7105,14.641032894275432
7106,28.458761251206646
7107,23.489158610681557
7108,54.26077538159937
7109,27.279920663811197
7110,16.15489561723038
7111,13.319380320060915
7112,33.96331553467122
7113,30.843777558519818
7114,34.41545509199224
7115,11.038858921895725
7116,81.18655811836618
7117,8.32568229835795
7118,32.18455068606781
7119,30.328143400050536
7120,16.789261215270884
7121,43.79180206725008
7122,8.792716664876542
7123,22.621409754531893
7124,12.770549023641351
7125,6.867685926657124
7126,4.914286702846482
7127,3.7164111507270445
7128,3.3403959525897657
7129,3.1872695392500625
7130,3.1005542093601575
7131,9.74952284268977
7132,8.510847905437556
7133,33.46467077469866
7134,10.350084567603187
7135,24.03468861263412
7136,13.544984116506384
7137,7.349348077931079
7138,5.145555951350923
7139,3.8401541586059706
7140,3.5480827263313497
7141,3.409659643419889
7142,3.3388719317636477
7143,21.436139173729032
7144,11.859176262114818
7145,6.016627564270838
7146,4.1254712601139865
7147,2.99236360342569
7148,2.665080588401249
7149,2.5184727563838116
7150,2.45896234377136
7151,16.837808264624577
7152,9.325040134028267
7153,6.397297987266582
7154,6.539257968147734
7155,2.3369812656906634
7156,202.69578739737497
7157,28.920813846713436
7158,17.06761272552457
7159,9.952362929788197
7160,7.753857928169742
7161,6.289472759033487
7162,5.910641571021997
7163,5.741146774303212
7164,5.598777004130884
7165,16.514530174004562
7166,3.9853358234381546
7167,3.473004718138109
7168,3.8716752349341608
7169,11.48541439245732
7170,1.3399992833473129
7171,2.93454946943715
7172,81.25852670142675
7173,64.90395521865106
7174,60.65319918702342
7175,44.952070217202966
7176,15.31664859810363
7177,3.4942797087528046
7178,3.380490758893831
7179,3.3864608221400756
7180,27.81534435410037
7181,16.16618967863925
7182,8.95090864347684
7183,6.6663631201528
7184,5.365317071917964
7185,4.8638271309879
7186,4.670999353650257
7187,4.621905763048425
7188,9.231433688572992
7189,29.48298163362541
7190,17.834997163044356
7191,10.610661930052089
7192,8.312986595965079
7193,6.784435651644732
7194,6.3319807143775115
7195,6.079160515450125
7196,6.014130294299322
7197,29.91149244062881
7198,8.093077436385752
7199,3.839451097336102
7200,24.474854309283668
7201,14.43992819627492
7202,8.438460982174126
7203,6.1938288731774085
7204,4.991011886913719
7205,4.555959297774924
7206,34.2052181723919
7207,21.450583568919644
7208,12.982299041258603
7209,8.980021646328051
7210,7.245920134361827
7211,6.764486943622348
7212,12.783217998039753
7213,10.791333835719657
7214,9.771474056988653
7215,8.642536349693243
7216,12.726440836002524
7217,10.396324302078657
7218,8.819226105228264
7219,7.618885139390935
7220,2.9766802182756313
7221,2.9850581229357505
7222,4.893245591184213
7223,29.54878981943776
7224,17.16986568622628
7225,9.697739946807703
7226,7.109937025561255
7227,5.702314757426068
7228,5.3030741490769655
7229,5.063072417178022
7230,4.886244295491265
7231,22.08520904905566
7232,12.42092123734974
7233,6.743633674964494
7234,4.804975544856819
7235,3.6038007073696
7236,3.280726209169839
7237,3.1081344614011113
7238,3.0399607144801415
7239,2.0904780051001635
7240,30.60008611173107
7241,29.32011439237086
7242,8.713405909969968
7243,12.023830202985451
7244,14.43465995690957
7245,11.960314821288458
7246,10.920035468855191
7247,9.393579508460828
7248,5.767662361603843
7249,6.145797611743143
7250,13.629530918959828
7251,10.102065889071026
7252,9.385889009188888
7253,7.834985346470422
7254,12.52131030781515
7255,8.795322753409856
7256,8.150065955572684
7257,7.201046456201416
7258,8.789392514927243
7259,9.121422133375738
7260,7.6186493344104385
7261,6.4574370591518075
7262,5.910411768007176
7263,10.909638888533685
7264,9.287145182509105
7265,7.891914495639895
7266,6.61087518641064
7267,75.84052195743928
7268,63.72006347771932
7269,60.61964390337697
7270,58.05743269156362
7271,8.840933970200897
7272,14.46833607807579
7273,7.377765934389666
7274,6.72574822252083
7275,6.907044008103195
7276,2.622385856139309
7277,3.1270358155886497
7278,4.461587643034308
7279,33.97601915852657
7280,22.90870594614934
7281,16.53851143508427
7282,12.096106457974434
7283,10.51003643877343
7284,10.080748920194331
7285,9.934658407092872
7286,9.828548199733508
7287,25.46988990514392
7288,15.13505547989885
7289,8.979435200567316
7290,6.9958155194968645
7291,5.685895527139314
7292,5.388557953026187
7293,5.239282897632303
7294,5.145137606232636
7295,28.04774161531433
7296,16.419103481665932
7297,9.397734074753759
7298,7.126915483357142
7299,5.690473723585894
7300,5.283285996107157
7301,5.059575638513552
7302,4.943918237362369
7303,22.823898744082882
7304,12.765582081109212
7305,6.8807134784003114
7306,4.822365010919488
7307,3.6682795205852115
7308,3.2831606768258093
7309,3.1359715812372184
7310,3.0699081176179623
7311,21.420113540643356
7312,11.905772308477287
7313,6.13659532145322
7314,4.225642012389987
7315,3.0802499743964855
7316,2.7601746308253725
7317,2.6190838786199286
7318,2.5390838900566886
7319,23.1073047626938
7320,13.309730580742599
7321,7.459909851659025
7322,5.545901555425356
7323,4.38911961759326
7324,4.0312203381235125
7325,3.8906771431556058
7326,3.8146939105039586
7327,21.934103433914295
7328,12.189169331375803
7329,6.540397357828028
7330,4.631176883477964
7331,3.4128803308385636
7332,3.1241095433328825
7333,2.983567276122479
7334,2.908447594866313
7335,28.06639759157251
7336,16.29279655249987
7337,9.446798040132315
7338,7.211112925156968
7339,5.79313273233152
7340,5.39856125440119
7341,5.254606418361343
7342,5.191479632113191
7343,21.008727280213048
7344,11.448579804613662
7345,5.675680940716383
7346,3.7714235409344745
7347,2.6036081071824544
7348,2.2691183042010907
7349,2.1410115460417987
7350,2.045828547532931
7351,21.180602553770044
7352,11.57568159709854
7353,5.799828298214453
7354,3.902377066797055
7355,2.724075313057779
7356,2.39270298094775
7357,2.2597460669675677
7358,2.178003156534457
7359,20.86939065115111
7360,11.335597069526692
7361,5.599292779917391
7362,3.718252700940052
7363,2.5674555622918396
7364,2.2426900493570074
7365,2.1162700278687523
7366,2.024941927307332
7367,21.573683519959474
7368,11.94423816320208
7369,6.182973391346839
7370,4.25181999872583
7371,3.083704399721756
7372,2.79185074005046
7373,2.6539091249745512
7374,2.5718057066399886
7375,21.357065056005986
7376,11.702672563081466
7377,5.82169809721482
7378,3.9392186098885764
7379,2.7566637615517973
7380,2.423268728002244
7381,2.2969332279549564
7382,2.20184687155023
7383,21.50665300241204
7384,11.795526424425859
7385,5.892626761516722
7386,3.962591814371188
7387,2.7881356234951897
7388,2.4500849605231934
7389,2.316938422921309
7390,2.2277593967145695
7391,21.194748322562848
7392,11.605153196476703
7393,5.848246725696825
7394,3.947584626821885
7395,2.7798689907042298
7396,2.477335960283056
7397,2.349783183642515
7398,2.260093883120781
7399,23.740471156762833
7400,13.619873017055422
7401,7.595471249177172
7402,5.553425339931013
7403,4.187100169595031
7404,3.8299860219765622
7405,3.694701633687246
7406,3.587308192769771
7407,8.630207819629314
7408,69.71708081687903
7409,21.733197488917913
7410,13.350697242469506
7411,10.242130855723202
7412,8.911569205324932
7413,7.756935907598013
7414,24.58512558225651
7415,14.049008541360802
7416,7.939428756709418
7417,5.856247032844601
7418,4.552815357880122
7419,4.194524562398307
7420,4.037211127409731
7421,3.974555442559571
7422,22.80964255046314
7423,13.184309923319983
7424,7.536024223694718
7425,5.673816169526955
7426,4.4586127262765345
7427,4.130850760419717
7428,3.991564220959779
7429,3.9352907857890713
7430,21.556228683929703
7431,12.00860786373807
7432,6.274540848449278
7433,4.4079214929737
7434,3.2482547387524168
7435,2.938935570535014
7436,2.7940466021584176
7437,2.703105736525048
7438,22.147644793235884
7439,12.544795338791527
7440,6.793729027638299
7441,4.884276404323382
7442,3.7569107194005076
7443,3.449781276895413
7444,3.3062375981929635
7445,3.215106452335367
7446,21.778799069096195
7447,11.988955009050876
7448,6.061679583636584
7449,4.152430607797358
7450,3.0414668510038485
7451,2.6761695796533425
7452,2.544885466764702
7453,2.4791694486258433
7454,26.59750046505463
7455,15.82163303281196
7456,8.727942648158105
7457,6.6038901959383205
7458,5.3069373324011755
7459,4.852695257278576
7460,4.755142413582851
7461,4.656921197907704
7462,26.59750046505463
7463,15.82163303281196
7464,8.727942648158105
7465,6.6038901959383205
7466,5.3069373324011755
7467,4.852695257278576
7468,4.755142413582851
7469,4.656921197907704
7470,23.556767277750893
7471,13.790920609841619
7472,7.948419310775061
7473,5.9790268168939225
7474,4.730092277218913
7475,4.4460705762882275
7476,4.313132003098599
7477,4.2047283103080915
7478,2.582866975385923
7479,3.5609985868444864
7480,30.683630686818177
7481,18.111892678642377
7482,11.213923485947827
7483,8.622005283035119
7484,7.148274930708261
7485,6.913299560614055
7486,6.707541765633396
7487,6.352136149517176
7488,16.981733358719666
7489,21.244131767117402
7490,10.705927777636052
7491,12.152601838013235
7492,94.50214837848958
7493,69.06078160713194
7494,53.3493570617095
7495,51.3122774087121
7496,153.80977816212868
7497,19.277789403890637
7498,16.897874165430487
7499,14.397840635418191
7500,12.899783002703076
7501,23.152488736831465
7502,13.279643297208985
7503,7.35497135522925
7504,5.350816114354853
7505,4.098359522030694
7506,3.7230301681919533
7507,3.55156068014233
7508,3.463172357665511
7509,3.9136524724311874
7510,3.5643247906956517
7511,25.467764819120646
7512,14.822107248954879
7513,8.143572012395857
7514,6.158544355601718
7515,4.8020889422502115
7516,4.49430894280774
7517,4.3587775766482855
7518,4.246728822627426
7519,21.967877737815495
7520,12.504705779400783
7521,7.0188984265422985
7522,5.068237734980733
7523,3.8287643659824195
7524,3.5179672669710564
7525,3.393350631642372
7526,3.3458792066075214
7527,8.312106108870355
7528,15.524892325221396
7529,13.047853376659534
7530,10.664393892984663
7531,8.57277161171658
7532,8.66769464627708
7533,4.963956415760536
7534,2.652386820171995
7535,2.3604069851546408
7536,9.66571411397819
7537,5.815211128356897
7538,4.5542917592320595
7539,12.261389436815401
7540,11.363420501145974
7541,6.31861072361058
7542,5.014653786932039
7543,4.748543934784883
7544,4.38890220635205
7545,4.062729894140254
7546,13.13281999823319
7547,7.837002634873176
7548,11.533392359745873
7549,7.186136723218014
7550,5.632411775204717
7551,3.9902727320192666
7552,0.917998239175341
7553,1.2334985478446234
7554,24.233800822256093
7555,14.024426811098408
7556,7.921850325940658
7557,5.9302171089672635
7558,4.7306289411453175
7559,4.499389382107165
7560,4.346321388216042
7561,4.277413040395016
7562,25.028577315021227
7563,20.864580635898882
7564,18.427810146472954
7565,14.236536194711725
7566,12.484646442541488
7567,11.651614822256132
7568,10.762792391234235
7569,24.94042554817156
7570,20.756064426982014
7571,18.197165298352523
7572,13.974003932807426
7573,12.255514832812889
7574,11.50511381519958
7575,10.663198666869983
7576,29.967347792677632
7577,18.006148205285257
7578,10.562820575101298
7579,7.890823133139323
7580,6.295680018590272
7581,5.866781904033354
7582,5.701217310205441
7583,5.555065587733304
7584,22.27235190385515
7585,12.722821605452168
7586,6.8950315877129755
7587,4.973200807386995
7588,3.776869183078433
7589,3.4342296407401403
7590,3.30534439134928
7591,3.224490659824017
7592,22.43995099460054
7593,12.849764196361825
7594,7.075229309931585
7595,5.035655962892008
7596,3.865162372608131
7597,3.5827979369203167
7598,3.4064938869167323
7599,3.338912268568704
7600,9.68453232995751
7601,28.43739819746547
7602,16.33602220935964
7603,9.050447598248498
7604,6.505278376794003
7605,5.1130103909175535
7606,4.681170815327809
7607,4.388885133122184
7608,4.258687971460246
7609,24.639044092325555
7610,14.066836192603756
7611,7.710457987033466
7612,5.407745989030072
7613,4.0391400784552705
7614,3.7212977100700044
7615,3.563609265575043
7616,3.461577757795368
7617,21.619393838335306
7618,11.872883177427639
7619,6.173600948182266
7620,4.225236981822279
7621,3.075164504150226
7622,2.734449742126766
7623,2.5628524558857286
7624,2.4881284248281843
7625,7.919970477327261
7626,35.74609512230225
7627,22.015632323481682
7628,12.290763160021264
7629,4.418213841017028
7630,4.506126933221101
7631,6.418126748336313
7632,4.977052824508723
7633,24.19259693404898
7634,13.68848395047948
7635,7.324406439495098
7636,5.238166338652819
7637,4.007844785178921
7638,3.642115230801036
7639,3.4833637234385155
7640,3.4021893074050134
7641,8.071379946032499
7642,148.491661498534
7643,56.2019739210798
7644,37.589181224806815
7645,10.989494928980486
7646,10.311811410543978
7647,14.315282226443669
7648,11.554481053199089
7649,9.76595653070436
7650,8.056396541662926
7651,2.438395989380484
7652,20.576627434838816
7653,18.235592887469252
7654,10.18469609663503
7655,6.486465017988548
7656,77.80790008412104
7657,56.16332197321796
7658,51.214580631809525
7659,38.071836144485616
7660,29.272224340311205
7661,24.965970562787817
7662,22.681127542871913
7663,21.318477842915225
7664,51.421438039164556
7665,69.54889012609436
7666,8.303734000413417
7667,7.260214596229558
7668,15.71044778095294
7669,13.73041830799656
7670,12.569733337898507
7671,9.329305141575793
7672,112.13508102043114
7673,55.411680922886994
7674,29.10823788829841
7675,15.969542572991257
7676,26.62628983897126
7677,16.248831101768122
7678,10.135861726844077
7679,8.225558874634881
7680,6.88325805929671
7681,6.548048201701792
7682,6.380916814729105
7683,6.325705343379819
7684,26.987253584420927
7685,15.91706450190234
7686,9.945267272616409
7687,7.641295460054751
7688,6.291237663530209
7689,5.776873443535499
7690,5.685384810489248
7691,5.630774765363254
7692,22.624136697712338
7693,13.283547209302927
7694,7.714093210896022
7695,5.8425513337410795
7696,4.650503503022053
7697,4.261477412738429
7698,4.121957614741215
7699,4.055860795153595
7700,14.867984827520816
7701,22.97961523913144
7702,10.176491363829559
7703,28.19754693932792
7704,16.274821757337655
7705,9.215874175954337
7706,6.7862473543377515
7707,5.4376465254568185
7708,5.0572219606418685
7709,4.842597046160892
7710,4.768779447211064
7711,82.2044327379432
7712,32.70130557364192
7713,53.52946078514372
7714,67.5016639344575
7715,48.485055493812176
7716,57.7481590688682
7717,42.63286943603975
7718,12.527976494752574
7719,7.726899520539016
7720,5.979518473460018
7721,20.5591570695232
7722,13.780080355961235
7723,8.757094743140629
7724,8.05210648268179
7725,12.839366194270553
7726,10.025604711646416
7727,8.065301580576804
7728,13.602540382375125
7729,10.583884022543293
7730,9.317177214069043
7731,56.3967084975168
7732,23.823790181152443
7733,17.973379677852023
7734,12.130140085091224
7735,8.608582197984003
7736,7.94018458172602
7737,31.129780674313825
7738,13.657873073430107
7739,10.424556557607366
7740,8.599533203898849
7741,7.539316826574357
7742,7.014137928380828
7743,29.022131680430796
7744,7.704774678741766
7745,3.632300584654777
7746,2.071386460686262
7747,31.27083926385736
7748,18.276853698753495
7749,9.87499912767316
7750,7.152875422399725
7751,5.799957076938079
7752,5.56317228941694
7753,5.5030586546402525
7754,1.7641189946646718
7755,37.610588619824306
7756,34.89604721307533
7757,2.1348817418089805
7758,4.858219811201058
7759,3.8836284017076315
7760,8.10559282474513
7761,6.777681468704552
7762,5.19672754521333
7763,39.72634694398532
7764,15.28696734660759
7765,10.149432150335587
7766,5.866491319679983
7767,5.545214162486449
7768,24.321468873325962
7769,20.02382902874494
7770,15.179654903837486
7771,13.360161704772654
7772,12.148165387102706
7773,11.207995188421126
7774,15.661324222813882
7775,13.386769609183487
7776,10.747021224338319
7777,10.059317635983007
7778,10.180396825145582
7779,19.85128113798257
7780,23.008311001483143
7781,28.56717218631114
7782,108.00154134623531
7783,7.537272325929186
7784,28.981219931634797
7785,17.21174545390596
7786,10.044930527722048
7787,7.631399626914344
7788,6.094438364325539
7789,5.678478082112825
7790,5.503468449860086
7791,5.415395046601722
7792,22.384749000772153
7793,12.426283413299878
7794,6.466089429175113
7795,4.4471580551299335
7796,3.2482159184655646
7797,2.8535850247639063
7798,2.685082916025312
7799,2.6195941677316177
7800,22.751452551543444
7801,12.632417839962208
7802,6.728217669602444
7803,4.739771974885137
7804,3.4849422855984367
7805,3.1430271461504136
7806,2.99136112780105
7807,2.906453856874505
7808,31.09877433864431
7809,18.138370010501923
7810,10.32045988073391
7811,7.688438476862907
7812,6.243755128656779
7813,5.743299526814607
7814,5.453727591482711
7815,5.315070604181939
7816,28.52940141905596
7817,16.537376066334264
7818,9.44166355638585
7819,6.891358225811373
7820,5.506737937995984
7821,5.114493997013055
7822,4.95321749455673
7823,4.8434658512525885
7824,29.157989692270633
7825,17.619451260918048
7826,10.59465323569157
7827,8.217561776515623
7828,6.750501719207232
7829,6.392363919371304
7830,6.189937709621324
7831,6.061636593713715
7832,29.069303386091033
7833,17.581409069048455
7834,10.550188812544953
7835,8.175635929846242
7836,6.735494839141252
7837,6.370237903663631
7838,6.164477734556462
7839,6.040558018411115
7840,28.841191705312493
7841,17.54995207668317
7842,10.643566957378649
7843,8.565881977126864
7844,7.335317713617006
7845,6.847151099075247
7846,6.562624389445247
7847,6.514373937517475
7848,21.544120360281006
7849,9.726217633248941
7850,11.069125195188532
7851,57.638811154260054
7852,16.513040801072307
7853,28.92764228545411
7854,17.43544064096418
7855,10.16624307566522
7856,8.069329885072898
7857,6.536412487894974
7858,6.306441146303584
7859,6.152841078159501
7860,6.1499524187951025
7861,41.14863782364232
7862,24.30287844755043
7863,12.36028379908651
7864,8.586871338902936
7865,6.580128233683482
7866,6.357592198782645
7867,6.174018721521539
7868,6.12628441239824
7869,23.11757662109526
7870,13.337942515698188
7871,7.473531235659887
7872,5.403029560351497
7873,4.119739475024277
7874,3.824388274761932
7875,24.90191315517329
7876,15.03572555174155
7877,8.664011010220008
7878,6.393746679972532
7879,5.020625195533766
7880,4.695058965478173
7881,21.230641915918604
7882,12.431051288256002
7883,7.356277755791867
7884,11.957873572158737
7885,54.088264873591285
7886,67.39988719555768
7887,51.29744358534927
7888,46.66058708306098
7889,32.53119673160635
7890,1.4391350562343879
7891,80.26616903868322
7892,6.298344708172603
7893,22.260769673213574
7894,13.005801695497112
7895,7.393802613949973
7896,5.246071866490737
7897,4.088711891357674
7898,3.7746874170158664
7899,3.622200792598218
7900,3.5352310471298147
7901,19.026359784635208
7902,10.319767043816206
7903,5.574181497010342
7904,4.17627659151357
7905,3.0829631792938486
7906,2.8510672837638595
7907,2.751536218285638
7908,3.8925817113208643
7909,7.942574937872578
7910,7.976322274137586
7911,11.113735157006895
7912,13.646523898241075
7913,10.80936569178003
7914,9.029850747990439
7915,8.253997682411345
7916,3.206302960998935
7917,13.65583080265695
7918,10.40758125607759
7919,8.785770898642872
7920,7.189615908641402
7921,18.47653954807381
7922,9.10466003029962
7923,12.71042589821539
7924,9.414802618436614
7925,11.44318933044321
7926,49.04276690734357
7927,32.18286290096093
7928,14.373135151630605
7929,5.209575773442436
7930,2.694858586104407
7931,11.850805628445002
7932,14.165000873341858
7933,11.281090454758296
7934,9.683993283027801
7935,8.487937973555775
7936,27.159455434405757
7937,15.707360785387898
7938,8.835951434034307
7939,6.518992034798668
7940,5.16199481251283
7941,4.687114985148652
7942,4.491302260533124
7943,4.361238701511821
7944,25.82534777482244
7945,14.652583929524141
7946,7.906720354870179
7947,5.927079226693287
7948,4.471279531869241
7949,4.185780436917918
7950,3.9195617866820185
7951,3.78654627427151
7952,206.77342754188876
7953,81.92015626907803
7954,53.44464262760071
7955,42.88460042301072
7956,38.226981980057914
7957,7.146123782178211
7958,15.267337901698003
7959,13.07296185565526
7960,12.601091709125026
7961,11.010789268208198
7962,22.41621225186079
7963,12.79536505528595
7964,7.089469261076202
7965,5.197178518832436
7966,4.073815974581389
7967,3.7334189580740116
7968,3.5888196555036345
7969,3.5129362314547645
7970,21.910404849145312
7971,12.322580596939922
7972,6.569048462948497
7973,4.666779145779645
7974,3.531863483274858
7975,3.239001560427913
7976,3.0943329614828334
7977,3.004645327767965
7978,21.892845660483527
7979,12.295685549409413
7980,6.533227587880932
7981,4.628588372924989
7982,3.486160367348038
7983,3.201535094487535
7984,3.050231988189192
7985,2.964302884010604
7986,21.896034297435634
7987,12.316354939448043
7988,6.60371519691794
7989,4.703443371176961
7990,3.562639952832095
7991,3.2566112691960396
7992,3.1129106674378937
7993,3.030707437618548
7994,21.880950028174723
7995,12.302048826943631
7996,6.593603109256041
7997,4.69784749441135
7998,3.5535694773916555
7999,3.2496374790460605
8000,3.1063468436134594
8001,3.0231991970246064
8002,21.756548680639217
8003,12.101020510235978
8004,6.317985303411718
8005,4.443851455157899
8006,3.2646143332373545
8007,2.9412724121402865
8008,2.8036213031973
8009,2.719237816300257
8010,25.413225160394745
8011,5.862632978449106
8012,2.204314715582716
8013,7.122725892250567
8014,11.503927722096755
8015,6.896053146772516
8016,22.570355171940186
8017,12.897846709439667
8018,7.176914803469783
8019,5.2392119074090235
8020,4.088463531164247
8021,3.770871313652621
8022,3.628880263743017
8023,3.5549241436891377
8024,21.513522042305272
8025,11.90942546954204
8026,6.159031307138471
8027,4.221292888544102
8028,3.050082646075317
8029,2.760236666058211
8030,2.621082396544649
8031,2.5365022408147935
8032,21.20013949601325
8033,11.60865376665611
8034,5.877291511129706
8035,3.9739384985915636
8036,2.8409027698886336
8037,2.5151059332596315
8038,2.3781483371349545
8039,2.285418246090561
8040,24.16745101198459
8041,5.407513049720597
8042,1.7645065358670524
8043,21.51576052983141
8044,11.8959442371825
8045,6.166731461400342
8046,4.211100615853219
8047,3.038754439094517
8048,2.7493713299717966
8049,2.611915931536329
8050,2.526373879397099
8051,23.057855634374626
8052,12.819970613221976
8053,6.675211170551898
8054,4.656116241593587
8055,3.4242026127200487
8056,3.07518785571654
8057,2.8732755811222743
8058,2.8088875261447486
8059,21.993611968019522
8060,12.35718114977986
8061,6.5804911112675555
8062,4.614932394504626
8063,3.4662509241065025
8064,3.159998987961392
8065,3.0042713136955133
8066,2.9162563645468227
8067,30.516357435903117
8068,17.47872190580754
8069,9.679764190443294
8070,7.177640536784105
8071,5.549854086432371
8072,5.084718897440965
8073,4.791346591392618
8074,4.568891513877849
8075,17.018321266523856
8076,25.013716291146377
8077,5.07241832553443
8078,1.477510171210446
8079,9.032708324683352
8080,29.46870901872058
8081,17.808379906777652
8082,10.7785262007255
8083,8.32885511687185
8084,6.835682526756695
8085,6.500557750736514
8086,6.30186584477609
8087,6.203253965031663
8088,28.53238873816202
8089,72.2683524095357
8090,22.5528579624198
8091,12.939526122456948
8092,7.095433693776451
8093,5.211946345056775
8094,4.025670759185865
8095,3.6691366628078947
8096,3.48926334349989
8097,3.400076590998532
8098,2.2522611606973193
8099,1.3862903732319487
8100,1.4056772712120131
8101,21.73363412634042
8102,12.108797232073194
8103,6.386166440805286
8104,4.463703811920729
8105,3.2783847079092254
8106,2.9600456063842486
8107,2.827749747335746
8108,2.7500160222694396
8109,30.064151469196137
8110,17.710425104196148
8111,13.26744950661675
8112,1.6230448852606103
8113,7.697389097194611
8114,22.332516720987122
8115,12.68057449882821
8116,6.912169547038172
8117,4.973051421247195
8118,3.8444237677779585
8119,3.542247790742989
8120,3.3948266304079957
8121,3.312337028106216
8122,22.332516720987122
8123,12.68057449882821
8124,6.912169547038172
8125,4.973051421247195
8126,3.8444237677779585
8127,3.542247790742989
8128,3.3948266304079957
8129,3.312337028106216
8130,28.975545728383004
8131,16.76756029100755
8132,9.62339667686197
8133,7.142677107904074
8134,5.7149111911770865
8135,5.378355936874495
8136,5.203657754313743
8137,5.100567974840541
8138,28.011678546009648
8139,16.331049320177023
8140,9.275965462113849
8141,6.9998972123421455
8142,5.595596059905395
8143,5.1515102802713475
8144,4.92589420616114
8145,4.855119324484991
8146,20.994483360824336
8147,12.492375927436633
8148,9.836534203771706
8149,8.116534244765958
8150,5.751164867050901
8151,4.930838224003827
8152,40.5602390360226
8153,21.37560479766672
8154,11.833025151099521
8155,6.0876583572047105
8156,4.132384205526871
8157,2.992474469587823
8158,2.678075352735893
8159,2.562836341480061
8160,2.475577162296183
8161,21.872454665581408
8162,12.257152225946893
8163,6.5281396714327755
8164,4.639890884094114
8165,3.472480805284677
8166,3.168158521976497
8167,3.008940440474835
8168,2.9280558058439143
8169,21.792205045015464
8170,12.18276490329921
8171,6.484607606261682
8172,4.561483727179739
8173,3.4509089066718137
8174,3.1208906426672476
8175,2.9628836928362734
8176,2.8740677259321696
8177,28.189846412063396
8178,16.555801183505338
8179,9.391937605959097
8180,7.069819833088371
8181,5.615499572554298
8182,5.224955385938277
8183,5.045063692302746
8184,4.9413278961137515
8185,57.03435197875561
8186,41.96409743631625
8187,32.45170275390856
8188,30.091678306274883
8189,26.073811084568245
8190,25.81731011159383
8191,24.529164475505198
8192,23.488739923352878
8193,3.8310029886933936
8194,3.7461153630342974
8195,5.2299119869931
8196,32.34167315482111
8197,24.047307689462674
8198,19.92194429389607
8199,18.117500588602898
8200,17.031036642315534
8201,16.420001081932647
8202,28.96944221668258
8203,17.538094817216866
8204,10.528121413480683
8205,8.175659013854979
8206,6.703871290002013
8207,6.4160773489545
8208,6.301222250800171
8209,6.161183492345194
8210,28.950207625583225
8211,17.446896356408825
8212,10.471515874105357
8213,8.147048976533203
8214,6.6732833747111435
8215,6.385243831396984
8216,6.269005478371987
8217,6.129417845830323
8218,2.7153925465311484
8219,1.6942741829038153
8220,22.577088250107465
8221,15.729386690076861
8222,12.707494156072865
8223,13.396403465775647
8224,7.960708607561001
8225,3.9205071412767674
8226,40.09950767670404
8227,26.621450262102446
8228,20.11609575606608
8229,17.76541382649734
8230,16.334738955618782
8231,15.679298175952846
8232,14.974232806069631
8233,14.479565412531464
8234,26.979072059581537
8235,15.424756803645304
8236,8.500160038513783
8237,6.195528346165014
8238,4.810028868650247
8239,4.432854656632536
8240,4.2511946066044475
8241,4.15829196935138
8242,6.465030429122063
8243,30.5503268799609
8244,28.178764224660377
8245,16.280253705646636
8246,9.116031575284065
8247,6.6873576637775995
8248,5.315202382964347
8249,4.914660266777354
8250,4.692559920495468
8251,4.59221606913531
8252,13.698641102607068
8253,11.47527308318726
8254,117.64519659441402
8255,281.8028089789943
8256,179.24886955244645
8257,28.26453954872116
8258,16.578526436831247
8259,9.419198423097232
8260,7.102133827682286
8261,5.639157528416308
8262,5.235238641717201
8263,5.050512027410557
8264,4.944551700263286
8265,4.430157628375264
8266,5.265202597276944
8267,4.401812581017344
8268,3.7571262284097653
8269,3.113930710757315
8270,5.185820771850993
8271,5.023528892766286
8272,15.982393440247819
8273,42.34180232853733
8274,26.720247020019105
8275,20.051186842422442
8276,15.009297557286985
8277,5.218425082408499
8278,14.728511628576879
8279,12.302417103513136
8280,11.22909869980795
8281,10.087476843903499
8282,28.468160537443108
8283,17.358782605645693
8284,10.708275362355753
8285,8.39212335894818
8286,6.863867675216194
8287,6.57200394762494
8288,6.340212635674073
8289,6.288997987727694
8290,30.850493028203736
8291,19.284318122629195
8292,13.157106367696525
8293,11.167145162273478
8294,10.296839707119831
8295,9.914296922676678
8296,9.567108412093486
8297,9.44354920648469
8298,39.103945899148314
8299,23.565622960482923
8300,17.215335544151987
8301,13.832863451676817
8302,21.302999821684644
8303,11.74375229890905
8304,5.993670475239353
8305,4.068044826305231
8306,2.939700399029745
8307,2.6173462369218354
8308,2.481597350818677
8309,2.39380336494051
8310,20.557425645660963
8311,11.079971801325373
8312,5.314227696427318
8313,3.435156278862519
8314,2.310244411761833
8315,1.9983196449227
8316,1.850094076921794
8317,1.751899979003327
8318,21.269626475433288
8319,12.01287757715122
8320,6.359829056799481
8321,4.4895757602995126
8322,3.3367744263396055
8323,3.0107109971401105
8324,2.878026208261118
8325,2.791626526703573
8326,21.50831354415906
8327,11.954238280403196
8328,6.230920654308111
8329,4.338220614064364
8330,3.1662783703541053
8331,2.8308248496116772
8332,2.6971971968092467
8333,2.6201911725317277
8334,21.608687111202364
8335,12.171428062548
8336,6.067129192820591
8337,4.023572852080154
8338,2.7512794330046733
8339,2.4059841428501243
8340,2.210006827738509
8341,2.614762223603101
8342,1.8071021762392823
8343,1.7700119167760646
8344,1.7477228613732672
8345,21.395342856161285
8346,11.795711713556516
8347,6.030626474401439
8348,4.130172541071361
8349,2.9931096915262154
8350,2.6633592540187525
8351,2.529453564790806
8352,2.439545575509129
8353,20.923282912005213
8354,11.540740324780913
8355,5.831800701827996
8356,3.771878359151928
8357,2.65691003518012
8358,2.375633990339137
8359,2.2531537971253757
8360,2.1785111978902
8361,20.80045678200559
8362,11.456185570561205
8363,6.022642128064125
8364,3.779448823689755
8365,2.6622639820921554
8366,2.402376935494518
8367,2.255498816578388
8368,2.1589155886619036
8369,21.082564006191053
8370,11.3483939203613
8371,5.697225580167436
8372,3.6727463935287066
8373,2.4681636907433604
8374,2.0949916613247033
8375,1.904122408544782
8376,4.305521678641841
8377,5.014427356460741
8378,21.34738954000707
8379,23.465222043305893
8380,13.407255802138293
8381,7.381300558232108
8382,5.212893632796562
8383,4.11478992348141
8384,3.7292316026297967
8385,3.5890139974181166
8386,3.5129791547440075
8387,22.012490781367095
8388,12.519979031876112
8389,6.774670118622075
8390,4.886117475440548
8391,3.8097687349550724
8392,3.4732750514577178
8393,3.3581259361530122
8394,3.257284753235704
8395,21.07417442533802
8396,11.602720549963866
8397,5.922993159506538
8398,4.01069758138073
8399,2.8602921763629863
8400,2.5327072628249
8401,2.404835503746876
8402,2.324754746876817
8403,21.31260346586571
8404,11.656049394597273
8405,5.927116233891934
8406,3.9285408086220635
8407,2.8480682317287345
8408,2.517709932787348
8409,2.35977693187128
8410,2.2843327031695813
8411,8.976212364425908
8412,1.6189091451755728
8413,20.974592301667595
8414,11.42280070664914
8415,5.671050980343758
8416,3.7201969944249513
8417,2.571162329930838
8418,2.235889157651525
8419,2.0899310890023006
8420,2.042701439693972
8421,8.75448424861373
8422,21.047142279504115
8423,11.585742750095044
8424,5.927838061761489
8425,4.044092086510929
8426,2.8565958837357357
8427,2.5062239297559294
8428,2.380873317115146
8429,2.3024297930307958
8430,23.608494519418322
8431,12.674310588009355
8432,6.25082876099312
8433,4.479494226649864
8434,3.1229626065164684
8435,2.847221799419148
8436,2.6836592846127783
8437,2.6410829140931575
8438,20.48046293943181
8439,11.259584459657432
8440,5.702406994374572
8441,3.6132496831751006
8442,2.5390308312460377
8443,2.161587590174808
8444,2.020729659379569
8445,38.00264209435605
8446,33.86168818320689
8447,28.479496214803593
8448,1.7110161602003722
8449,2.1938790124111494
8450,10.617379759984178
8451,5.878346985478656
8452,4.507873105655827
8453,26.247354778866214
8454,6.495176463139101
8455,2.3626264749416332
8456,21.011870744169986
8457,11.979885771913057
8458,6.752767796335128
8459,5.038673108784483
8460,4.040970238293836
8461,3.732973492482868
8462,3.6146567830913483
8463,3.534912017477277
8464,20.227264372565585
8465,11.828536597830938
8466,7.022888582616837
8467,5.0727362395856135
8468,4.0836984453411524
8469,3.7327832411709303
8470,3.6277585278327384
8471,3.5488797508687053
8472,5.87614782375935
8473,6.161567767260689
8474,5.529932020530284
8475,6.161567767260689
8476,20.20688811514865
8477,11.721598697658662
8478,6.69531669972855
8479,4.779458352585862
8480,3.716240252400621
8481,3.3590766217835837
8482,3.2361602878639744
8483,3.1818547218367397
8484,5.529932020530284
8485,5.529932020530284
8486,5.87614782375935
8487,22.062277524731527
8488,12.236490533316637
8489,6.407318479090166
8490,4.493170352778309
8491,3.3752726954897057
8492,3.0744007043239256
8493,2.927677429317864
8494,2.80206782993052
8495,17.064039963783994
8496,11.59280784607591
8497,10.222396783650975
8498,9.06008873079119
8499,12.540247230300084
8500,10.834206535373909
8501,9.569753802538031
8502,8.162896029567083
8503,14.355346210106667
8504,14.172005264096411
8505,21.480700799041617
8506,11.85962720106477
8507,6.092442002169681
8508,4.155413581934857
8509,3.0407248578752664
8510,2.7127170380000214
8511,2.573221928775053
8512,2.5112852672249715
8513,21.436139173729032
8514,11.859176262114818
8515,6.016627564270838
8516,4.1254712601139865
8517,2.99236360342569
8518,2.665080588401249
8519,2.5184727563838116
8520,2.45896234377136
8521,89.43466296881144
8522,62.35608069681434
8523,38.154273592760546
8524,13.293387019945012
8525,11.71064721878449
8526,38.01081600193389
8527,32.63747274835448
8528,32.03688080091736
8529,40.09816941114477
8530,41.90291255802663
8531,8.124226586199097
8532,5.599579063761495
8533,18.23564751470129
8534,14.08164875692354
8535,28.216445861238903
8536,16.560954350490924
8537,9.59371851730886
8538,7.2603013846046265
8539,5.851921395967658
8540,5.436082294834354
8541,5.239462467161418
8542,5.1599019762668945
8543,27.78877556649195
8544,16.27238830185002
8545,9.409639023241793
8546,7.075681067521
8547,5.572376331973727
8548,5.213008443007017
8549,5.068617520863112
8550,4.965006715898121
8551,14.750526952772482
8552,14.997400133620266
8553,3.7458338290436375
8554,21.59651972560362
8555,12.211960573053636
8556,6.667152514199095
8557,4.754895580775728
8558,3.584371500858688
8559,3.276009039342758
8560,3.1290020207042613
8561,3.0528688924628224
8562,12.023305985437254
8563,18.630399645505722
8564,13.471436774687252
8565,9.872022349901542
8566,30.049935460451294
8567,17.997132490758773
8568,11.142502147914875
8569,8.785319192806726
8570,7.159368967805535
8571,6.854863837717725
8572,6.6565582396954746
8573,6.555604345610583
8574,30.218836359566662
8575,18.01493437846966
8576,11.132674293955585
8577,8.939348619808953
8578,7.282980796753671
8579,7.007522929914637
8580,6.812842618575377
8581,6.733858429295368
8582,26.892548648079167
8583,16.4535625147031
8584,10.560153492706254
8585,8.501412661594633
8586,7.204475065116354
8587,6.754692603263258
8588,6.5815931664428655
8589,6.461265843706862
8590,9.232414606988566
8591,2.8156878066228597
8592,5.732159438007159
8593,3.7025157412458745
8594,3.4535013734971076
8595,2.174078562686665
8596,1.8187869061003685
8597,9.845256339281491
8598,11.915663519668183
8599,21.649110598107608
8600,12.024160332754024
8601,6.285164598575136
8602,4.376587176954816
8603,3.2073915591403583
8604,2.8744370012261786
8605,2.7454737894003776
8606,2.6692251676424767
8607,21.906908874999722
8608,12.290621467178962
8609,6.5550252424181865
8610,4.638409326803158
8611,3.4601991592556574
8612,3.1443189812515047
8613,3.005172716223078
8614,2.928082813971419
8615,21.876810536054904
8616,12.23028427675192
8617,6.473907979553789
8618,4.571740232802556
8619,3.411938836100189
8620,3.0841363948864706
8621,2.9497941610574463
8622,2.874882998382897
8623,21.30318822143772
8624,11.714460913905498
8625,5.92705919983705
8626,4.027507598632297
8627,2.8493665252497395
8628,2.5343442823691325
8629,2.4078866236005254
8630,2.323052293535464
8631,21.10081792595588
8632,11.480102678371738
8633,5.639528364550602
8634,3.7215744378697635
8635,2.531152240705865
8636,2.2020820679308715
8637,2.088677747633163
8638,1.997482151376592
8639,22.461613132160593
8640,12.64668572520192
8641,6.750845713189062
8642,4.850444564328406
8643,3.6359917596517044
8644,3.281378528105134
8645,3.143291165382086
8646,3.085705650698457
8647,21.16188760024458
8648,11.492868154166018
8649,5.659223040653548
8650,3.72285742248234
8651,2.543154610698915
8652,2.2200092892310965
8653,2.109415871750201
8654,2.02137050690977
8655,13.524293192419044
8656,6.547285567200878
8657,6.073670693695605
8658,43.19220077900396
8659,55.62387507875931
8660,18.872421902773333
8661,26.289721451213808
8662,14.682962216256666
8663,7.609935690367135
8664,5.394433806905846
8665,3.8858637561068345
8666,3.5603091666794837
8667,3.4062796543130087
8668,3.266674962993108
8669,4.028292974517573
8670,4.516174208187221
8671,61.41147808166386
8672,80.78353913620278
8673,24.537212557605844
8674,14.662730975421816
8675,8.582917918656985
8676,6.640951987816882
8677,5.430730065351456
8678,5.037567021589383
8679,4.834891329221354
8680,4.744687472993788
8681,27.75979321645133
8682,16.54495401301333
8683,9.878184459984631
8684,7.947500192507114
8685,6.766747753065371
8686,6.410368651609302
8687,6.2413983320235165
8688,6.0704417567968045
8689,23.26080863387847
8690,13.553680476591214
8691,7.3503023400897325
8692,5.372516744071376
8693,4.192864494901017
8694,3.8796313216957827
8695,3.7128020673206015
8696,3.625457153216444
8697,23.26080863387847
8698,13.553680476591214
8699,7.3503023400897325
8700,5.372516744071376
8701,4.192864494901017
8702,3.8796313216957827
8703,3.7128020673206015
8704,3.625457153216444
8705,7.973459755124484
8706,12.43561697539889
8707,8.453545934392217
8708,7.281336026634717
8709,5.929857243249258
8710,13.764260902253316
8711,11.156067481690203
8712,9.184173279171524
8713,8.147882684065776
8714,4.264398893938964
8715,1.7392135903660777
8716,11.562972941369624
8717,8.545739785906658
8718,7.29174929798409
8719,6.4575022532341935
8720,5.347728047985716
8721,12.362785924949423
8722,10.893528097243887
8723,22.533494780145276
8724,27.898199912319264
8725,16.58697757155911
8726,9.57348094199059
8727,7.178213560445332
8728,5.860216492599879
8729,5.488113341466277
8730,5.306818688680343
8731,5.188958848930592
8732,21.875454251666785
8733,12.030619198116378
8734,6.296227505565108
8735,4.325454276957055
8736,3.1439620819563734
8737,2.782684700975036
8738,2.608902913169991
8739,2.5551419841440697
8740,8.620549588509686
8741,22.654716900264702
8742,13.086305021942234
8743,7.069763135753939
8744,5.084506000309744
8745,3.945953657758068
8746,3.63042380007408
8747,3.461628099741727
8748,3.359464218406824
8749,22.972393288470315
8750,13.255725811544224
8751,7.2737377666529905
8752,5.232881624079922
8753,4.0359173168510525
8754,3.7293546371396573
8755,3.5583264320151637
8756,3.452320574078026
8757,22.249681416878268
8758,12.846729055069474
8759,6.945674524937333
8760,5.013796997460389
8761,3.9032171309266976
8762,3.5828054561722675
8763,3.4226352098089587
8764,3.313237064429108
8765,29.274080460891625
8766,48.577278078365154
8767,27.094901943940513
8768,15.808920987890719
8769,9.028518770688727
8770,6.867645851888092
8771,5.5124421968678
8772,5.12404282160035
8773,4.913716465291461
8774,4.832455386103222
8775,2.377590053574956
8776,8.372274439637389
8777,3.677985411485306
8778,21.37560479766672
8779,11.833025151099521
8780,6.0876583572047105
8781,4.132384205526871
8782,2.992474469587823
8783,2.678075352735893
8784,2.562836341480061
8785,2.475577162296183
8786,21.37560479766672
8787,11.833025151099521
8788,6.0876583572047105
8789,4.132384205526871
8790,2.992474469587823
8791,2.678075352735893
8792,2.562836341480061
8793,2.475577162296183
8794,23.206950342528
8795,13.213912174884262
8796,7.235377699396745
8797,5.242241329131281
8798,3.975965250759007
8799,3.6641942296076246
8800,3.5042655677837886
8801,3.4179987230850712
8802,21.917353095330476
8803,12.229187277113294
8804,6.457192561643232
8805,4.506624581753704
8806,3.3298079325496013
8807,2.9990732636332544
8808,2.870470546930912
8809,2.776825575193034
8810,24.862677311132803
8811,14.068212715746714
8812,7.725493451559385
8813,5.455861154612588
8814,4.105770652644591
8815,3.793679117866816
8816,3.6598213208007584
8817,3.5639600361454313
8818,26.111891588868026
8819,15.445173316542022
8820,8.79105566310223
8821,6.774068922690892
8822,5.504201271280763
8823,5.153177216097443
8824,5.036574455018474
8825,4.895122924603074
8826,65.26682332795923
8827,22.185898885110774
8828,40.170490143514144
8829,9.275553466931797
8830,6.414883190846709
8831,15.262651904509289
8832,13.869850677581177
8833,8.539918668740516
8834,6.33010652461731
8835,42.452468107896266
8836,23.472513773638994
8837,13.68022826797674
8838,7.322082398207933
8839,5.270297047689023
8840,4.116275763340741
8841,3.788690184040158
8842,3.6270309964289944
8843,3.5817916105398804
8844,7.951925842688372
8845,6.143487933312249
8846,4.132217508070973
8847,31.17188831621583
8848,6.814551543771263
8849,2.0280510598589565
8850,10.968663149428467
8851,9.097176509694622
8852,3.3923255833922656
8853,3.2146254673928665
8854,9.55220557967681
8855,25.781581207726482
8856,5.572367373934754
8857,1.7623512451508416
8858,21.413872912435583
8859,11.857458442975208
8860,6.105290172797887
8861,4.159397195093036
8862,3.013745647802378
8863,2.6981229671489815
8864,2.5878348625337226
8865,2.4957690671207526
8866,21.514895439304343
8867,11.916220915662725
8868,6.133575756545663
8869,4.185405123550992
8870,3.0342469293803997
8871,2.7175738195305548
8872,2.6031302296685497
8873,2.511123054272132
8874,20.61212899042215
8875,11.083677885276513
8876,5.324146367682015
8877,3.416211911837611
8878,2.2437029273752436
8879,1.9258852392181212
8880,1.7869565859132992
8881,1.694954232781168
8882,21.30971409922495
8883,11.75209027310802
8884,6.007606164134047
8885,4.077910123662736
8886,2.9548296366018283
8887,2.608616105753746
8888,2.4861851305650644
8889,2.3940287700391663
8890,20.582669806163857
8891,11.109383902324206
8892,5.291189256596614
8893,3.3582541805366635
8894,2.196702057780705
8895,1.889964213090904
8896,1.7589699920009432
8897,1.6751283592368116
8898,31.516228253260067
8899,6.678237284733952
8900,2.535775089261988
8901,3.605015925440787
8902,28.733810358595942
8903,16.848255395643985
8904,9.96004844143385
8905,7.28567507980817
8906,5.777102995900237
8907,5.437727457061892
8908,5.265650996724186
8909,5.170014920008094
8910,3.1032443195756487
8911,3.1521990660926775
8912,3.0828063816023983
8913,3.031259051058383
8914,4.3082718323748335
8915,6.378152906513797
8916,1.0670261022883616
8917,1.1510527937596249
8918,4.69723808922119
8919,1.9281843820818048
8920,14.864338592474788
8921,25.65182857572611
8922,14.820168922577746
8923,8.065800361411323
8924,6.118288420236692
8925,4.779074484948411
8926,4.499472883729567
8927,4.2620682670833006
8928,4.093337439311446
8929,25.597970892588595
8930,14.67867196993376
8931,8.019671055294282
8932,5.930962383608825
8933,4.513654114496103
8934,4.2083504112948535
8935,3.9667222581865467
8936,3.811117815199294
8937,27.16879572600548
8938,15.62878622055036
8939,8.662015808963842
8940,6.4992661967999785
8941,4.991221125624676
8942,4.709058262248581
8943,4.476313756077625
8944,4.318680382443603
8945,141.58464844130765
8946,102.57759615118565
8947,85.85232813348725
8948,66.951089791595
8949,11.983628870049918
8950,4.88828238660322
8951,4.025824520365174
8952,12.42080067302729
8953,21.468896588132353
8954,11.950536884691843
8955,6.166952377520532
8956,4.259545904306316
8957,3.156959321317971
8958,2.8091826660675383
8959,2.6832817312126647
8960,2.6020371638299458
8961,21.55549241554343
8962,11.978813154804946
8963,6.20737090918536
8964,4.285403174333555
8965,3.1766642217141445
8966,2.8276976864252377
8967,2.700952891149983
8968,2.6181502800492016
8969,20.624685782369944
8970,11.118841060788334
8971,5.338175413856851
8972,3.4159212620683954
8973,2.2482088180359137
8974,1.9242629502878548
8975,1.7878085108537363
8976,1.7080969685487388
8977,25.559896724768127
8978,14.740647338472268
8979,8.066372623056893
8980,6.061890193468502
8981,4.644487646237416
8982,4.369018165266489
8983,4.135950483143252
8984,3.997698298825505
8985,10.22111014995573
8986,6.493761419678913
8987,5.207906836239204
8988,10.256046512299822
8989,1.9784331236717911
8990,1.6528295371031172
8991,16.101216521887665
8992,7.977441099347309
8993,30.774054585265194
8994,19.725302548841015
8995,12.466346750801563
8996,8.756259760099635
8997,7.501086629031248
8998,7.154338230572479
8999,7.005564710127324
9000,6.897773397283121
9001,33.706291636510294
9002,21.245746861036384
9003,11.68719246273724
9004,5.955252909367514
9005,4.034522657135216
9006,2.887211558339794
9007,2.572038661943933
9008,2.423610793392415
9009,2.344517978465876
9010,12.40579861931566
9011,23.39227228410044
9012,22.04506729366289
9013,12.433425745573121
9014,6.683979249680494
9015,4.799182185863479
9016,3.646635540924512
9017,3.3336278452039734
9018,3.176394626963213
9019,3.09067809668712
9020,22.483742299077285
9021,12.788054915940723
9022,7.035642273425063
9023,5.168646377796559
9024,3.962755911966796
9025,3.6600428463527823
9026,3.5089002799497395
9027,3.424164403431483
9028,22.539446926768814
9029,12.830739167496935
9030,7.065038035947481
9031,5.205625442300933
9032,4.026666389275201
9033,3.710027581482265
9034,3.564559796450258
9035,3.482697180933478
9036,22.19709120654327
9037,12.520903510263263
9038,6.769049653621723
9039,4.840457799574361
9040,3.6998675323929877
9041,3.394876362358705
9042,3.233870321177642
9043,3.161588255884629
9044,22.117494506493635
9045,12.517923616054693
9046,6.755564030174613
9047,4.854315371532682
9048,3.7359640535257874
9049,3.427859048989464
9050,3.2847549475914857
9051,3.196671886383938
9052,21.174312283456917
9053,11.580456924107319
9054,5.828546748379723
9055,3.9099944017035293
9056,2.732734705239536
9057,2.4057733942178285
9058,2.272802505694436
9059,2.188582388901162
9060,21.174312283456917
9061,11.580456924107319
9062,5.828546748379723
9063,3.9099944017035293
9064,2.732734705239536
9065,2.4057733942178285
9066,2.272802505694436
9067,2.188582388901162
9068,7.613786325071581
9069,73.20937560030453
9070,32.052194537862874
9071,21.29549787483792
9072,12.811310114888606
9073,14.444958122903111
9074,13.078401386099944
9075,10.944258681360129
9076,9.196705394100327
9077,18.151456043111235
9078,2.6392946516194744
9079,16.949709670281422
9080,13.627326319453342
9081,10.459139173150037
9082,10.841290584833661
9083,26.155049275816335
9084,16.222560982217935
9085,10.304803527359924
9086,8.091125669301569
9087,7.020740416656937
9088,6.732945403142374
9089,6.574386386575708
9090,6.421182716406641
9091,25.330505477867085
9092,16.51381900572104
9093,10.89605808116999
9094,8.581670088186968
9095,7.561968955890182
9096,7.088047369415726
9097,6.970330961690964
9098,6.843691581997735
9099,27.947185102268364
9100,19.953638458103644
9101,29.22252119830715
9102,17.28621270465012
9103,10.110127667966097
9104,7.743244292831459
9105,6.291046491602961
9106,5.922505351416195
9107,5.726980711722716
9108,5.605249039052236
9109,2.199045003343641
9110,5.365212512249127
9111,2.374108043726466
9112,7.036716689129603
9113,23.86577458715995
9114,15.749888145210035
9115,13.995987770271078
9116,8.307691822571725
9117,6.777099488053261
9118,4.633332824768706
9119,3.3874294839949473
9120,27.423234391791787
9121,15.990867403746815
9122,8.91896848066688
9123,6.361298987147931
9124,5.051657296186352
9125,4.60894179989743
9126,4.40220013812472
9127,4.279810834251716
9128,2.8105841153339
9129,21.57291696786706
9130,11.900238673841848
9131,6.19936362380179
9132,4.2507534932569095
9133,3.091287472876483
9134,2.7437686395877714
9135,2.5917981608267455
9136,2.5046034903963195
9137,28.79423552899757
9138,16.93825974270603
9139,9.71263021126957
9140,7.430175736262662
9141,6.013008003931816
9142,5.589514266933072
9143,5.394469818190554
9144,5.293177037324934
9145,55.169790570770886
9146,10.261892415506656
9147,9.98498920589316
9148,13.007541861660616
9149,10.291524596996103
9150,9.004902737107937
9151,7.437549853113067
9152,22.07060093796418
9153,12.305336816168218
9154,6.489796948705339
9155,4.528946076427477
9156,3.3617174884637206
9157,3.0515869773452584
9158,2.8986049530775153
9159,2.825814298420587
9160,21.768081262934366
9161,12.175486823967546
9162,6.41445393861387
9163,4.516975807223217
9164,3.3386893378979923
9165,3.04929482032151
9166,2.892976234525385
9167,2.810478351036435
9168,22.036305889612926
9169,12.419946918387422
9170,6.665314237028914
9171,4.757623895527972
9172,3.589774846907636
9173,3.281671754138962
9174,3.133537033787505
9175,3.0507588257413465
9176,5.479110252330905
9177,5.607132851934574
9178,139.45650874764127
9179,67.72887320449522
9180,42.07468620085423
9181,29.97240594861232
9182,17.771746912047345
9183,10.448595688363843
9184,8.04574304957614
9185,6.565337683475576
9186,6.254647404582915
9187,28.80246069446258
9188,16.847124741541563
9189,9.461259756349946
9190,6.995905857409647
9191,5.588768737018923
9192,5.254444607284436
9193,28.686531650116734
9194,24.94807392200294
9195,14.693541503295311
9196,8.464768519172207
9197,6.386018876701383
9198,5.155095567284024
9199,4.787904931105053
9200,4.630651443622144
9201,4.574979808975467
9202,22.4256712141912
9203,12.586611043714143
9204,6.833092579889935
9205,4.9096016592944
9206,3.798387323912152
9207,3.461707484298752
9208,3.2645142743857942
9209,3.1841537805219446
9210,29.328501958842455
9211,17.433725805561604
9212,10.338365674290102
9213,8.001935991801952
9214,6.466562077178768
9215,6.130581118996429
9216,5.94641919468642
9217,5.825460188904922
9218,28.04261017312318
9219,16.41127212903998
9220,9.455756064955219
9221,7.289719820010323
9222,5.828416435054666
9223,5.464423107391899
9224,5.286113407484705
9225,5.1601346016388705
9226,11.06540343290287
9227,6.199789779445048
9228,3.786536643350764
9229,3.224493153808263
9230,8.531802744279586
9231,6.8014751668555276
9232,5.456652154972882
9233,14.34198572699649
9234,8.494474736488506
9235,6.7569302347603255
9236,7.538999306033961
9237,7.539482714841446
9238,27.21727330390035
9239,15.779987713533798
9240,9.006024589625753
9241,6.875328948786198
9242,5.4296360226584826
9243,5.0521440864584495
9244,4.875975775746491
9245,4.75545113678934
9246,3.443297534799301
9247,114.3367534047361
9248,81.63850474483773
9249,56.00750123900435
9250,37.010980505373354
9251,37.67084597571501
9252,27.024277579270546
9253,20.66771615980764
9254,17.586427875533392
9255,16.36476692354258
9256,15.493443006449343
9257,15.418614484406001
9258,15.08625662670471
9259,19.49425706040031
9260,12.437352472694352
9261,5.058476009189831
9262,4.607679594869978
9263,5.735399692549539
9264,144.09699488289905
9265,88.16126255678047
9266,70.39771876034195
9267,41.138934705709886
9268,19.703125817865722
9269,78.78262744153209
9270,31.558474807709505
9271,20.75472621525811
9272,13.281620047650987
9273,11.110784492740667
9274,9.663894534312291
9275,9.278544543530925
9276,9.20867434783462
9277,9.142511897299057
9278,22.543132465635452
9279,12.918905844352246
9280,7.146214853724514
9281,5.27620916186495
9282,4.113820052358051
9283,3.79873315831231
9284,3.645134471115197
9285,3.5654047793515478
9286,13.837650444951567
9287,10.313859844110537
9288,17.60616699045174
9289,15.798049526946395
9290,13.711708712739007
9291,13.76073815405272
9292,59.83427236536828
9293,30.025168409509554
9294,20.671752106087865
9295,13.361491819961511
9296,11.521015600506482
9297,54.047470491306356
9298,24.463971450031426
9299,14.027678665707963
9300,7.840175990187729
9301,5.686546664285874
9302,4.434754753660247
9303,4.18217892240204
9304,4.066212583825422
9305,3.980608633714202
9306,32.63467363753075
9307,6.9761568687910085
9308,2.0399368945266687
9309,1.596699111965971
9310,2.300848478427833
9311,2.450713302848707
9312,6.864357734877714
9313,16.40336871498957
9314,16.40336871498957
9315,6.888261051192526
9316,30.191923989305344
9317,19.321268320538557
9318,12.132816697445495
9319,9.282824285708761
9320,7.945676895724175
9321,7.463326844370945
9322,7.402667085650124
9323,7.371502120386196
9324,26.443325370753783
9325,15.277965971597894
9326,8.63905297877154
9327,6.0313366536385375
9328,4.823199683744162
9329,4.339437368173925
9330,4.241564411045296
9331,4.148904678088932
9332,24.103616862762316
9333,13.784916052747782
9334,7.702233523678389
9335,5.61722778667498
9336,4.3496877844332555
9337,3.945023665548011
9338,3.767697740357235
9339,3.6787319955341635
9340,1.3318270182485974
9341,1.3023419780436483
9342,24.925865069863427
9343,14.244309856214151
9344,7.897965432899522
9345,5.671057628784426
9346,4.402373560214727
9347,3.996785047728432
9348,3.8271855053087425
9349,3.7467303497555946
9350,10.635194779588033
9351,17.035008744018892
9352,3.556077597935232
9353,0.9780922269692698
9354,28.793336601081727
9355,16.812505139901717
9356,9.520701998860394
9357,7.313433186031273
9358,5.794349393242467
9359,5.451267257503123
9360,5.25037119295313
9361,5.113847167623738
9362,63.349460898950916
9363,44.70472332591703
9364,41.005612259680916
9365,4.357856568826216
9366,10.20434877404401
9367,10.657798409784059
9368,22.543980373569834
9369,12.912953834840266
9370,7.142529915078988
9371,5.27455938916767
9372,4.1096899732702905
9373,3.7995391260219202
9374,3.648728785565799
9375,3.5685614047365686
9376,28.73678509355154
9377,16.845865509685893
9378,9.734031475995648
9379,7.220428115575499
9380,5.790419513195365
9381,5.443283149171293
9382,5.2450421619757766
9383,5.114090531570193
9384,29.37037080229303
9385,17.240297565099233
9386,10.22161599764076
9387,7.753623276082415
9388,6.304147917079041
9389,5.979774114552393
9390,5.779226600336358
9391,5.683194417529213
9392,28.80349287652841
9393,16.81493104489502
9394,9.90623170582597
9395,7.444056900298079
9396,6.030721932682215
9397,5.685093326477796
9398,5.4425436383156045
9399,5.329961172098233
9400,28.80349287652841
9401,16.81493104489502
9402,9.90623170582597
9403,7.444056900298079
9404,6.030721932682215
9405,5.685093326477796
9406,5.4425436383156045
9407,5.329961172098233
9408,28.516945103467943
9409,16.979228685557533
9410,10.031319301109303
9411,7.567725455850953
9412,6.102643923048002
9413,5.745135172924876
9414,5.581460178320084
9415,5.46278760934884
9416,25.102050274296065
9417,15.002618646319323
9418,9.05401067864843
9419,7.178335042925036
9420,6.0299521183652525
9421,5.6238686354347935
9422,5.458166549186533
9423,5.337478282421038
9424,27.506284552713105
9425,20.21293469377018
9426,4.22057154729218
9427,1.2434231781452068
9428,23.585879689529733
9429,5.27859421556379
9430,1.7422479946912777
9431,29.242212229089294
9432,17.14000578577538
9433,10.18586727433637
9434,7.896535981406316
9435,6.4159509679935045
9436,6.058594145842078
9437,5.839631992781247
9438,5.720668813860245
9439,15.49927176523558
9440,3.7293333637241637
9441,4.520333434430569
9442,3.7817392830541525
9443,4.000617105725249
9444,29.36845693541597
9445,17.220802032461087
9446,10.194513300657317
9447,7.715933462053171
9448,6.270330322593614
9449,5.918150060014818
9450,5.702816351744968
9451,5.612323896341341
9452,23.822225000978534
9453,13.887279047437119
9454,8.099939843130578
9455,6.318186615474877
9456,4.999743231790433
9457,4.63851919656725
9458,4.496466319278226
9459,4.411927584282333
9460,23.822225000978534
9461,13.887279047437119
9462,8.099939843130578
9463,6.318186615474877
9464,4.999743231790433
9465,4.63851919656725
9466,4.496466319278226
9467,4.411927584282333
9468,28.210178155234395
9469,16.310501761933498
9470,9.471235504417145
9471,7.042130284736039
9472,5.679988840639509
9473,5.415316333065616
9474,5.236110830999418
9475,5.1193233471331485
9476,3.1831539652668974
9477,3.082465732656894
9478,29.374621670868237
9479,18.161346573223824
9480,11.911421305023135
9481,9.693753058322605
9482,8.32781424671172
9483,7.745525009413559
9484,7.499187140490957
9485,7.419771731678002
9486,52.63246262953153
9487,46.65650996209697
9488,28.87850415758823
9489,28.38942411355651
9490,22.299761158566152
9491,21.306967761725073
9492,29.455268805200426
9493,17.398681381624787
9494,10.341402281472577
9495,7.860496131202472
9496,6.420528665515748
9497,6.096445699675526
9498,5.915868945614694
9499,5.824184883787489
9500,22.33230452869336
9501,12.677170902328195
9502,6.875740241811241
9503,4.922372038409041
9504,3.714561360719387
9505,3.4157501075537984
9506,3.289372814340506
9507,3.205067933297605
9508,29.006987381797202
9509,16.913936220073044
9510,9.989908868611604
9511,7.499130883528142
9512,6.063755325669533
9513,5.719924375319156
9514,5.472103742007309
9515,5.359125825587682
9516,29.355666984722948
9517,17.234096603903065
9518,10.265802149767044
9519,7.92951249150031
9520,6.463179085979501
9521,6.116066749059522
9522,5.924846764321112
9523,5.806328245573461
9524,22.33230452869336
9525,12.677170902328195
9526,6.875740241811241
9527,4.922372038409041
9528,3.714561360719387
9529,3.4157501075537984
9530,3.289372814340506
9531,3.205067933297605
9532,29.333158886461952
9533,17.210483749829436
9534,10.249910468967027
9535,7.95073211670112
9536,6.462669753153483
9537,6.11092842320631
9538,5.921630239793613
9539,5.801594413269566
9540,29.006987381797202
9541,16.913936220073044
9542,9.989908868611604
9543,7.499130883528142
9544,6.063755325669533
9545,5.719924375319156
9546,5.472103742007309
9547,5.359125825587682
9548,29.333158886461952
9549,17.210483749829436
9550,10.249910468967027
9551,7.95073211670112
9552,6.462669753153483
9553,6.11092842320631
9554,5.921630239793613
9555,5.801594413269566
9556,29.19719172917466
9557,17.08932391119145
9558,10.15770243226979
9559,7.77880936482233
9560,6.306922818241075
9561,5.9726172631398535
9562,5.73880241559352
9563,5.61388960369731
9564,29.242212229089294
9565,17.14000578577538
9566,10.18586727433637
9567,7.896535981406316
9568,6.4159509679935045
9569,6.058594145842078
9570,5.839631992781247
9571,5.720668813860245
9572,8.306357460865918
9573,7.048858139326985
9574,6.176222298722458
9575,15.48122085340717
9576,13.901305794733055
9577,10.223052603219191
9578,5.87726230927843
9579,65.97087973627825
9580,8.85240009576501
9581,8.461269711727336
9582,7.388955475724316
9583,10.660049715622602
9584,5.462141823434494
9585,10.292807302406105
9586,8.668423404668175
9587,7.3197425925940305
9588,6.424830009388041
9589,1.1989823551226686
9590,2.4379789738680127
9591,5.214516675299968
9592,28.352586685875018
9593,15.08484666583112
9594,7.837280757142429
9595,5.330312604703561
9596,3.7414952697657418
9597,3.456451508032109
9598,3.2535879263660297
9599,3.1034230619061565
9600,3.728700733980335
9601,26.556175627575826
9602,16.29707231098302
9603,10.252479168183568
9604,8.188735762225576
9605,6.948181737679951
9606,6.578113236429948
9607,6.418326654882591
9608,6.325398366854199
9609,13.666718421025747
9610,13.616382974555183
9611,2.318610334743722
9612,81.50893886541365
9613,27.877650783592383
9614,16.447165640824267
9615,9.907633178565831
9616,8.032892430147669
9617,6.460242709841432
9618,5.907619100773154
9619,5.681832342206731
9620,5.685829028304803
9621,28.681126321091213
9622,16.77654420202664
9623,10.287751957403323
9624,8.198631441502844
9625,6.4072909460547
9626,5.879618282900734
9627,5.643860567177811
9628,5.628044372402636
9629,9.936288458133031
9630,25.243429083055144
9631,15.074133428473417
9632,8.856026572902195
9633,6.8495006400644805
9634,5.655453134126453
9635,5.090895952724214
9636,4.893881506851324
9637,4.7941132056596985
9638,11.685667393395272
9639,10.346721229355285
9640,8.80689418178271
9641,12.876562064220545
9642,11.402846125609464
9643,9.932662333316927
9644,8.58014388067877
9645,35.851730912180834
9646,10.72500436949193
9647,7.079008040677031
9648,4.980401053712524
9649,4.896943496079466
9650,93.15633427947073
9651,30.84597256973717
9652,17.92941348076577
9653,12.81481347195222
9654,12.216756314611787
9655,30.130012509212627
9656,17.752382743395223
9657,12.431041529552289
9658,22.921426387911552
9659,16.89227971087048
9660,13.937725485983012
9661,12.147553912589395
9662,9.375645907521461
9663,27.381928390564475
9664,16.687171666578635
9665,14.183007956166238
9666,12.387736436105328
9667,11.135503042190582
9668,36.32171506577566
9669,11.796935246197624
9670,7.894197818194811
9671,5.609760765041896
9672,5.3198528146301145
9673,8.073320995122915
9674,6.204921496960354
9675,4.623877864720697
9676,22.74941277100928
9677,13.306358234969393
9678,7.621693184916289
9679,5.757036449287473
9680,4.645467343217174
9681,4.276347306401637
9682,4.118579537791021
9683,4.056731551395332
9684,30.215874653132506
9685,6.292210673180644
9686,2.206233408558517
9687,20.797101411398696
9688,15.827256470992008
9689,6.080931745187228
9690,1.9559860967956646
9691,14.025707980699961
9692,7.879778062416923
9693,6.278765902359452
9694,29.318090229540537
9695,17.196972838997524
9696,10.192686436390677
9697,7.681922349394472
9698,6.239917103134605
9699,5.91421345655397
9700,5.686066088512203
9701,5.594391753624629
9702,28.26033320509407
9703,16.24899979830414
9704,8.97325661388177
9705,6.610562669126857
9706,5.16681166926607
9707,4.8507139657103115
9708,4.753269588756848
9709,4.629781612976801
9710,5.276591928812573
9711,8.271864692976143
9712,8.8526478935917
9713,59.84047325736197
9714,14.900618981137356
9715,19.391381505097538
9716,22.54162015363704
9717,8.314047104489957
9718,10.61525132320829
9719,12.844244167891244
9720,14.55762770415572
9721,59.81535448959447
9722,4.492621470876821
9723,5.64723275134676
9724,5.204836383117232
9725,5.349374443783722
9726,11.029893241093276
9727,6.28119333081051
9728,10.033357326931764
9729,4.530911015760164
9730,32.48268629542446
9731,19.44583129867474
9732,12.601581718588523
9733,10.508653821928391
9734,6.932170430800104
9735,6.328897544569831
9736,5.869003838686945
9737,5.720439731696122
9738,12.909843589547558
9739,9.79027821445549
9740,5.681419578496637
9741,8.700075087017712
9742,4.380360191296632
9743,14.799235884878277
9744,4.359287326636762
9745,31.159948331396038
9746,20.52322931250547
9747,14.223817837749081
9748,12.064403442623341
9749,10.142205882563909
9750,9.770483489363112
9751,9.587306780732995
9752,9.399845391177587
9753,17.492516276379384
9754,21.422015195516856
9755,11.866137054711986
9756,6.106324455690835
9757,4.187264574767337
9758,3.0353788197184177
9759,2.706823674029147
9760,2.566349539098477
9761,2.4855647519638175
9762,24.46314828520599
9763,28.951373541249275
9764,17.059734182392255
9765,10.01162639529685
9766,7.5755298690894906
9767,6.1112744144517865
9768,5.715798120037841
9769,5.531446666899849
9770,5.451427956149047
9771,22.890305811807952
9772,13.255989329595986
9773,7.556096967489189
9774,5.566882453657872
9775,4.368625764303708
9776,4.0660717246126925
9777,3.921778814415653
9778,3.8425407231552886
9779,27.250862515585112
9780,15.785819091881274
9781,8.915575717786092
9782,7.009619837583903
9783,5.694720899242903
9784,5.28001882634415
9785,5.115834683860857
9786,5.063418033495399
9787,27.075327440575414
9788,15.932414265312062
9789,9.2100497930443
9790,7.095970807886059
9791,5.780870589289073
9792,5.348966681458133
9793,5.202115862845956
9794,5.1608890464312465
9795,27.029044390829213
9796,15.567131138895915
9797,8.808501847663706
9798,7.0364631800899495
9799,5.680803802716508
9800,5.328814556164425
9801,5.190167911782882
9802,5.117023597701528
9803,27.231470778745326
9804,15.640730362828263
9805,8.850340026499463
9806,7.024846142122206
9807,5.690319357551901
9808,5.337614787834514
9809,5.197453559527054
9810,5.1228055814760625
9811,22.671672279979354
9812,13.034040276024829
9813,7.182497338752716
9814,5.159895999430959
9815,4.041083365004965
9816,3.668869804743574
9817,3.5210490979031936
9818,3.422398499201196
9819,21.8293261454686
9820,12.352338935091046
9821,6.538351817974494
9822,4.662881897397652
9823,3.5470199434135345
9824,3.1953420670887684
9825,3.027643277993279
9826,2.9785916273680395
9827,5.264908987521219
9828,24.22062888259496
9829,13.895110449001374
9830,7.7354377544430495
9831,5.896169258554362
9832,4.681320295571211
9833,4.4044290614536425
9834,4.228839789478444
9835,4.134122321446879
9836,9.34226513539845
9837,6.196895097257036
9838,5.504906642404565
9839,5.442608409438619
9840,28.581962281527737
9841,16.536653225983937
9842,9.592745759703357
9843,6.9947630796556
9844,5.575572023241152
9845,5.243066604548346
9846,5.071981884093852
9847,4.974954703690633
9848,28.71180233576894
9849,16.965896040361436
9850,10.084058003611542
9851,7.617438747400154
9852,6.1575357297116025
9853,5.748546626313885
9854,5.57054568780344
9855,5.436132844129267
9856,28.44338047772011
9857,16.483249306703833
9858,9.616216233893072
9859,7.004721987012987
9860,5.624377673306232
9861,5.248516976815566
9862,5.074248937300159
9863,4.968081423859931
9864,28.627462985174365
9865,16.658818540880027
9866,9.724151798000573
9867,7.187323701115795
9868,5.778061490351113
9869,5.374691802962114
9870,5.173609841318316
9871,5.0410526194161696
9872,28.55088189433014
9873,16.58276622538421
9874,9.690840920106584
9875,7.221427170590298
9876,5.801384087523898
9877,5.448174023657274
9878,5.21721778825445
9879,5.101992146281044
9880,27.08990008310601
9881,14.711259866226241
9882,8.091296575851263
9883,5.952551083579573
9884,4.6337008452452455
9885,4.429633927569409
9886,4.230884255244505
9887,4.029253755966414
9888,28.7972138096915
9889,17.090921609286355
9890,9.803145530074525
9891,7.415426740604186
9892,5.938884196717735
9893,5.577826034137646
9894,5.376976260671048
9895,5.287204409072047
9896,28.7972138096915
9897,17.090921609286355
9898,9.803145530074525
9899,7.415426740604186
9900,5.938884196717735
9901,5.577826034137646
9902,5.376976260671048
9903,5.287204409072047
9904,69.1360747672749
9905,25.383215828381374
9906,15.35885004456951
9907,13.698725562355605
9908,10.851523406053994
9909,22.29709030782725
9910,12.74282983034174
9911,6.85852972279522
9912,4.859839607680987
9913,3.722249784554656
9914,3.384101486411634
9915,3.216547554853813
9916,3.120837817309319
9917,7.091569265598368
9918,2.2705644099174007
9919,3.1398301142296297
9920,48.22518950239654
9921,12.268114588281097
9922,6.853380915958698
9923,4.201723746396315
9924,99.3274154900836
9925,42.00506472951388
9926,28.53430974806427
9927,22.180064726815704
9928,12.56981205915731
9929,6.81265476940554
9930,4.901779307445327
9931,3.776557011733386
9932,3.4681802314378842
9933,3.324740030134583
9934,3.238028404602251
9935,22.29700082993367
9936,12.699441963824253
9937,6.937912604283854
9938,5.026789453483574
9939,3.882747322919628
9940,3.5858524967521515
9941,3.4341143711372455
9942,3.35486473397758
9943,22.331679853830558
9944,12.477657019740894
9945,6.693718895718537
9946,4.831542851794169
9947,3.654338631218258
9948,3.3327976630454628
9949,3.1885714584938807
9950,3.1116560698279834
9951,21.34955570825479
9952,11.769913732962685
9953,6.077114583779887
9954,4.153895432307238
9955,2.9670533636068646
9956,2.6781611919963995
9957,2.5308555486560897
9958,2.454577203453711
9959,26.434093983707125
9960,15.45158031442787
9961,8.823655724405253
9962,6.602191486707607
9963,5.271645164767831
9964,4.911327372302461
9965,4.7627089870968335
9966,4.68422955196519
9967,29.134301912766944
9968,17.348005809282213
9969,10.1955585498416
9970,7.736172041867751
9971,6.296025544435177
9972,5.922337164348908
9973,5.723901923735314
9974,5.6300099711665075
9975,29.167222428560162
9976,17.379154688549107
9977,10.223694406534971
9978,7.7820530653489
9979,6.327462712140593
9980,5.9522203310722475
9981,5.755597890854617
9982,5.659631965441176
9983,374.2924413999355
9984,1.7025953888542187
9985,4.3832365695773845
9986,4.05068835667961
9987,4.140618344689626
9988,8.313469871581264
9989,7.590924226096414
9990,21.876810536054904
9991,12.23028427675192
9992,6.473907979553789
9993,4.571740232802556
9994,3.411938836100189
9995,3.0841363948864706
9996,2.9497941610574463
9997,2.874882998382897
9998,21.99161487995098
9999,12.416120449377933
10000,6.684178742609241
10001,4.766762042725499
10002,3.5650595250305495
10003,3.2865903199298097
10004,3.1395291719379035
10005,3.0649731799937445
10006,3.570321725905438
10007,3.288040223874499
10008,22.80389667847712
10009,13.054338659529957
10010,6.923101184120625
10011,4.961328282612296
10012,3.7295271631309577
10013,3.4251461485251005
10014,3.2790955701261852
10015,3.21675532490507
10016,85.45340659485942
10017,102.56129437958393
10018,56.75284460415419
10019,45.07938719862436
10020,40.42894358172487
10021,34.04963089740191
10022,132.5205238286112
10023,101.72235531585223
10024,58.734480655686006
10025,23.04504682324907
10026,13.1286996031392
10027,7.387112238254748
10028,5.550671041902163
10029,4.329322866378137
10030,4.005122873979532
10031,3.842081698877686
10032,3.76512181224867
10033,17.024054020829233
10034,13.760443977621092
10035,10.822779106006845
10036,10.113213151236463
10037,5.957136413788905
10038,8.028003658513502
10039,1.9254829906244983
10040,31.01647983669954
10041,16.783042003460316
10042,10.220600758967175
10043,6.326086876288961
10044,4.1448870583124595
10045,3.4054158090335718
10046,3.0272489845637804
10047,2.9637751599178683
10048,17.922283116723097
10049,7.8418957107296094
10050,22.334342269559155
10051,12.71967607077807
10052,7.011164004569969
10053,5.0798531000324125
10054,3.939069183187369
10055,3.6085420183649566
10056,3.471521802219911
10057,3.388149889748847
10058,11.582937518262556
10059,4.2288146252046
10060,5.576347581143464
10061,9.587951580030357
10062,23.952671161724524
10063,13.151712894347922
10064,7.309115424757884
10065,5.118100224310532
10066,3.916438156676186
10067,3.5505016140035126
10068,3.397205801768762
10069,21.839753501316764
10070,12.158480291227228
10071,6.3425697798326865
10072,4.405526368414812
10073,3.204902386404698
10074,2.9281509920221094
10075,2.7697395573080272
10076,2.6922850545024466
10077,4.770748755936847
10078,3.030617008022112
10079,2.2121521457137665
10080,23.320094863501264
10081,13.618898774574877
10082,7.864196249190011
10083,5.99290199606653
10084,4.8562148096046505
10085,4.507842760730848
10086,4.3581707196602535
10087,4.301946598609506
10088,4.574490148937405
10089,244.42248161576651
10090,70.51114901835022
10091,57.56578591835033
10092,45.66447870312756
10093,45.46877748383037
10094,7.248010133403227
10095,9.987065672217437
10096,26.741010257031434
10097,16.66030585523884
10098,10.755334927617497
10099,8.514735283161446
10100,7.294623987104658
10101,6.817524395554992
10102,6.727311003145373
10103,6.643514530481666
10104,22.511356774156205
10105,12.80837278991474
10106,7.120537236475494
10107,5.2862752944311895
10108,4.139504681863827
10109,3.716328697721426
10110,3.5471712490083673
10111,3.4743773377850795
10112,6.945006195189017
10113,5.684271137165035
10114,5.164131204812581
10115,4.497778597777192
10116,2.855730069964009
10117,7.9652703726132135
10118,7.322106927892456
10119,6.400430040415201
10120,5.794192875252462
10121,11.811460917623902
10122,9.793173872279674
10123,9.045701645794987
10124,8.953261000103057
10125,5.549163616999179
10126,4.0417121035189965
10127,3.620471716279273
10128,3.221712926670284
10129,10.87985376121094
10130,7.668631185008718
10131,6.703626281090672
10132,6.247969964889592
10133,5.780860214410675
10134,29.621928966417396
10135,17.781889956069747
10136,10.493715678504238
10137,8.091938154461875
10138,6.554830084734012
10139,6.205575431622246
10140,5.992499737956563
10141,5.866988898632758
10142,29.235308016911667
10143,17.4190622677248
10144,10.344971063705302
10145,7.924174450604259
10146,6.431899823386271
10147,6.1298007041386935
10148,5.932781393263652
10149,5.844634990365629
10150,29.336457829582454
10151,17.43877434177753
10152,10.199096305236306
10153,7.900545118374713
10154,6.414006291274527
10155,6.056308422263765
10156,5.8372555648580615
10157,5.720029385431044
10158,25.4005377307499
10159,14.974098718927273
10160,8.909434971234605
10161,6.9273770518097875
10162,5.749541389847561
10163,5.330664388026112
10164,5.182086463477885
10165,5.134339612625929
10166,22.328406360468005
10167,12.650232379117494
10168,6.965198621386397
10169,5.045246005503823
10170,3.8979026332055566
10171,3.5667611723801036
10172,3.431039539319954
10173,3.3751006482900516
10174,12.270206053355965
10175,2.239527793541896
10176,2.047740840674661
10177,20.031188467068908
10178,15.483085431149817
10179,11.964575379610244
10180,14.072938719715633
10181,10.922284622929556
10182,9.440204995359078
10183,10.70116595970104
10184,8.874369240810722
10185,5.630706154586825
10186,2.8782771645875664
10187,2.1276565409597654
10188,3.1248025942113395
10189,7.206648536387577
10190,5.835221843253712
10191,3.7905181396431917
10192,22.09151052641817
10193,20.94397667318673
10194,14.014490575828155
10195,12.985142478008134
10196,10.532034884762687
10197,8.539883596031157
10198,2.913341262282489
10199,2.4688322453503853
10200,2.3058842360983
10201,15.741477470150562
10202,9.384389758860852
10203,8.152981583744786
10204,6.701422426962822
10205,21.053657457916273
10206,15.077069429443812
10207,12.595269267404483
10208,7.914292751472473
10209,6.659573013911847
10210,5.224250570892945
10211,2.967851971784746
10212,4.077132361991559
10213,11.21260517569547
10214,4.269530827921456
10215,3.203866212721031
10216,8.367822485791116
10217,5.245582510945809
10218,4.95033981222454
10219,3.4575892873236596
10220,3.2531727371270067
10221,3.1030368966822355
10222,15.092183200819317
10223,8.906485170809088
10224,5.952505824237568
10225,22.2513709081553
10226,16.40402632214999
10227,12.76578364107495
10228,18.687324674106737
10229,9.271369614142419
10230,7.9364490052388605
10231,24.45153614801291
10232,11.14365808837449
10233,5.59941132862467
10234,14.99808330011568
10235,9.25899450048636
10236,7.425295965205265
10237,21.20430527676692
10238,11.564351783873057
10239,8.134675901144318
10240,2.114374558874345
10241,1.9055841450715258
10242,3.983917579991224
10243,8.053022861788202
10244,5.589630515504764
10245,7.0329433138980075
10246,5.512645126411613
10247,3.98540064186763
10248,11.93277223945836
10249,9.616007432333115
10250,7.063931468396145
10251,19.543400671625612
10252,10.621611862846937
10253,8.671937913559496
10254,13.396255747324387
10255,9.463308409127311
10256,8.599611712346471
10257,15.461403914558874
10258,11.699835494611628
10259,9.426146144351812
10260,16.676228469047043
10261,10.569134348200599
10262,9.288960697275822
10263,19.493292716170785
10264,12.63650772643721
10265,10.412651999107105
10266,24.131308361050493
10267,15.924917163768493
10268,13.620019441018094
10269,19.03499130074033
10270,16.270920284647225
10271,7.314151980641817
10272,3.1948378598783798
10273,5.8291815274421115
10274,6.085107149854621
10275,4.723409787799378
10276,3.674120055183544
10277,2.4983746579840367
10278,17.543580154523138
10279,11.415950224282195
10280,9.959710030028923
10281,8.407557510195133
10282,7.654245437734769
10283,4.384072099109647
10284,4.546736360859474
10285,46.18072743898488
10286,10.213083002028535
10287,34.46743642619924
10288,25.71195278586137
10289,16.496488446414578
10290,15.918543062845027
10291,14.170904462204032
10292,23.40388342887768
10293,11.985210987567323
10294,7.070678327879823
10295,4.740840156840514
10296,3.592084135496211
10297,21.939003690631893
10298,11.892206921814845
10299,6.4148093074215415
10300,4.365512965093277
10301,3.26771621202387
10302,2.9569157309342895
10303,2.780476263641443
10304,21.04973078189606
10305,11.5438875514026
10306,5.791353431359225
10307,3.8714987921262396
10308,2.7537014288020636
10309,2.434788779762184
10310,2.295251074026804
10311,2.2139622109635813
10312,29.370568290762957
10313,17.00031833796629
10314,9.566723772098278
10315,7.1115251908211965
10316,5.5012615721330125
10317,5.1207837693778355
10318,4.859739697562497
10319,4.699840000157913
10320,4.162189468499555
10321,7.428462600631189
10322,5.223600437273717
10323,6.747147071417474
10324,10.226517809172742
10325,13.011412839616463
10326,4.480778520067946
10327,15.612573071532712
10328,17.44433564719315
10329,11.766515406135937
10330,7.730776525834852
10331,6.455941911197397
10332,5.355289114220103
10333,9.948384855118789
10334,5.116153621954235
10335,4.377974339125208
10336,3.773156710731926
10337,24.897912777227152
10338,14.459681541523153
10339,8.20310048297128
10340,6.367751764211282
10341,5.179750150548935
10342,4.777904232307382
10343,4.636688539790135
10344,4.52631494174992
10345,23.6097251698169
10346,13.50387086260543
10347,7.523269923000457
10348,5.568068322506967
10349,4.376360694483768
10350,4.018780518310054
10351,3.8635417926506843
10352,3.790287415060212
10353,1.4313196777535573
10354,1.4402525643638202
10355,24.646169325020274
10356,14.751231317197124
10357,8.811157673407076
10358,6.653216511775607
10359,5.444504769184104
10360,5.017066690132501
10361,4.8270962801185995
10362,4.7599718967020435
10363,24.646169325020274
10364,14.751231317197124
10365,8.811157673407076
10366,6.653216511775607
10367,5.444504769184104
10368,5.017066690132501
10369,4.8270962801185995
10370,4.7599718967020435
10371,15.061543332889558
10372,41.58117857230996
10373,8.525653455848953
10374,8.520141414361623
10375,3.6359857556495943
10376,3.0446087799706856
10377,27.963837857915486
10378,16.278563668000068
10379,9.24198695839532
10380,6.920140083586132
10381,5.50304532480553
10382,5.0809612097008845
10383,4.868821117744199
10384,4.790264764439867
10385,26.615136090584173
10386,15.222997618415173
10387,8.341581770825474
10388,6.272495599896742
10389,4.839029034887607
10390,4.587141968028058
10391,4.380017817171473
10392,4.292087569774716
10393,4.8594741889229045
10394,4.409364505831318
10395,3.3709263963803293
10396,18.49013534264334
10397,11.276616284588185
10398,9.80770047752347
10399,8.204289847894934
10400,17.49390698847222
10401,11.400714849040034
10402,7.833949605062639
10403,6.914533855180647
10404,4.15171056634866
10405,4.141026773746852
10406,32.26387497379268
10407,21.413677047816357
10408,15.41191703301741
10409,12.952668488306323
10410,11.914778604876632
10411,11.466626895175931
10412,11.264312383638128
10413,11.112019372924342
10414,33.29947695526651
10415,33.29947695526651
10416,42.89845954112499
10417,50.677532267191204
10418,15.779833589902148
10419,10.91983084840267
10420,6.594341137275731
10421,5.223953467183194
10422,4.355582837911198
10423,4.130225274550391
10424,4.378954870248592
10425,23.19835002223208
10426,13.393461351356997
10427,7.37934952058277
10428,5.464781540897926
10429,4.371840202303719
10430,4.045575680695464
10431,3.833131175533137
10432,3.737469093460507
10433,16.231945356857047
10434,5.3911934143658256
10435,4.449887667238432
10436,64.98583041686193
10437,9.595809217648963
10438,8.654606123442779
10439,8.147424127827952
10440,29.731866438943076
10441,18.978609120411544
10442,13.021158778971685
10443,10.387227652841577
10444,8.834412052375946
10445,8.290610160998607
10446,8.015340147527017
10447,7.92587600350614
10448,3.9226527473537924
10449,22.484334781677127
10450,12.926581437911434
10451,7.093122172502666
10452,5.237102024582933
10453,4.069831366728977
10454,3.7257445190434937
10455,3.5927587879388225
10456,3.506467403362456
10457,29.082607997564132
10458,17.208435472398158
10459,10.428269020209607
10460,8.161701136394448
10461,6.619387320432916
10462,6.229389862734221
10463,6.093515130448989
10464,6.0136557571135665
10465,22.081644241113324
10466,12.276536630038732
10467,6.403822544247955
10468,4.463227269941638
10469,3.284505339707769
10470,3.0079502144255352
10471,2.858092113958161
10472,2.775439788906148
10473,18.419459220316263
10474,23.600669096362733
10475,22.036937753635897
10476,12.459129878438326
10477,6.75837730583712
10478,4.830157341082034
10479,3.678764300842907
10480,3.371414102397305
10481,3.2241962967675155
10482,3.1390435611207916
10483,22.06224831777141
10484,12.468012790328135
10485,6.764296449554428
10486,4.835704688323706
10487,3.6882970205065657
10488,3.3766574812982437
10489,3.2320793475722693
10490,3.1465743150210153
10491,21.372775345795567
10492,11.78873117834275
10493,6.0758065009588105
10494,4.137038538585684
10495,2.956506344572648
10496,2.6705024053886115
10497,2.523172886001463
10498,2.4475252436918997
10499,68.34862814626939
10500,3.2642602547299155
10501,12.031678060698164
10502,10.065525520985995
10503,9.23294744667554
10504,8.244920155853317
10505,8.35540886381347
10506,7.350011514359455
10507,6.800982445561256
10508,6.0442047553485985
10509,16.530749331919157
10510,12.419747432935862
10511,9.114184535336086
10512,7.517078244020032
10513,6.363394884650195
10514,21.76185638582631
10515,12.051166867882959
10516,6.290290135561515
10517,4.286536228062122
10518,3.14487506216164
10519,2.7989253237203533
10520,2.659422412276026
10521,2.6051659360163804
10522,3.091576301213273
10523,2.1894164232547184
10524,21.62391504847729
10525,12.010306525006659
10526,6.2632535685298905
10527,4.3405568022607826
10528,3.158480773757628
10529,2.8644684207797835
10530,2.7323239487012985
10531,2.650364780280383
10532,5.757173755666179
10533,3.7646842230633335
10534,3.2673675502313926
10535,21.627160816047375
10536,10.655727331214987
10537,9.277858640859552
10538,7.898082531353454
10539,5.110585765190027
10540,26.832830054931776
10541,15.471068164832399
10542,11.053567374629539
10543,8.946719072164981
10544,7.3468894569345915
10545,30.716071894855364
10546,18.03126279190868
10547,12.939785287191008
10548,10.392898837880237
10549,8.820220135879403
10550,27.07057934779344
10551,17.071237622795508
10552,11.943702769541938
10553,9.891595333804432
10554,8.447261514324076
10555,3.97234259703308
10556,34.239975352320755
10557,3.9244225496873644
10558,3.559541882226082
10559,4.546317767467402
10560,4.351751431467259
10561,65.71514817700974
10562,13.927207090669029
10563,22.96717417177846
10564,85.75929184241666
10565,81.15915725627599
10566,25.538549035576562
10567,15.178296663660603
10568,9.314638024793478
10569,7.221911314801721
10570,5.913379382181852
10571,5.565696906481999
10572,5.431128246185741
10573,5.314215143450825
10574,14.437264159820803
10575,12.382624327936835
10576,9.097400907267378
10577,8.347828937066751
10578,27.350970066146775
10579,15.889176785694305
10580,8.64279948739081
10581,6.208794896840397
10582,4.80078185454671
10583,4.432250167751718
10584,4.211744786507005
10585,4.099447402940299
10586,27.18573070800535
10587,16.466109851767737
10588,9.166085405812424
10589,6.800463135101706
10590,5.094057000726405
10591,4.768356569456156
10592,4.68974578793847
10593,4.606658310230774
10594,23.502675683869505
10595,15.690091632475575
10596,13.800516522694954
10597,11.45951067084383
10598,9.464415180156976
10599,17.936312033509147
10600,13.86543304303313
10601,11.554195345562825
10602,10.250473466840564
10603,3.1045431127827112
10604,21.648114272909922
10605,16.22973158475681
10606,13.97214281081079
10607,12.300986564349035
10608,21.016401776235647
10609,11.393095031664966
10610,5.543679139384122
10611,3.6053812193720782
10612,2.457233745380288
10613,2.134699978110368
10614,2.023286122526871
10615,1.922272779635761
10616,21.97356589526909
10617,12.406638406406316
10618,6.691954138367052
10619,4.776057034342476
10620,3.6125413251177187
10621,3.309415066826054
10622,3.162483028156379
10623,3.0809644002078977
10624,21.302019397653304
10625,11.737519534354552
10626,6.005466551358363
10627,4.074675262326531
10628,2.9249472849254547
10629,2.616945030324613
10630,2.4668020051947983
10631,2.3839433387909237
10632,21.71842733814432
10633,12.102400501538154
10634,6.335520201697532
10635,4.419416375600872
10636,3.253186152080522
10637,2.975149580104418
10638,2.8235329963786544
10639,2.7421134652482095
10640,11.109060988084735
10641,7.717414170822533
10642,6.449814400937987
10643,5.595237723067214
10644,26.58092703205695
10645,22.598889357099694
10646,20.262466262300023
10647,20.515043420194843
10648,19.0801662187876
10649,17.11593875474764
10650,45.3707559033808
10651,31.76986057852626
10652,26.534539332410205
10653,21.835935106590348
10654,40.02040845150965
10655,29.566561991521027
10656,17.196987752537463
10657,10.145803803665888
10658,7.804394797167744
10659,6.37465565252497
10660,6.0838953378182925
10661,5.86437023549151
10662,5.710283116094384
10663,13.89703163149774
10664,32.531666952192154
10665,7.24134290302902
10666,2.8000842917902222
10667,122.88792359102413
10668,4.535463562638841
10669,7.559189177306089
10670,3.1819125380110593
10671,19.435708456906507
10672,10.608114995568204
10673,5.869674107233001
10674,4.421936810416909
10675,3.374669934876821
10676,3.1023266851916618
10677,3.043676161973238
10678,27.803591057820743
10679,4.930317963125501
10680,4.65472680568668
10681,4.99570663008836
10682,21.17310821341619
10683,25.422509030084207
10684,15.211837667460916
10685,9.212817795784517
10686,7.263514746810456
10687,6.116438955391034
10688,5.733797100520735
10689,5.581881390977955
10690,5.464012276172205
10691,29.175166983101676
10692,17.239417549093652
10693,10.08235890453161
10694,7.79553574681976
10695,6.360690473141807
10696,5.979325793509153
10697,5.813408947259946
10698,5.692352403570282
10699,29.113814477240318
10700,17.143002095325684
10701,10.138263303245642
10702,7.656239274389009
10703,6.161381173448641
10704,5.78556099928708
10705,5.620854327281777
10706,5.502907046823493
10707,28.749149163316513
10708,17.049839835991392
10709,9.989559461568529
10710,7.70208860867543
10711,6.2767639907431905
10712,5.92577406155165
10713,5.774264423602247
10714,5.656182534153894
10715,28.008189950468388
10716,16.59264094986599
10717,9.638892348070026
10718,7.218357508175832
10719,5.8188606816286494
10720,5.4476800153481975
10721,5.268661483091932
10722,5.15682607204122
10723,28.460918106927977
10724,16.337148260852985
10725,9.19103857921474
10726,7.007807952415346
10727,5.572631964847209
10728,5.168103600499491
10729,5.00257967446259
10730,4.886991931282383
10731,4.0172067238884575
10732,1.5578947188999155
10733,1.4210120797471246
10734,22.65553633131433
10735,12.773877464157078
10736,6.925457146616024
10737,5.092275453129263
10738,4.053065494407995
10739,3.7138521681141805
10740,3.541945329415305
10741,3.458480382582694
10742,13.616128528693249
10743,3.2356909213907876
10744,26.18745195911841
10745,16.019870429659907
10746,9.139263836829763
10747,6.768447520204621
10748,5.114369880616418
10749,4.790425634508537
10750,4.749447611225022
10751,4.68194550543558
10752,21.99076783869974
10753,12.30071758026412
10754,6.496528816985932
10755,4.58605255339218
10756,3.398484347993851
10757,3.124470445667907
10758,2.9770217373622847
10759,2.893696084129403
10760,25.31693633510563
10761,6.067955297955918
10762,2.419883408554548
10763,22.359415295327736
10764,12.715500684116819
10765,6.888224785109626
10766,4.925591760627361
10767,3.7154934274653355
10768,3.4212448673744724
10769,3.295293682199479
10770,3.214062693079904
10771,29.288915789768758
10772,17.189184032096648
10773,10.188847218241413
10774,7.704445214831211
10775,6.282556006081684
10776,5.962254479442302
10777,5.743801520205324
10778,5.639623148981574
10779,29.37759401135418
10780,17.24155849190822
10781,10.239964135239092
10782,7.782364555992547
10783,6.359387085070892
10784,6.047467388312665
10785,5.827903484713377
10786,5.723304028771144
10787,28.716479958794366
10788,16.726920100373388
10789,9.78638228898148
10790,7.354171729297509
10791,5.933658113909942
10792,5.564149990098418
10793,5.317427454047947
10794,5.217642240750053
10795,23.16058974603882
10796,13.454509411406953
10797,7.625622995081352
10798,5.8086986062114265
10799,4.537917386011506
10800,4.264856113980561
10801,4.128399025081118
10802,4.043797401741353
10803,11.917357281162683
10804,9.993674446638625
10805,1.7198315964473387
10806,27.97168361292192
10807,16.24998804770842
10808,9.112148161036886
10809,6.892749430969674
10810,5.439336169572861
10811,4.8925538508850765
10812,4.803900685014247
10813,4.723725535402561
10814,21.348466689966383
10815,11.752125812647018
10816,6.008170163866589
10817,4.085081742073876
10818,2.929466127917051
10819,2.613464172588835
10820,2.4632434448053084
10821,2.384473777546356
10822,21.348466689966383
10823,11.752125812647018
10824,6.008170163866589
10825,4.085081742073876
10826,2.929466127917051
10827,2.613464172588835
10828,2.4632434448053084
10829,2.384473777546356
10830,21.776543587364525
10831,12.082009849343972
10832,6.336546606717629
10833,4.416793701911225
10834,3.2474592935615547
10835,2.970796174491168
10836,2.8194199091242345
10837,2.735682740398643
10838,22.965588693288545
10839,13.12137958757549
10840,7.35414301876883
10841,5.511139431474746
10842,4.330414594134789
10843,4.0639832010403225
10844,3.8911621029428574
10845,3.8152652043757094
10846,22.16208271366517
10847,12.21677689908982
10848,6.281083024153013
10849,4.347273985411045
10850,3.16600013121305
10851,2.8095264874419685
10852,2.691093918640025
10853,2.607044057919157
10854,28.697992494301378
10855,17.87211505873232
10856,10.871303847502059
10857,7.569523311317981
10858,6.076918868097019
10859,5.534716326507477
10860,5.376551246126237
10861,5.24055028644267
10862,21.536050871162974
10863,11.66098603724043
10864,5.926999906378578
10865,4.050758120052445
10866,2.8765819929236587
10867,2.5952946403996204
10868,2.455889640205677
10869,23.079478510730677
10870,12.444740693092234
10871,6.379508449150451
10872,4.397770211345277
10873,3.2198213053927525
10874,2.923445962975923
10875,2.777778454750638
10876,24.548768508686198
10877,13.062590045241723
10878,6.935978906022344
10879,4.866449089694694
10880,3.7226847121139603
10881,3.4121713909588918
10882,3.225121751698582
10883,22.384858716881553
10884,12.312420675707902
10885,6.458726393544778
10886,4.445610948376757
10887,3.3765907022506534
10888,3.0655835390490638
10889,2.921356638360506
10890,22.654367686928886
10891,12.757614795051428
10892,6.715725676819483
10893,4.715238934289694
10894,3.5734713069351627
10895,3.2343908087318383
10896,3.1000151873561586
10897,3.0181181158629253
10898,24.13490859361577
10899,12.929223351756534
10900,6.5407261252727835
10901,4.501506805692134
10902,3.294476916116486
10903,2.97406079002426
10904,2.7765150412261304
10905,22.062851981099318
10906,12.400250521904471
10907,6.611936284815249
10908,4.698328609105554
10909,3.5553369487405444
10910,3.2677786205432198
10911,3.1145688960531026
10912,3.0274426044708376
10913,22.018791760523204
10914,12.400945811582217
10915,6.59093692097604
10916,4.684643470071286
10917,3.5375185915571126
10918,3.2378900307665877
10919,3.090862265672477
10920,3.008042318245097
10921,23.38775939329325
10922,13.615262726465478
10923,7.810453848460723
10924,6.062275858744169
10925,4.840842204276385
10926,4.515018541210588
10927,4.398621900714514
10928,4.345644400530405
10929,22.332516720987122
10930,12.68057449882821
10931,6.912169547038172
10932,4.973051421247195
10933,3.8444237677779585
10934,3.542247790742989
10935,3.3948266304079957
10936,3.312337028106216
10937,21.85037363032326
10938,12.272330007338097
10939,6.499799809944066
10940,4.611552145136232
10941,3.4771147906844098
10942,3.1798517092550727
10943,3.034268380439811
10944,2.9462295174259787
10945,13.89685992898777
10946,11.41783419249215
10947,19.25159824148134
10948,9.858365958592163
10949,13.550885282542113
10950,6.868589327023985
10951,12.61463663834955
10952,9.764791430053254
10953,8.984890968147317
10954,0.9675086388972868
10955,11.289638026789635
10956,8.628259724470004
10957,8.044295150799897
10958,7.160159256151763
10959,28.323929641151583
10960,16.636938423651767
10961,9.48960651377405
10962,7.203180064060808
10963,5.755382499467713
10964,5.342693134582731
10965,5.153746554762851
10966,5.053493050935634
10967,21.71200637501957
10968,12.09524235626653
10969,6.387677741944422
10970,4.466105298226411
10971,3.3050777081570213
10972,3.007678002629265
10973,2.8564926190159454
10974,2.7724428723688126
10975,22.66308464610501
10976,12.88670239005597
10977,7.118454221489046
10978,5.252378081639033
10979,4.080783891856555
10980,3.763939531585282
10981,3.6248712106128123
10982,3.5397067762271184
10983,21.25474460557998
10984,11.678927820483777
10985,5.928269239326046
10986,4.019461919798617
10987,2.8356305676125415
10988,2.5256619974422927
10989,2.3947378988191774
10990,2.3101503487953448
10991,64.43907902030531
10992,6.7445337150983535
10993,7.879818383259633
10994,6.975640995466293
10995,6.2110164238006735
10996,5.772083517360804
10997,21.788888495440766
10998,12.148579838730825
10999,6.368664743012236
11000,4.467781259258026
11001,3.3222564759070075
11002,3.009403707085272
11003,2.8681752017935134
11004,2.787272355118176
11005,78.64842730249734
11006,51.17848258357927
11007,4.577585906683233
11008,29.028625309666406
11009,17.23648340759598
11010,10.150059393167103
11011,7.74385914165037
11012,6.3064263965062
11013,5.9401824971336135
11014,5.729589438227279
11015,5.618046282606023
11016,29.118136153771555
11017,17.333147491869017
11018,10.138263558895751
11019,7.745756099708419
11020,6.296087410599679
11021,5.9226366312408425
11022,5.718117993937947
11023,5.620697572664062
11024,26.703970101217056
11025,15.9192568132416
11026,9.523129571690914
11027,7.660998193693829
11028,6.156073270355315
11029,5.727793502027994
11030,5.564382044674074
11031,5.453641063033683
11032,22.424343139471077
11033,12.881483817222307
11034,7.055401818852204
11035,5.114926126174132
11036,3.9621978904701107
11037,3.6236188982291258
11038,3.4899907117264206
11039,3.425639596016523
11040,23.542753998379453
11041,13.766142465655884
11042,8.08799530046179
11043,6.203320526299481
11044,4.864949132847985
11045,4.590234279843757
11046,4.44852045403854
11047,4.370999393526681
11048,25.054374635891662
11049,14.869570361159784
11050,9.049460761911083
11051,6.998224207993612
11052,5.500285419037544
11053,5.1298309963535464
11054,4.923757995888564
11055,4.836777563056959
11056,28.888861167166233
11057,17.16673045884435
11058,10.044180265756891
11059,7.667176873181412
11060,6.223030276449138
11061,5.85441010196493
11062,5.644535398114197
11063,5.538007453008797
11064,29.172479454406684
11065,17.027154499983777
11066,9.89528070349554
11067,7.631717174475402
11068,6.210607903122025
11069,5.813678326654035
11070,5.602043620795343
11071,5.502103160120731
11072,28.431176512183477
11073,16.609978086781325
11074,9.500982194550406
11075,7.1011018526588705
11076,5.678264963068517
11077,5.256649037932856
11078,5.079696611104385
11079,4.925864283172908
11080,3.5179944987627474
11081,13.40768363358491
11082,7.017809571125169
11083,6.311638320624299
11084,5.821042051280591
11085,64.67794241315111
11086,22.43963737361646
11087,12.472055289499735
11088,6.597832099865353
11089,4.532455024714459
11090,3.3126221844680304
11091,3.0014447869163723
11092,2.8482564835451405
11093,2.7151926558062436
11094,25.729834359074918
11095,14.976128513313448
11096,8.29353908204237
11097,6.31714834454543
11098,5.065323211689579
11099,4.748927042894101
11100,4.526168991253933
11101,4.415310581472743
11102,29.6241973851139
11103,17.79962969175361
11104,10.726013586031314
11105,8.044289726801866
11106,6.549699992362463
11107,6.143915932683855
11108,5.985099438432306
11109,5.885177767651886
11110,68.75810303369596
11111,32.94372247060078
11112,25.127484916641414
11113,21.451659599932633
11114,18.642372952760955
11115,29.505055416399163
11116,17.588668434310183
11117,10.373446466726996
11118,7.875470648577017
11119,6.39497267576258
11120,6.0222146017171845
11121,5.856049195796834
11122,5.731655842129653
11123,29.107781377333836
11124,17.331353115836098
11125,10.189880558986243
11126,7.756785322915058
11127,6.297177849694625
11128,5.954505350776598
11129,5.76500022346317
11130,5.665429480437666
11131,29.848455348845906
11132,17.818073805742024
11133,10.616322341915486
11134,8.41294650579426
11135,6.810951207550511
11136,6.489353360613874
11137,6.333853671645242
11138,6.212605258065145
11139,24.113429661749308
11140,13.747367064302432
11141,7.709650968888548
11142,5.977455710023253
11143,4.78893803059938
11144,4.469254191761843
11145,4.323674794616206
11146,4.247064245742601
11147,26.65958577417745
11148,15.207439696516678
11149,8.19638551570786
11150,5.902827691156098
11151,4.550549780121561
11152,4.203078118434763
11153,4.038492175140109
11154,3.8937347903439106
11155,179.14076297262582
11156,147.34422903439898
11157,144.9012765646807
11158,29.351058681958897
11159,24.749466645264953
11160,14.402752052375757
11161,8.002342673929364
11162,5.945257976515448
11163,4.683638042816765
11164,4.325071685957408
11165,4.157404930077106
11166,4.102843709555261
11167,30.051862778269374
11168,12.483161373417392
11169,10.90002254903415
11170,9.197688630029175
11171,23.75175205524222
11172,13.332522269105391
11173,7.15773268839908
11174,5.079085093777376
11175,3.8267830242976384
11176,3.523299077303209
11177,3.3742311710069295
11178,3.249146181973429
11179,27.70940540419686
11180,13.610044245323007
11181,3.325525811154821
11182,3.602194949482693
11183,24.96767444436974
11184,14.912125139798347
11185,8.992452652835553
11186,7.41680968209022
11187,6.249330913042291
11188,5.825337726987685
11189,5.650069752011243
11190,5.510195789545791
11191,37.222389042152074
11192,1.6984500429940472
11193,1.7002498040161367
11194,1.8843422454374035
11195,66.87963592586325
11196,23.93135524973662
11197,13.492390826983067
11198,7.276820047215355
11199,5.34911794491206
11200,4.023916906611722
11201,3.7103059735790236
11202,3.6139741849800773
11203,24.10943497904278
11204,13.473166889618236
11205,7.275015125231106
11206,5.224958682278054
11207,3.9338725276086146
11208,3.6532220465265897
11209,3.540959928834064
11210,2.3115294001458673
11211,25.486632532538508
11212,5.9419639859822695
11213,29.755318183318035
11214,18.023268306366468
11215,15.19604658765065
11216,13.604039688292445
11217,6.42540243900773
11218,5.485431459178005
11219,4.16117442545683
11220,3.4297623901128604
11221,3.5721366817203157
11222,21.113926015151115
11223,11.524134111211074
11224,5.805325346661268
11225,3.8657058022199053
11226,2.6742177891948167
11227,2.3784640505386365
11228,2.2377946256144243
11229,2.1558845300810723
11230,21.79871326652904
11231,12.18026275732647
11232,6.403523835919293
11233,4.497724159794852
11234,3.329214927540717
11235,2.9941569670008144
11236,2.8388946886380917
11237,2.761106943290068
11238,21.162093888632878
11239,11.615285030403916
11240,6.095632197545429
11241,4.20594093650383
11242,3.0529166074122807
11243,2.7190699016237483
11244,2.586453404869621
11245,2.5159598435713937
11246,9.915316418421083
11247,6.973489331123721
11248,14.17753572706799
11249,28.97644657970343
11250,17.219532266127942
11251,10.255793612493926
11252,7.8167952722975915
11253,6.195534986126734
11254,5.871690229149042
11255,5.6419285354741
11256,5.5431401266026405
11257,27.906325083250493
11258,16.088613890932397
11259,8.951377780654841
11260,6.482837621130502
11261,5.060442767098921
11262,4.701400250406341
11263,4.517823676906332
11264,4.393993872863812
11265,29.526776045964127
11266,17.495312972338958
11267,10.34998829546179
11268,8.189449643346267
11269,6.634756860019213
11270,6.282235782633435
11271,6.197011923598286
11272,6.001292390282559
11273,22.286497539222594
11274,10.768303971345105
11275,8.975337563719007
11276,8.086558995762969
11277,7.547425856599828
11278,27.85714448847137
11279,16.2915014238558
11280,9.143859686155771
11281,6.761809224189873
11282,5.384426118899178
11283,5.038498944775239
11284,4.8017148183784535
11285,4.686484333325383
11286,16.255910361300486
11287,10.48754417311202
11288,9.289177708252495
11289,8.352402766030776
11290,5.730385611948147
11291,46.355842036808
11292,29.621343173524323
11293,12.613539260247883
11294,2.0592310695332223
11295,13.633786771702503
11296,4.776190026423021
11297,21.614782811261218
11298,11.729886298362533
11299,5.98791326087104
11300,4.141345543724481
11301,2.962310998422999
11302,2.6764042280990834
11303,2.5382110731897667
11304,15.31722114482524
11305,10.781132119538508
11306,8.798067474941243
11307,7.403718535213452
11308,4.994955014332199
11309,7.811414051461826
11310,13.369815242269071
11311,29.384560602029676
11312,17.28650350010573
11313,10.209258450128273
11314,7.906169694901525
11315,6.430906069812944
11316,6.053781287128235
11317,5.836053252197931
11318,5.744996851798295
11319,29.30483594264991
11320,17.205340132477794
11321,10.041155203838095
11322,7.783092099102181
11323,6.283687947217845
11324,5.906620715653832
11325,5.716380103204381
11326,5.652073955929351
11327,1.2252881981139556
11328,7.235663873184615
11329,4.3124101757978694
11330,6.702790434015632
11331,1.297277274416272
11332,28.08544456589125
11333,18.305994766239873
11334,1.75997093124076
11335,6.527405155098898
11336,5.888679364814831
11337,5.259467968268991
11338,1.5817869553287922
11339,30.81845862612001
11340,19.690810825065235
11341,12.35295511172078
11342,10.569709197788528
11343,9.446988259278825
11344,9.173044056178334
11345,8.95947584658482
11346,8.847859101753818
11347,31.130001087044047
11348,19.00971885707747
11349,16.165305132685084
11350,13.912315241603206
11351,1.682657607270504
11352,2.123793069385866
11353,18.528143939149412
11354,6.155421982891802
11355,4.831330112658221
11356,3.7602665842961396
11357,4.20756651971337
11358,3.4075507154503852
11359,3.324566359615875
11360,3.235356901938858
11361,23.481343273721833
11362,13.60607943092337
11363,7.644353914272587
11364,5.842599954077821
11365,4.814484350285415
11366,4.378200183903346
11367,4.22894029374801
11368,4.1874560087254835
11369,6.441257763756657
11370,4.196205297304595
11371,20.36945120575249
11372,40.88845824930128
11373,22.182756814060635
11374,12.615071239212433
11375,6.815369942096106
11376,4.842604495442954
11377,3.6853904827358197
11378,3.348914783901175
11379,3.191452992762674
11380,3.1277707564015196
11381,26.739602614924735
11382,15.715623138583304
11383,9.170795056453322
11384,6.752525360675952
11385,5.35965380158089
11386,5.132962045502305
11387,5.150617211974145
11388,5.097991619402718
11389,6.206728925560305
11390,3.611231646834379
11391,27.0117853449137
11392,16.229541184861922
11393,10.415610884103433
11394,7.878344789460433
11395,6.634114386716361
11396,6.273631420137871
11397,6.179782449348448
11398,6.119172836952164
11399,22.44693094064987
11400,12.648375368278872
11401,6.868933625618401
11402,4.967837472925655
11403,3.727239710132309
11404,3.4584453924412313
11405,3.328175714094423
11406,3.274755005005761
11407,23.54125396348343
11408,13.833884600709872
11409,7.7842150961341225
11410,5.579441807024404
11411,4.441298907559767
11412,4.097979862889407
11413,3.9138898277423975
11414,3.856627108494951
11415,23.344685261955433
11416,13.211169793647148
11417,7.293991926790599
11418,5.241736462140068
11419,3.9193377424829974
11420,3.6475228648697673
11421,3.50395896088213
11422,3.3397468581605416
11423,4.671480247801012
11424,3.9816355551647513
11425,3.414736292387809
11426,20.24587135591901
11427,11.51405224213539
11428,9.9081729560402
11429,3.0127883441271517
11430,11.900478977192677
11431,7.527649234913002
11432,5.995135780880906
11433,29.5718080591302
11434,17.468587076727257
11435,10.275498547874218
11436,7.860726620615443
11437,6.346364027618321
11438,6.054267432062911
11439,5.81618077146438
11440,5.640991974624601
11441,27.72319217702716
11442,16.19503599794217
11443,13.823069539221184
11444,11.187046511344821
11445,28.846744053838624
11446,16.882181391056026
11447,9.646605739067734
11448,7.350586444735008
11449,5.934189880646278
11450,5.488966480038238
11451,5.284653241728395
11452,5.190375497895955
11453,2.9354434841549493
11454,22.230351078457215
11455,12.61316240049599
11456,6.876270937942952
11457,4.936116702610642
11458,3.807818157556877
11459,3.488308181664511
11460,3.346216078700467
11461,3.2586052244809434
11462,22.324198360165802
11463,12.695442353460155
11464,6.927870416298825
11465,5.00953570248454
11466,3.8680496848977035
11467,3.5708033753821007
11468,3.4257718032516205
11469,3.3464160076952334
11470,21.371217154178858
11471,11.781183607687204
11472,6.080971946377021
11473,4.1351024070855935
11474,2.952785577897498
11475,2.6679276962990954
11476,2.519400322718161
11477,2.440069776184407
11478,21.424757881001103
11479,11.812821124216098
11480,6.098430630897855
11481,4.157319879543881
11482,2.9711128926211097
11483,2.683090750468351
11484,2.535125690261894
11485,2.46030428184863
11486,23.496539852759145
11487,13.186883700520571
11488,6.961049815486991
11489,4.843664777785946
11490,3.6353953385951527
11491,3.3228417638558243
11492,3.16673106753431
11493,3.08977711569492
11494,23.47972636868591
11495,13.395350735088954
11496,7.280394267310241
11497,5.191504340478213
11498,3.9007762643707236
11499,3.615965557013946
11500,3.47816190021309
11501,3.387748296053454
11502,24.34826677433135
11503,12.973852209982287
11504,6.73303876118123
11505,4.6123826755686625
11506,3.3679535607593523
11507,2.9962236283790125
11508,2.841792208912369
11509,41.392776694265876
11510,1.7673566950743629
11511,6.940405132535542
11512,3.7354278213173213
11513,3.286666365562987
11514,27.384188101492484
11515,15.833212296896296
11516,8.740173114920015
11517,6.393422176334666
11518,5.076265554505044
11519,4.761267455783428
11520,4.6097969106134915
11521,4.489053304554437
11522,27.233947393363827
11523,15.74726096750687
11524,8.770379695382271
11525,6.39973103878261
11526,5.038972453266494
11527,4.727409819667722
11528,4.573516602483636
11529,4.475556687221474
11530,3.200766320676154
11531,2.757023004934634
11532,3.299681247368461
11533,12.780020147956211
11534,11.211075693811242
11535,10.760242493751631
11536,9.174347997354724
11537,29.68954178747999
11538,19.47583943602753
11539,13.620391189408048
11540,11.478092594420762
11541,10.406387559389094
11542,9.98047818576696
11543,9.850956207269501
11544,9.628520990896414
11545,24.067223289917564
11546,13.734638850979426
11547,7.566976415172535
11548,5.473935670901419
11549,4.177533779124666
11550,3.852885805331706
11551,3.719984694637483
11552,3.656144449682038
11553,22.345770039586334
11554,12.54334484587337
11555,6.558933644597056
11556,4.562724391602027
11557,3.4101740117690102
11558,3.0650092086986884
11559,2.9171506535488234
11560,2.8159762675931446
11561,28.875517324618375
11562,17.05109105808332
11563,9.833416102459447
11564,7.558008475146723
11565,6.070076449782324
11566,5.661988880227659
11567,5.507830688965004
11568,5.335496629754459
11569,2.8506109841410967
11570,7.150157069747981
11571,20.918339087737444
11572,2.5046086722155922
11573,7.527622267867084
11574,29.227045449851623
11575,17.575783500277012
11576,10.4681708470963
11577,8.09291640232424
11578,6.515509192079691
11579,6.144375940308564
11580,5.928164426290293
11581,5.764216781044489
11582,70.99228704520768
11583,91.37357715066186
11584,4.7939375272953475
11585,28.1982914437989
11586,16.60181834650168
11587,9.422558546531889
11588,7.066624477321394
11589,5.605723617403533
11590,5.24809555365562
11591,5.0898622102389925
11592,4.98664025405553
11593,26.404796323138513
11594,15.01109134272362
11595,8.097855455025696
11596,5.948329511374229
11597,4.499707574247269
11598,4.13639912215322
11599,3.929163906134972
11600,3.812433720984323
11601,27.87001114049574
11602,15.832794483036013
11603,8.680337948238101
11604,6.379971944367588
11605,4.846381619040464
11606,4.468778737483574
11607,4.160921672470865
11608,3.96502652524134
11609,23.865515595235607
11610,13.664334514934755
11611,7.838099861535477
11612,5.659037149470507
11613,4.449689881586947
11614,4.187876703019441
11615,4.142963353330512
11616,27.219749963533914
11617,15.465763497054692
11618,8.138968539198423
11619,5.883156636964356
11620,4.231462549714504
11621,3.788575082249979
11622,3.616722367493918
11623,2.3494006325088077
11624,3.251839987795801
11625,60.973648045971686
11626,27.46614029503032
11627,72.29603490774653
11628,71.52860198614296
11629,8.095781811979093
11630,2.1763174303385826
11631,28.67447444884234
11632,16.858379581581644
11633,9.974795964906166
11634,8.121517859335473
11635,6.345660300825365
11636,5.663408752616094
11637,5.5315310353855
11638,5.470685198231049
11639,28.519370331340227
11640,16.806367174457318
11641,10.072302516285692
11642,8.243975139049315
11643,6.7123479965596005
11644,6.109302434566576
11645,6.004518617312425
11646,5.929183740915211
11647,17.620719285229203
11648,23.32368114472011
11649,12.162218843142629
11650,63.027582739599374
11651,36.07728847438193
11652,20.26743973015153
11653,17.6844170649222
11654,2.743671022901645
11655,2.9269892407824187
11656,4.836481409568584
11657,1.23887367500489
11658,1.3947297909143903
11659,4.6297894096774215
11660,4.699164254041217
11661,20.55799857941996
11662,10.996990926738663
11663,5.242128134729475
11664,3.3811543539491176
11665,2.213416110544767
11666,1.866243030283552
11667,1.7309508872483539
11668,1.6489963450582517
11669,7.942671732362163
11670,31.96372210261302
11671,25.635399396006143
11672,15.17328780004253
11673,8.84213478646523
11674,6.708347771412743
11675,5.415606025132022
11676,5.0945186681983206
11677,4.952908363560664
11678,4.810106236374366
11679,27.98271158905228
11680,16.109049464776305
11681,9.004417892569641
11682,6.608965551336643
11683,5.160149074569507
11684,4.667544948669658
11685,4.38960633776512
11686,4.241068752213007
11687,28.012726599037624
11688,16.0514951863595
11689,8.984983904244972
11690,6.5431421796650024
11691,5.145955626994981
11692,4.672987969372465
11693,4.475234129697219
11694,4.365872874732507
11695,28.5913049122206
11696,16.645513087364847
11697,9.50095210175694
11698,7.113680733725501
11699,5.6345536141100725
11700,5.299775468972931
11701,5.1257085959258175
11702,5.031295913775799
11703,29.0050645773885
11704,16.7846149087218
11705,9.501619359255564
11706,7.041544646980376
11707,5.5847332160690755
11708,5.263378548090815
11709,5.093461597483083
11710,4.977102497565372
11711,27.7378036393637
11712,15.853643675804648
11713,8.718944481251404
11714,6.397917762523579
11715,4.936779066685006
11716,4.58817181735547
11717,4.364132527420764
11718,4.22811027443452
11719,27.63173920620959
11720,15.694984123248792
11721,8.60944210848105
11722,6.308312502481115
11723,4.829466039512617
11724,4.475713155799493
11725,4.254943852980839
11726,4.103355315954448
11727,28.06295620099521
11728,16.012036246339825
11729,8.776412666898002
11730,6.449963293231584
11731,4.966628876519559
11732,4.6460005625217295
11733,4.412513640726913
11734,4.280977754046087
11735,11.179805493477359
11736,16.41190903049628
11737,9.507918690322544
11738,7.536087544645811
11739,15.975962070017841
11740,9.507917278035151
11741,7.583099435299371
11742,10.037240996589727
11743,5.477535723505579
11744,4.456813213562223
11745,2.707227912410816
11746,2.064249544794118
11747,27.403878346607726
11748,15.634430372812126
11749,13.048170412874777
11750,4.537525494009046
11751,3.749136815703694
11752,21.629305570304382
11753,14.524142994422263
11754,11.6927038932241
11755,18.032935105048452
11756,15.19952010070559
11757,13.390671556633984
11758,11.900895170957643
11759,28.03593106530713
11760,64.41605915588258
11761,47.81488913767862
11762,42.35643828496472
11763,33.589390808077674
11764,28.120036059349005
11765,25.802013798196363
11766,15.166079450109025
11767,27.569390183607297
11768,15.946855979243555
11769,8.939225197904843
11770,6.597224670346499
11771,5.236599902517216
11772,4.869947294037944
11773,4.617392902715174
11774,4.476006892448206
11775,27.54226166388326
11776,15.915641563925085
11777,8.902773376078576
11778,6.5568525126864765
11779,5.182957812132031
11780,4.844189799638023
11781,4.572221551665632
11782,4.431596725011909
11783,11.98945817353687
11784,25.645118767601097
11785,5.8374418159905
11786,2.1402333145685235
11787,22.00264855102606
11788,12.40430087480269
11789,6.705411711569847
11790,4.8463331589238
11791,3.6793828175029897
11792,3.3556422537966295
11793,3.2148402788622947
11794,3.1350385648711736
11795,4.361459262720649
11796,27.7378036393637
11797,15.853643675804648
11798,8.718944481251404
11799,6.397917762523579
11800,4.936779066685006
11801,4.58817181735547
11802,4.364132527420764
11803,4.22811027443452
11804,27.724521155835117
11805,15.82874408209434
11806,8.69117896478005
11807,6.384408535033401
11808,4.919931043356889
11809,4.583046772089411
11810,4.36744843828528
11811,4.223640984348091
11812,6.640562588685562
11813,12.485614256976437
11814,9.51371023715266
11815,7.739003287321337
11816,6.858605755519274
11817,3.0212393038267864
11818,2.710036730742202
11819,2.498922365344048
11820,4.456522251087697
11821,26.102217328261894
11822,15.127592533000287
11823,8.394402099892984
11824,6.278100731415687
11825,4.942943996026941
11826,4.67784694271691
11827,4.4637535128526125
11828,4.37398287669414
11829,7.196161486824454
11830,6.295152770597234
11831,5.455570692479604
11832,25.244703185836656
11833,21.596610998426108
11834,18.631304900451134
11835,17.498873751980597
11836,16.477793112102695
11837,14.53803049449143
11838,43.79041411318616
11839,19.650758653752497
11840,14.749013179411396
11841,13.382665413609617
11842,11.765983651643452
11843,2.890610876628647
11844,13.26243296234033
11845,9.823393708909856
11846,8.395228192670931
11847,7.231217203972264
11848,3.0432370909679873
11849,2.955598688113351
11850,3.4106902037299474
11851,3.4106902037299474
11852,8.979171886369965
11853,7.05355981428982
11854,35.938617853966086
11855,27.490403442075067
11856,15.91589910631207
11857,8.991731413670996
11858,6.577687674718245
11859,5.1834035726867596
11860,4.770915004342325
11861,4.582562350061364
11862,4.504243310264344
11863,25.814557098401494
11864,14.635345829613563
11865,7.8821217568024675
11866,5.777445898164707
11867,4.359575890800107
11868,4.131830397995471
11869,3.977767639641523
11870,3.875828400895044
11871,23.635215618894634
11872,13.670350783415245
11873,7.636624381380546
11874,5.639436988874145
11875,4.337470348478218
11876,4.047692116370249
11877,3.885414117926252
11878,3.8201171110264154
11879,26.70982945715973
11880,15.150378789792216
11881,8.203407706230246
11882,6.1514647327914345
11883,4.683967156203875
11884,4.3229826899780885
11885,4.047189462037865
11886,3.9094352494164273
11887,27.02857307017684
11888,15.53862958220537
11889,8.67994907177853
11890,6.144576557860663
11891,4.8020101854464015
11892,4.471865876805018
11893,4.241572608142445
11894,4.123922239794439
11895,22.65979156515238
11896,12.785065832800475
11897,6.995692027937109
11898,4.969688318986054
11899,3.748832930971579
11900,3.4033493151706864
11901,3.2443068379160636
11902,3.1701806866319417
11903,34.22831598981162
11904,12.219989274347093
11905,119.93341166104233
11906,17.92613638913781
11907,7.49799210796957
11908,7.355844190651078
11909,11.30462764614467
11910,21.898073611936063
11911,12.278103418150707
11912,6.529083836216602
11913,4.630348388417199
11914,3.458826833995055
11915,3.115317529841493
11916,2.971265376059165
11917,2.8978031345691173
11918,21.685516901309022
11919,34.98911058822134
11920,21.746762329601435
11921,13.580570755981686
11922,9.802450092738239
11923,6.9975358984987475
11924,6.289264333837074
11925,5.975351499103722
11926,5.766729753910447
11927,22.78533890190335
11928,25.787217365403137
11929,2.5136689169192525
11930,1.7775745752510586
11931,1.7926247476990267
11932,3.320775429682012
11933,8.272742711847767
11934,17.91591631766311
11935,3.2813974435648445
11936,2.739563952436181
11937,2.704555959190827
11938,2.6890940946761064
11939,2.094841477290377
11940,11.832353965285916
11941,27.96180377379887
11942,15.922794416479412
11943,9.473609825053202
11944,6.811393927624488
11945,5.3331453606705495
11946,5.036947813461227
11947,5.019069199076219
11948,4.924867112470556
11949,36.53490721931741
11950,22.59970746784012
11951,12.918024900169105
11952,7.179517192451355
11953,5.319465612231063
11954,4.153116032224427
11955,3.8280124065329124
11956,3.696203532713298
11957,3.6208875296153304
11958,21.809729297436995
11959,12.172099486496883
11960,6.370860377168588
11961,4.473161211808636
11962,3.3204718401418987
11963,2.9912427685544136
11964,2.855081269402406
11965,2.772292785236006
11966,21.941040385740877
11967,12.357256895189078
11968,6.602980602382502
11969,4.703298553232694
11970,3.5727135206042555
11971,3.2582912422867856
11972,3.102497980232837
11973,3.02172720868098
11974,2.7501379827623094
11975,2.751890186820158
11976,2.946174054509412
11977,27.60298670280267
11978,15.876827106728314
11979,8.838109639769604
11980,6.462018828445557
11981,5.088382624770233
11982,4.813917772240888
11983,4.660490801177894
11984,4.6082766431286535
11985,30.195674033125385
11986,17.5898471868065
11987,10.231901275435284
11988,7.609305237612788
11989,5.501518268879813
11990,5.082649850921976
11991,4.761929630034153
11992,4.676017520414737
11993,22.144546964045965
11994,7.066228757181923
11995,11.923590825403164
11996,6.9532526145379006
11997,6.239287608569331
11998,4.232463020337562
11999,26.07942081702339
12000,22.603501193308123
12001,12.866994507574343
12002,6.92804525309544
12003,5.196524015768727
12004,4.125960363454718
12005,3.778916960333102
12006,3.6449695641409567
12007,3.5939534741702097
12008,20.212868265550743
12009,9.924985017247451
12010,23.234952119495787
12011,8.703424076385488
12012,6.37557451037325
12013,5.57523655909973
12014,5.14015530698014
12015,5.0017916900399095
12016,28.41862854877668
12017,16.700031886655932
12018,9.626588500586866
12019,7.26773637712438
12020,5.771681961628834
12021,5.407205808033741
12022,5.217503873586004
12023,5.109350092150095
12024,38.96660616801083
12025,10.477525317203817
12026,7.935731283000752
12027,6.962670320852377
12028,6.622512544305756
12029,5.8981190629812446
12030,12.680663027238285
12031,10.18362620356515
12032,9.55188227304213
12033,8.291178329840273
12034,15.089562507677833
12035,29.334685207964004
12036,21.946242177479636
12037,20.084403787990702
12038,15.60039197683811
12039,14.27220154428166
12040,5.886547477168191
12041,19.591119523426077
12042,12.243073558521647
12043,10.477118751995445
12044,9.576911048578529
12045,21.510001237719404
12046,12.8046774859456
12047,10.589324710946237
12048,13.090193486304026
12049,8.769398557777803
12050,8.346795498500652
12051,7.243206450522842
12052,18.712188278579198
12053,4.852573445495259
12054,5.706089198125371
12055,18.712188278579198
12056,10.75903808306766
12057,23.76348067289086
12058,14.115855876333542
12059,8.350902921145972
12060,6.333485594952325
12061,5.188873265900765
12062,4.7999623442317425
12063,4.6536920145393665
12064,4.575146227375197
12065,22.57155715634817
12066,13.009942043077116
12067,7.233253918350129
12068,5.253062417189748
12069,4.132453868975806
12070,3.8226743779206456
12071,3.6597964790499677
12072,3.5570545068103763
12073,27.65312759994982
12074,16.881272532972492
12075,10.715059174778343
12076,8.621956048095708
12077,7.3181924636861755
12078,7.02823661276897
12079,6.870626917844907
12080,6.756263978667457
12081,21.96042811460437
12082,12.123035293724678
12083,6.3214144556691005
12084,4.3533841384480905
12085,3.1823308287465517
12086,2.841666670224119
12087,2.6924200876009303
12088,2.6304326893521375
12089,23.91751955102428
12090,13.288291068283606
12091,7.114541153704957
12092,5.005687855708476
12093,3.7725067442843345
12094,3.4355151941635085
12095,3.249329427213863
12096,3.138119200501848
12097,22.112480990304412
12098,12.711666450134562
12099,6.966702601058546
12100,5.059600284297451
12101,3.8831414213914934
12102,3.5329312965541764
12103,3.3596336870270256
12104,3.2879094192561844
12105,37.61482296969776
12106,8.69091468848023
12107,8.555230898814788
12108,3.2963569614712056
12109,116.63735010187665
12110,10.9160588125688
12111,14.18840946444373
12112,22.51221337871577
12113,12.552519160736754
12114,6.5647626313639424
12115,4.574950335168687
12116,3.4279157589168507
12117,3.04038096367303
12118,2.899699487034164
12119,2.8326679904741487
12120,24.129236701204253
12121,13.495628649477581
12122,7.148694069635683
12123,4.958630765973776
12124,3.7053171342974607
12125,3.370852351327053
12126,3.2160020184162565
12127,3.112796296148598
12128,21.752963397810753
12129,12.080607959215651
12130,6.3173332427033095
12131,4.391555732115169
12132,3.209749310249604
12133,2.923880159939097
12134,2.7789285244003867
12135,2.6951586679924953
12136,21.991650816002096
12137,12.250236700071536
12138,6.425379602588027
12139,4.476232787501733
12140,3.2873925213197146
12141,2.977173424517204
12142,2.823165037098098
12143,2.75203250227084
12144,21.1471766048205
12145,11.68977993508414
12146,6.003071173470175
12147,4.102730960050626
12148,3.003239733557789
12149,2.6637433074394257
12150,2.530142916315744
12151,2.4574036338007046
12152,27.79319023625463
12153,48.679631036832674
12154,6.217844393294778
12155,5.934478996746519
12156,21.94399777811385
12157,12.294030048550262
12158,6.547965519070718
12159,4.611671394954567
12160,3.4556819115877393
12161,3.1604955454665684
12162,3.0045818833730857
12163,2.91980606080534
12164,22.786046467809484
12165,12.694993985556334
12166,6.654018348616884
12167,4.564181447880562
12168,3.4064491216337838
12169,3.031671284897291
12170,2.871550517490424
12171,2.7982948507005574
12172,24.518343705992294
12173,14.160594198359888
12174,8.25617817465973
12175,6.610348041475527
12176,5.57468275328604
12177,5.156437147392966
12178,5.004160998274652
12179,4.896513104327746
12180,21.571662067044898
12181,19.458642720856645
12182,16.090121024320116
12183,12.077339246133075
12184,6.118619031815058
12185,51.54238244895632
12186,16.725850338302447
12187,13.073730590838938
12188,15.751239369541352
12189,23.221262939871444
12190,25.531212540368152
12191,32.90980091084172
12192,29.310582288810664
12193,21.58842989549785
12194,12.017695925234786
12195,6.244653483000381
12196,4.341673585417752
12197,3.2038487458393683
12198,2.9138728453396414
12199,2.768048855692627
12200,2.638406590078654
12201,22.62644238912622
12202,12.975839815839965
12203,6.8079911242412825
12204,4.897658755694819
12205,3.5881165809398605
12206,3.2502441871679175
12207,3.123364282237084
12208,3.082562564708549
12209,11.563700962613368
12210,7.360954080769931
12211,5.904239952278591
12212,4.399721890301551
12213,22.654582035769728
12214,12.699170725938604
12215,6.7684660332591395
12216,4.839155624478112
12217,3.5925612118575208
12218,3.244429052218112
12219,3.071602494354272
12220,2.9791764936885805
12221,22.1091597506095
12222,12.212504267559723
12223,6.336600490552657
12224,4.365434383584432
12225,3.2141775617094623
12226,2.849255897694161
12227,2.6799633291332734
12228,2.6069183953888397
12229,21.47476483433075
12230,11.82954509453874
12231,5.988820686418343
12232,4.077854964725952
12233,2.9622707163559103
12234,2.595094137701347
12235,2.430656237621469
12236,2.396751396688264
12237,22.91513048226823
12238,12.774692618867004
12239,6.58238975522732
12240,4.553308132335938
12241,3.3526673761056918
12242,3.173276390567737
12243,3.01112313064836
12244,2.948300501275642
12245,105.08975898005501
12246,53.857206422723294
12247,37.56200648412033
12248,27.35503616976639
12249,23.57399195861933
12250,23.01577928887486
12251,13.191740271618741
12252,7.2443963389752675
12253,5.292013256262559
12254,4.0570324336031485
12255,3.695749844777729
12256,3.55160935336858
12257,3.4348670846587916
12258,2.9063320413458196
12259,5.1146665376527425
12260,25.413593391513448
12261,14.845399133578905
12262,8.319254313975515
12263,6.24232656391394
12264,4.912264044980555
12265,4.5625650791811045
12266,4.406050934880435
12267,4.285926268353485
12268,26.61563529289552
12269,15.650616129281932
12270,9.136312631702921
12271,6.99748790451355
12272,5.623202497368665
12273,5.255864387601797
12274,5.068442062015674
12275,4.965690197505084
12276,28.177650353634228
12277,16.81336150668853
12278,9.848416162300872
12279,7.987198620795003
12280,6.543483341927564
12281,6.279458097270782
12282,5.9962209844552605
12283,5.7913707534281285
12284,29.174479639714168
12285,17.02116897443452
12286,10.022937696757833
12287,7.787107215081016
12288,6.30590622615971
12289,5.97478456872374
12290,5.725601103997961
12291,5.630531726004716
12292,28.048612792509907
12293,16.781857341515714
12294,9.5667128881573
12295,7.098768328450083
12296,5.727851868618722
12297,5.430013557155797
12298,5.262151566193146
12299,5.087614066676264
12300,7.004131206705497
12301,5.254759212373847
12302,4.047196024003448
12303,24.566437637980822
12304,16.801000325213323
12305,12.637481995997307
12306,11.575006051723154
12307,42.928322812223456
12308,10.58972763447819
12309,8.719768545660797
12310,36.09948986260017
12311,14.91901864292785
12312,29.33523251643537
12313,26.63825824655559
12314,21.935560621760203
12315,7.971818180622243
12316,5.175270621964413
12317,4.673433813411881
12318,4.091705962023388
12319,45.58971629506627
12320,6.462618569687996
12321,44.87994702800465
12322,27.492327906698453
12323,22.181759688194642
12324,16.645039600832614
12325,12.68001597798472
12326,12.99190410700915
12327,10.970149397745741
12328,44.87994702800465
12329,27.492327906698453
12330,22.181759688194642
12331,16.645039600832614
12332,12.68001597798472
12333,12.99190410700915
12334,10.970149397745741
12335,2.51866616141927
12336,48.86184121778923
12337,40.92597835159461
12338,184.04358322155073
12339,111.90053380816363
12340,82.1405206374594
12341,53.112231266686564
12342,3.415859890449612
12343,13.764936543802447
12344,11.262029965062652
12345,22.439587138404455
12346,12.629007131147691
12347,6.787481805796895
12348,4.865384379414545
12349,3.6421124774520464
12350,3.3189886049592663
12351,3.1539428685484427
12352,3.075491013960134
12353,4.188864556859631
12354,22.389461845083545
12355,12.763681287760193
12356,7.05285958117745
12357,5.123734231229282
12358,3.979599824252321
12359,3.6534236584578843
12360,3.5124446946322814
12361,3.433081129999139
12362,22.67645767640034
12363,12.615663963990194
12364,6.722648160475689
12365,4.6675078959387015
12366,3.431128826355665
12367,3.102819612682894
12368,2.9470072302308727
12369,2.861208078808523
12370,27.712050077187165
12371,16.150056903857703
12372,8.715282076870395
12373,6.594809815956555
12374,4.895136929243243
12375,4.595453351119312
12376,4.374138933789104
12377,4.225977294160501
12378,4.964206345264641
12379,28.518457486253475
12380,17.09151574364335
12381,9.926036752642442
12382,7.38654895237435
12383,5.937855833777556
12384,5.505299499892564
12385,28.138986112457403
12386,16.911535086468696
12387,10.059973644830675
12388,7.836290019695912
12389,6.451993537557643
12390,6.065587977848148
12391,28.740696256179177
12392,17.385169594266387
12393,10.348618086316554
12394,8.126629221697428
12395,6.712212291891006
12396,6.315483774068301
12397,29.591949478634394
12398,15.83760545160938
12399,11.028655915896955
12400,29.03306604763852
12401,17.088813973426333
12402,9.85650947741479
12403,7.554407586117671
12404,6.092077347647598
12405,5.67140751057839
12406,5.453670948541822
12407,5.329189182833451
12408,5.656346611766534
12409,3.8812403609389285
12410,2.961556178156012
12411,21.742390841844056
12412,12.55913386362867
12413,6.769082995037062
12414,4.771378596379428
12415,3.6944320795532817
12416,3.389764557113364
12417,3.2054471544346215
12418,3.126821921473585
12419,4.922027409845387
12420,26.37329918542787
12421,15.575636906716998
12422,9.229207745290143
12423,7.134567265581643
12424,5.772055441108585
12425,5.543663262458866
12426,5.415144526228806
12427,5.149509278841551
12428,23.941969504219948
12429,13.833052112905511
12430,7.876501787381661
12431,5.909158129508873
12432,4.631301707236246
12433,4.289566899221208
12434,4.15709554381493
12435,4.06666104906029
12436,14.87167595830244
12437,7.918926672738435
12438,511.12360851481253
12439,15.184687462504813
12440,8.172530580440286
12441,25.78639039767135
12442,14.928945262569618
12443,8.22663227187505
12444,6.133223170588823
12445,4.713336354806191
12446,4.392409923934294
12447,4.122733253081377
12448,3.9505115740483925
12449,83.10139049543147
12450,32.72427148017381
12451,4.36232115079115
12452,79.0901710547949
12453,17.871075014959843
12454,4.977743415542496
12455,3.556077366385256
12456,2.338882288123957
12457,23.299179939385322
12458,30.998176311704974
12459,7.731544766325669
12460,3.4357823040633533
12461,34.88556658625236
12462,21.091117534927008
12463,2.9024999244130227
12464,2.5066822645079765
12465,2.6335947800713835
12466,38.92669266588152
12467,73.06102264822037
12468,41.306625833724766
12469,5.2069834424848755
12470,15.75532430020479
12471,9.65939371164987
12472,8.213217267225538
12473,7.443340035044002
12474,8.436253403753739
12475,2.163071040161707
12476,21.611552178254655
12477,11.941174314608297
12478,6.050259577936199
12479,4.1190397546468205
12480,2.9490425656718537
12481,2.5654735399108164
12482,2.4220043885373754
12483,2.3871675196233744
12484,22.19344667365441
12485,12.406006944756376
12486,6.493866002525948
12487,4.496200666140741
12488,3.366539749555441
12489,3.0295483541110118
12490,2.857509541001041
12491,2.7903002019544076
12492,22.134786161027645
12493,12.48192411700855
12494,6.666602831253964
12495,4.6879142099343705
12496,3.552976133301527
12497,3.288156024527818
12498,3.122992016198131
12499,3.0510958931039207
12500,24.12157654808756
12501,13.682048582027488
12502,7.478837046933767
12503,5.436762637849116
12504,4.18140065060819
12505,3.8493054231538206
12506,3.740113163842482
12507,3.6225899465090254
12508,10.867682039005434
12509,1.6344175628932538
12510,1.9246247600935475
12511,29.862837733185707
12512,18.736295508943947
12513,11.432521652915156
12514,8.211554414586471
12515,6.581202773406739
12516,6.228379279205591
12517,6.0596877756164
12518,6.0153311512773575
12519,35.456081945517774
12520,24.47663870865949
12521,16.104773200113172
12522,13.785907910512242
12523,12.186842864320074
12524,11.803730043676103
12525,11.645377982168256
12526,11.531640368374362
12527,21.78404049067002
12528,12.027207379980618
12529,6.362982112928774
12530,4.347819922221533
12531,3.198828028890121
12532,2.912166751714138
12533,2.760045462693168
12534,2.6884194497953127
12535,33.344633814976575
12536,23.52910083969373
12537,4.279880998892549
12538,33.40097243081195
12539,9.662513312166634
12540,4.658160194065033
12541,9.747354109176717
12542,9.848157542302879
12543,23.136569924865455
12544,12.864756379488313
12545,6.886752595161727
12546,4.892006142064251
12547,3.6459869580321262
12548,3.3058351618189534
12549,3.127053216610325
12550,3.057917742662392
12551,17.76347297162787
12552,42.77421157781961
12553,24.19019455145565
12554,2.4219436589389107
12555,28.35235566419614
12556,9.260941567265052
12557,4.969309598485762
12558,2.2203165945083896
12559,1.261942876547869
12560,2.734691853556205
12561,28.037813115728873
12562,16.316669838283318
12563,9.289627824287571
12564,7.016677326076162
12565,5.73731826345712
12566,5.34515345518314
12567,5.214048246320691
12568,5.0893190886337045
12569,9.65722528006357
12570,19.571899574233047
12571,16.856796826880984
12572,22.137071871601698
12573,12.28380869063627
12574,6.478590910026858
12575,4.491436616804488
12576,3.3387903105117696
12577,3.035046027970005
12578,2.8673970357039025
12579,2.770923367426994
12580,35.89944093473812
12581,28.182833534077982
12582,25.84753773418523
12583,21.7807207513472
12584,54.086352017566604
12585,43.01341116100977
12586,38.98083388946
12587,28.62599369220432
12588,53.88401650558346
12589,50.70158192032188
12590,45.93978086763815
12591,35.17541596165188
12592,38.37190129861883
12593,31.58653166273542
12594,27.518524446782273
12595,22.661832148036975
12596,21.827709170511415
12597,12.146440292190334
12598,6.351679160818169
12599,4.458122162824631
12600,3.3069132697706345
12601,2.97787714080948
12602,2.8420177923822867
12603,2.7585829302797262
12604,24.109981672861885
12605,14.391945451290972
12606,8.25453056626443
12607,6.0714157423047235
12608,4.096942046665267
12609,3.3582054023031214
12610,3.0432619420117915
12611,3.0166560896287993
12612,5.857747253210171
12613,60.10774833588576
12614,25.147656795497692
12615,14.942414877392725
12616,8.922604849490847
12617,6.846571775273652
12618,5.636500193298095
12619,5.233504124916614
12620,5.068390379524235
12621,5.025393212370204
12622,29.16501034673955
12623,17.373452622947667
12624,10.211512949004202
12625,7.758059828603863
12626,6.316800665130952
12627,5.941700875934127
12628,5.745783736748476
12629,5.644909234534694
12630,29.134301912766944
12631,17.348005809282213
12632,10.1955585498416
12633,7.736172041867751
12634,6.296025544435177
12635,5.922337164348908
12636,5.723901923735314
12637,5.6300099711665075
12638,4.307618370580054
12639,7.349995169152036
12640,11.579030090579563
12641,8.777025428353234
12642,4.777292932926357
12643,18.534353998861878
12644,12.102215447246035
12645,27.976220807307918
12646,18.35563607378662
12647,12.43700234405274
12648,9.935183264362703
12649,8.479072472292492
12650,8.114100834908292
12651,8.018194188954391
12652,7.914891743977293
12653,3.8558648720280293
12654,29.11726466900888
12655,74.46436579290591
12656,24.002428869580328
12657,14.367347535021437
12658,8.572092309716247
12659,6.527475965940227
12660,5.408627405128881
12661,5.062381613751719
12662,4.961926837446439
12663,4.852509965819486
12664,16.975987409175712
12665,13.21305963456512
12666,11.154000243475018
12667,9.249891888678452
12668,8.657526358520098
12669,13.20261051475434
12670,28.089238944640456
12671,16.130216891541007
12672,9.109444002549033
12673,6.681266733932533
12674,5.3072821160804065
12675,4.9152099391952015
12676,4.717501754552035
12677,4.595832165212891
12678,28.960484765303974
12679,16.835530635897143
12680,9.570103924867748
12681,7.144242327563539
12682,5.731072673439549
12683,5.398042584372812
12684,5.203320602268335
12685,5.109629440668197
12686,28.960484765303974
12687,16.835530635897143
12688,9.570103924867748
12689,7.144242327563539
12690,5.731072673439549
12691,5.398042584372812
12692,5.203320602268335
12693,5.109629440668197
12694,25.029120669272043
12695,8.635754892625222
12696,18.63604405087553
12697,4.8697045542493465
12698,14.445052361662269
12699,11.015678147140925
12700,9.597821970822672
12701,8.512345309886134
12702,45.474734484168266
12703,4.121166590269587
12704,7.571194379036955
12705,3.0153773103764947
12706,3.276820309103415
12707,3.0378674337564204
12708,2.706986137948426
12709,2.4547736616877334
12710,51.93919341456694
12711,10.569335652469213
12712,25.00335968424966
12713,13.857470143276274
12714,2.999702903458179
12715,2.889198092600858
12716,2.6309831615794455
12717,6.268285752338177
12718,2.5635068956409945
12719,2.4459591625868895
12720,2.234615260552771
12721,2.1634100063213593
12722,19.138151315706338
12723,30.297564384557404
12724,18.461108459182313
12725,15.280655679750181
12726,12.939976832080227
12727,11.556228146877737
12728,31.416307094749357
12729,19.502893740442296
12730,15.410813203295671
12731,12.189759546582543
12732,11.1172000834557
12733,18.03398421051788
12734,10.430409499765663
12735,8.651017442593517
12736,7.070661712085283
12737,5.792167188009386
12738,29.56574183622904
12739,17.64715071680174
12740,10.736511677973446
12741,8.423219277544892
12742,6.875004767064485
12743,6.517442984984015
12744,6.35738860771983
12745,6.263019038035207
12746,7.834525053253401
12747,2.1874778449482886
12748,1.973990111976721
12749,85.75748766385084
12750,33.966711963699424
12751,27.803979883228372
12752,16.29712482203818
12753,9.294456542846179
12754,6.9025526847805105
12755,5.52505339194281
12756,5.078245087688354
12757,4.895514000656503
12758,4.800927700599907
12759,4.886080451841263
12760,5.008075658330096
12761,10.600671416217788
12762,7.905055617659086
12763,8.26934196818349
12764,7.123974915088084
12765,27.83465539179801
12766,15.906548910127627
12767,8.741314909990797
12768,6.470112011735577
12769,4.998716512260769
12770,4.623644134698755
12771,4.3941055181728945
12772,4.294984367954853
12773,27.035460099008517
12774,15.306845545923434
12775,8.333180396460962
12776,6.0562527052509445
12777,4.565226669867734
12778,4.106509222126924
12779,3.8858391365191727
12780,3.75496272121942
12781,28.906250065859638
12782,17.137914057161098
12783,10.149276959844684
12784,7.863474132162384
12785,6.486126504173855
12786,6.2758813344970585
12787,6.084441439196977
12788,5.9210766698859905
12789,27.86719013190107
12790,16.861731767253932
12791,9.707003612114171
12792,7.542934648460906
12793,6.239416638752625
12794,5.829392731803981
12795,5.604708622780805
12796,5.518594829246153
12797,4.664425653418549
12798,3.9311506315216023
12799,13.020368586825416
12800,15.557293659315935
12801,18.102089588258266
12802,7.8825671455723425
12803,9.516815021080731
12804,21.790234377590238
12805,12.14102328370448
12806,6.344186871116887
12807,4.4206015722368335
12808,3.2363204313725786
12809,2.9237866663299257
12810,2.7839235291797513
12811,2.6994216490857936
12812,4.339812648897896
12813,27.540721585840533
12814,17.462897395667355
12815,10.684546022293626
12816,9.886638366705562
12817,8.84072118259548
12818,8.50730614795437
12819,8.367484972516667
12820,8.239500694774893
12821,8.063868678134028
12822,26.62922545388198
12823,15.436518260664407
12824,8.917699970304156
12825,7.08459553349519
12826,5.754202506731184
12827,5.43716318945284
12828,5.230471090426583
12829,5.162605862840708
12830,119.23209827630146
12831,10.768420171761912
12832,1.5373944772736572
12833,11.123445206231972
12834,3.0361001028355368
12835,3.8355220360405484
12836,32.83132500164747
12837,27.418080836925476
12838,19.76085699696548
12839,15.072888207864253
12840,10.396410975052158
12841,5.029377982390306
12842,27.58657195095985
12843,9.203896071910178
12844,1.710880447663738
12845,19.346580148632643
12846,14.49544393085093
12847,12.54609670267312
12848,10.084409119383906
12849,7.369412945171553
12850,6.07123022172607
12851,5.956382483691208
12852,56.081984166243046
12853,18.48957258967134
12854,13.341950854899508
12855,11.110026327495024
12856,9.707897256078454
12857,7.191939440259284
12858,7.4840948424763365
12859,24.530551365326016
12860,26.298020773707897
12861,15.615542921111317
12862,9.088377524152246
12863,7.232677794660242
12864,5.794947276904417
12865,5.523155442852984
12866,5.413158347599115
12867,5.326330590087691
12868,10.205762131150667
12869,17.091612149432592
12870,38.12806768223426
12871,32.494644906531406
12872,31.007553507113734
12873,29.659997865754335
12874,29.166115514610865
12875,53.25340457220365
12876,25.175819570362627
12877,46.78890377419048
12878,5.629063277148516
12879,27.88341543119443
12880,17.157060553389808
12881,10.80939524696371
12882,9.26155734722768
12883,7.732006752780654
12884,7.344579568751335
12885,7.029398784998971
12886,6.866434074198157
12887,27.366342074026377
12888,16.79917752909861
12889,10.450700287641801
12890,8.989442977893274
12891,7.500389212560519
12892,7.21284036628074
12893,6.909129369985319
12894,6.76474524210009
12895,26.97312379276157
12896,26.382830760823268
12897,14.81442186281431
12898,7.967595139717695
12899,5.8562192050169
12900,4.537423026562581
12901,4.244474533592697
12902,4.043591851833687
12903,3.926210614858315
12904,26.55241927503207
12905,14.960912647630522
12906,8.133246379165325
12907,5.957373904794723
12908,4.5692016311787595
12909,4.279527250113364
12910,4.056311913562642
12911,3.956339320073648
12912,21.08500152796042
12913,12.379890414138458
12914,9.12063689993733
12915,7.584697942261533
12916,3.492939710008965
12917,18.668496850149417
12918,1.6393857511413157
12919,7.254870217182196
12920,16.52788878307374
12921,15.872142110357363
12922,15.114412449405267
12923,13.94767541982063
12924,5.0160311041164425
12925,3.88854125913395
12926,3.21393319382694
12927,2.816785432994454
12928,2.5613159051233634
12929,23.54201984270938
12930,17.72948370600688
12931,15.941684715503033
12932,12.900745079438693
12933,14.19709882897587
12934,13.162198060496033
12935,10.967824681642881
12936,1.694779973968442
12937,12.383162781082413
12938,18.592982257163946
12939,13.987276792023707
12940,2.3750197219829072
12941,5.103821329028712
12942,10.257825658824189
12943,7.87578490683345
12944,5.8123539499126915
12945,5.800797529652243
12946,2.7260085556551905
12947,7.736463176982002
12948,4.574745612185633
12949,4.6275946173900655
12950,1.9767755136375411
12951,10.33847769573011
12952,3.1898972544207513
12953,3.9119971762361443
12954,23.60148099997349
12955,1.4440889210270316
12956,6.8560296169323935
12957,5.578800047196889
12958,4.788690706631757
12959,25.80627995049044
12960,16.747222355623524
12961,10.487301703604079
12962,7.993535149982828
12963,6.928411521223886
12964,6.5235455134291165
12965,6.36176242323662
12966,6.28977796289452
12967,20.693466996777577
12968,15.625911967874138
12969,13.447121581274178
12970,10.940018156470357
12971,7.6163031027060555
12972,6.094428279931712
12973,5.914612699797891
12974,19.64796486899511
12975,19.648833573741214
12976,15.496865881641071
12977,13.66844548366296
12978,13.685750070382513
12979,12.90702766672074
12980,1.7675744421120627
12981,2.2812136138813077
12982,11.578417496382585
12983,10.235446903095703
12984,16.123453454249407
12985,19.017944269450798
12986,5.383878708115102
12987,5.564911141140714
12988,14.967776385754359
12989,24.88079195790143
12990,15.974200454464313
12991,9.417006620816936
12992,27.70700222503022
12993,21.7456871826559
12994,12.153172019697685
12995,6.447818362122476
12996,4.476245105707665
12997,3.2716168011291322
12998,2.983050916481359
12999,2.846889396057655
13000,2.7711877410211425
13001,21.71023017696608
13002,12.129268091633394
13003,6.398729389035477
13004,4.45486020024016
13005,3.2572954880532867
13006,2.926938522754896
13007,2.785739004148599
13008,2.7091822359163165
13009,21.557537350546227
13010,11.977016224153502
13011,6.234065376690575
13012,4.337348829590876
13013,3.1663880606737247
13014,2.8285013281747133
13015,2.6934023295931575
13016,2.619541583244201
13017,43.317048531894166
13018,23.48710309578562
13019,17.28508842754086
13020,15.321917265792266
13021,25.57218572217954
13022,4.593263613472056
13023,32.65026597332069
13024,10.450089235905732
13025,12.702074072561892
13026,15.475488175677203
13027,13.296085092003471
13028,30.63193671076715
13029,5.787649116482729
13030,12.174953455915452
13031,25.25848920340206
13032,15.069092949565794
13033,8.917960543902629
13034,6.735645232259622
13035,5.58106308059282
13036,5.284717076729471
13037,5.072071728601395
13038,4.969183624171045
13039,18.94236372071316
13040,11.986560937658425
13041,10.197555934367983
13042,7.5455603397730435
13043,6.255547738695145
13044,5.3499913520024815
13045,29.01116354377991
13046,17.047503774952965
13047,9.855931863598764
13048,7.614165322385083
13049,6.094759789669093
13050,5.677969715678536
13051,5.458630791617179
13052,5.361254957786734
13053,29.451027824724882
13054,17.78933725726523
13055,10.631227411030329
13056,8.20738784652957
13057,6.7106597312776515
13058,6.33283487614181
13059,6.143160299888625
13060,6.0268410133327155
13061,4.445213698536679
13062,9.177548187932555
13063,2.2179262107333733
13064,1.7902827257804783
13065,28.55056819848884
13066,17.25723020046562
13067,10.591846734682555
13068,8.279117853284744
13069,6.985005595445248
13070,6.649542590746474
13071,6.472197390448141
13072,6.37014217221138
13073,25.39075290357721
13074,15.571114058001589
13075,9.579104175950425
13076,7.6336885604233515
13077,6.452312316508003
13078,6.106264871001594
13079,5.971255176939925
13080,5.8687909881971985
13081,7.064269756550796
13082,24.18109599244614
13083,3.4285248611899104
13084,8.878349403525865
13085,8.926502589627601
13086,5.082513841992261
13087,24.222381743177678
13088,14.664751291666448
13089,9.219098504149535
13090,7.608206312213983
13091,6.475675827262081
13092,6.249529766643967
13093,6.098908183132461
13094,6.039049841215303
13095,26.083155500386923
13096,16.61636379370769
13097,10.91091132219398
13098,8.323215521676754
13099,7.284033651894686
13100,6.893641505620995
13101,6.7708837935672666
13102,6.63891182896897
13103,26.363538551146807
13104,2.0033621581343324
13105,14.760811262915041
13106,19.387809326417013
13107,14.953309007633074
13108,14.47377708874092
13109,3.3670453283900805
13110,2.4736329219410425
13111,4.647465689403482
13112,6.033117342193769
13113,9.209452440773704
13114,4.571134608700807
13115,7.905872142393283
13116,9.78924255905309
13117,23.171118850894274
13118,3.9163524789065205
13119,4.604519429712825
13120,17.546719132591697
13121,10.566311511635451
13122,7.2984198074814755
13123,6.263658441726102
13124,6.62494951856133
13125,4.194171177275862
13126,22.294036887536986
13127,24.17926504376313
13128,21.36163039086173
13129,6.710556733920365
13130,6.287752545383554
13131,10.73306640342769
13132,8.614389584356507
13133,12.010128134088255
13134,19.66268807883192
13135,10.547285559225099
13136,5.365697413119081
13137,3.6031632411911616
13138,2.499860954959895
13139,2.15159832887308
13140,2.004050938608937
13141,20.236758546766264
13142,10.766248829278135
13143,5.393575463857852
13144,3.535150789128725
13145,2.397302033060233
13146,2.0570119617846903
13147,1.905747141520869
13148,25.974946789689533
13149,15.089383813370237
13150,8.847121385460103
13151,6.706416656195602
13152,5.373674003397099
13153,5.005097653183334
13154,4.8444887543237956
13155,22.949642835572668
13156,13.212989737497404
13157,7.355926787686603
13158,5.344038828071121
13159,4.098906097047591
13160,3.831413359666125
13161,3.6586503914447195
13162,3.5533466138292553
13163,2.9474359805484704
13164,11.644383200684162
13165,12.746991770783495
13166,29.20843612483624
13167,17.755203653539052
13168,9.698131654297827
13169,4.259882623025886
13170,8.414963365136586
13171,4.959434985096377
13172,5.653091132540162
13173,3.632813608900393
13174,3.3214529052253825
13175,2.617693155568909
13176,8.74886195980739
13177,4.0736974542427795
13178,5.360649162809252
13179,3.149518132713674
13180,6.521136159700369
13181,2.3218069321322785
13182,3.4365994240043523
13183,3.202408530435635
13184,3.8044468726491867
13185,7.693422798966777
13186,5.060844029593618
13187,2.3831365777186173
13188,2.389570319510245
13189,2.299970546304095
13190,2.9223143247797365
13191,2.797968370749757
13192,3.1977003045013093
13193,2.7913383406222554
13194,2.4665711045985566
13195,4.03090098888544
13196,4.495984131760922
13197,3.4724168650311986
13198,3.889886677524791
13199,3.4306142998049243
13200,1.8608333160948092
13201,2.8465476952639372
13202,2.760774991264636
13203,2.8193219067309903
13204,2.6533934548412486
13205,2.7254044521307645
13206,2.964634120120285
13207,32.05119436291761
13208,6.731186744992565
13209,2.1164971300891255
13210,1.7666947752097222
13211,9.113967594626416
13212,2.821340895832992
13213,7.897084224980352
13214,16.140903853777644
13215,11.294862778701997
13216,9.540481824838873
13217,8.630598046939342
13218,8.005337818256285
13219,3.7212149643712027
13220,3.332720404660088
13221,2.864564545055081
13222,2.6948565254728902
13223,2.618847598174694
13224,6.0809040699952295
13225,6.807002762623542
13226,22.487960774903694
13227,12.36792120624864
13228,6.5690191346216515
13229,4.63679240947479
13230,3.462731788013536
13231,3.119591521070911
13232,2.9616862306569294
13233,2.8633488269597844
13234,1.7059082128025211
13235,21.093868151313075
13236,11.536642828154761
13237,5.8087853169801775
13238,3.883426215666713
13239,2.7167241717770745
13240,2.418161345552089
13241,2.2891539499466242
13242,2.1992588261515578
13243,23.093732310552966
13244,13.306635254366334
13245,7.468272689815759
13246,5.582918178464745
13247,4.428927489590519
13248,4.10150877318922
13249,3.956013104567943
13250,3.866022293634274
13251,21.71842733814432
13252,12.102400501538154
13253,6.335520201697532
13254,4.419416375600872
13255,3.253186152080522
13256,2.975149580104418
13257,2.8235329963786544
13258,2.7421134652482095
13259,27.329544247861904
13260,6.700962296190016
13261,3.0474456303930353
13262,25.868106610978923
13263,14.905467999206397
13264,8.428428372881118
13265,6.414547733817449
13266,5.051927657526976
13267,4.728773788198362
13268,4.541469181418549
13269,4.415399620581647
13270,25.868106610978923
13271,14.905467999206397
13272,8.428428372881118
13273,6.414547733817449
13274,5.051927657526976
13275,4.728773788198362
13276,4.541469181418549
13277,4.415399620581647
13278,1.3743691247542202
13279,28.601338481457592
13280,16.773858465668404
13281,9.606982423159124
13282,7.308662937437136
13283,5.840870392905087
13284,5.420657006547074
13285,5.2215519117891045
13286,5.113376585052471
13287,28.718554834913615
13288,16.851634900427747
13289,9.761254752053164
13290,7.433047484400728
13291,5.936497786410468
13292,5.54845490257328
13293,5.345808638975776
13294,5.247218262025527
13295,29.513451256304695
13296,30.27834870377833
13297,8.500131408686741
13298,9.523608495617175
13299,4.777604989431388
13300,5.347038706252423
13301,25.23000141997338
13302,14.950542148941945
13303,8.8731263385469
13304,6.830876586733531
13305,5.643450221745878
13306,5.296227405167272
13307,5.164864299202364
13308,5.053926535878729
13309,25.23000141997338
13310,14.950542148941945
13311,8.8731263385469
13312,6.830876586733531
13313,5.643450221745878
13314,5.296227405167272
13315,5.164864299202364
13316,5.053926535878729
13317,21.609737558845254
13318,11.982776445401317
13319,6.220471478063304
13320,4.311020454474179
13321,3.174416750628054
13322,2.8505144576566135
13323,2.703964704337569
13324,2.6154618746658596
13325,22.611968027736385
13326,12.866185012145833
13327,7.0766845682134
13328,5.213355813795278
13329,4.035008446593168
13330,3.724859822541264
13331,3.57860077212039
13332,3.496885792008742
13333,22.132292575127103
13334,12.515670925050994
13335,6.780268193728993
13336,4.854516120741546
13337,3.7033913662255253
13338,3.388592535069095
13339,3.2342015499237386
13340,3.1508481036161435
13341,25.676364936998482
13342,15.22850707193408
13343,9.125001018500134
13344,7.135058850041894
13345,5.891930881385286
13346,5.4929318624261985
13347,5.335293715159909
13348,5.295234282173605
13349,25.676364936998482
13350,15.22850707193408
13351,9.125001018500134
13352,7.135058850041894
13353,5.891930881385286
13354,5.4929318624261985
13355,5.335293715159909
13356,5.295234282173605
13357,29.10171283035494
13358,17.341565176695443
13359,10.161832685356947
13360,7.730263459618248
13361,6.293022732136723
13362,5.913715146802945
13363,5.71995544492789
13364,5.620780016771286
13365,22.508611143224666
13366,12.791222538947231
13367,7.04407247127112
13368,5.181175117971241
13369,3.9802514722870077
13370,3.687109066671013
13371,3.5436877524681183
13372,3.4569381262599497
13373,22.51048747490832
13374,12.79853018958646
13375,7.036230473753411
13376,5.166797226185736
13377,3.9654177457603286
13378,3.6626003047895788
13379,3.5150690445938566
13380,3.4299288905404053
13381,22.54953920351984
13382,12.834940063979495
13383,7.062689000159267
13384,5.197939192495167
13385,4.027938169793937
13386,3.7167322049143365
13387,3.5691730052113524
13388,3.4833850286063726
13389,21.114845754796967
13390,11.554671249393204
13391,5.833068572910751
13392,3.93484203281552
13393,2.786058187945314
13394,2.468702008503483
13395,2.316249801366777
13396,2.227334394604718
13397,21.14029257122552
13398,11.565083900976711
13399,5.851539132497478
13400,3.9432671035063818
13401,2.791622544132878
13402,2.475777190117048
13403,2.3231816763412345
13404,2.236900084361397
13405,21.114845754796967
13406,11.554671249393204
13407,5.833068572910751
13408,3.93484203281552
13409,2.786058187945314
13410,2.468702008503483
13411,2.316249801366777
13412,2.227334394604718
13413,21.698026235325365
13414,12.018326936539223
13415,6.203054511215861
13416,4.287635645312692
13417,3.1239374976889667
13418,2.843472351830821
13419,2.6888096586973154
13420,2.603791205721417
13421,2.2465827651756256
13422,23.81564829996832
13423,13.548930984778607
13424,7.389037823414259
13425,5.3551587216425816
13426,4.045733225734905
13427,3.7351485286923
13428,3.5692966357718507
13429,3.4961292538035718
13430,15.14729303458058
13431,6.583836565770996
13432,7.21479245075826
13433,4.082962220170916
13434,12.923629711272838
13435,9.73915304656164
13436,9.150226275699811
13437,8.238721164937632
13438,4.167297822494455
13439,14.569536565796309
13440,11.286625439206631
13441,11.236087870691243
13442,10.219097208106737
13443,2.4410873123332584
13444,9.768057216068515
13445,7.514279090972442
13446,6.439195637195355
13447,5.537337346505323
13448,1.6434156842484877
13449,22.33181906811307
13450,12.839350103761674
13451,6.71393308469097
13452,4.705266032181756
13453,3.505943593158463
13454,3.1910246598934324
13455,3.0685843266903117
13456,2.9982715562348767
13457,14.861086469028216
13458,19.785674731304603
13459,28.320277783743137
13460,16.421582884099664
13461,9.322614431968852
13462,6.913470287018007
13463,5.4425489204637145
13464,5.0033340610290065
13465,4.821281388543346
13466,4.750664900042398
13467,27.728874749014132
13468,16.058628094680998
13469,9.178578357604625
13470,6.929276266592307
13471,5.505815621259128
13472,5.136322403267661
13473,4.9201897234624346
13474,4.8186035731608605
13475,27.09682299439374
13476,15.889916232183246
13477,9.191487899270763
13478,6.882235270477958
13479,5.562366314072205
13480,5.165560239133567
13481,5.013166960282803
13482,4.906741339342789
13483,23.906241638307307
13484,13.953731463217753
13485,8.125817024123121
13486,6.431641555996294
13487,5.34085543509201
13488,4.990246496459696
13489,4.891538880979624
13490,4.7778796396841905
13491,29.630154712459653
13492,17.082247002158116
13493,9.658728253582716
13494,7.132140718506759
13495,5.736887682103343
13496,5.334478909761948
13497,5.159723789881905
13498,5.06780722608805
13499,29.206227763518235
13500,17.178323254225333
13501,9.947999004828166
13502,7.719774015884383
13503,6.143413105058742
13504,5.770455969318697
13505,5.531967193617045
13506,5.4297877496242775
13507,29.206227763518235
13508,17.178323254225333
13509,9.947999004828166
13510,7.719774015884383
13511,6.143413105058742
13512,5.770455969318697
13513,5.531967193617045
13514,5.4297877496242775
13515,9.136390260624257
13516,10.345888126235625
13517,9.750757280976382
13518,5.389179894017534
13519,7.4828015823927085
13520,17.032514405757862
13521,13.469750288097323
13522,11.096873030143113
13523,9.243696779147873
13524,2.0032778534336275
13525,2.1002363500235797
13526,22.426170313354714
13527,12.42108866721221
13528,6.577167838290487
13529,4.576750345939445
13530,3.4092255439310546
13531,3.0679918765529512
13532,2.92118304027865
13533,2.827245188163464
13534,2.099524823598009
13535,6.6726933288097605
13536,5.942178995281419
13537,10.326841221942058
13538,7.255750230015985
13539,6.03644278977183
13540,39.88154723413991
13541,13.513787675572324
13542,12.216616844384951
13543,6.476420353855643
13544,8.969915743283762
13545,8.230916323491009
13546,6.329660456596389
13547,3.9688248495924054
13548,5.7239256392428395
13549,6.103436300229026
13550,21.54663890790505
13551,11.90254953532584
13552,6.0651813384994995
13553,4.205447613431534
13554,3.15373046890436
13555,2.8511126958207647
13556,2.709056682013092
13557,2.601408001007102
13558,22.12334933707541
13559,12.21958236488322
13560,6.382128586486099
13561,4.431521681430983
13562,3.2575520319636038
13563,2.941601787562246
13564,2.8127087972943183
13565,2.6990606192938094
13566,22.463741339982054
13567,12.946199216644176
13568,7.038709406275508
13569,5.0785712198367765
13570,3.9640599820515554
13571,3.627994918261586
13572,3.475783403775002
13573,3.360431461015739
13574,28.18936119103927
13575,16.845777532854775
13576,9.842419162142326
13577,7.706473922328762
13578,6.257998929671104
13579,5.92357141754417
13580,5.738690217841397
13581,5.716787233825134
13582,3.224894696965992
13583,4.545939223798378
13584,22.92931998352006
13585,13.508399630414836
13586,7.731531045996875
13587,5.776968003570678
13588,4.6426831704955625
13589,4.296419213810287
13590,4.139176107187451
13591,4.059020425860742
13592,21.999116365843335
13593,12.437537154203044
13594,6.70181276018698
13595,4.7286633471616595
13596,3.6030882431395286
13597,3.296719851393623
13598,3.148216944825174
13599,3.09428567455075
13600,6.845131355243042
13601,26.84556201193676
13602,15.994448650759615
13603,9.957544685943127
13604,8.136548443732556
13605,6.694410542111571
13606,6.45978705152318
13607,6.355320787490328
13608,6.319461939954435
13609,4.3005752543518785
13610,17.43210056020743
13611,14.358454325863043
13612,8.873106480514718
13613,8.311385286836707
13614,7.013516770356286
13615,6.8599867197096644
13616,6.469378219303747
13617,3.112138205358118
13618,6.38577753110833
13619,30.294183630603317
13620,18.52101245423994
13621,11.404311406365286
13622,9.070055434624898
13623,7.560121390612612
13624,7.095452171028338
13625,6.9484131523762
13626,6.808648788966513
13627,12.754582961516771
13628,3.563190693432607
13629,13.301786272188568
13630,29.038185523199505
13631,11.273310335383554
13632,22.13379751820884
13633,12.355262304059572
13634,6.549513947362968
13635,4.643435011240857
13636,3.53237700893438
13637,3.223576345973025
13638,3.0680662229952103
13639,2.943925103103211
13640,5.437151860310783
13641,15.7797818222386
13642,120.22040262572817
13643,76.138616604718
13644,2.510220792355324
13645,31.0898659075774
13646,19.884672963004434
13647,12.8770622551868
13648,10.111703701960446
13649,8.66396024545773
13650,8.245779781264876
13651,8.1240537925671
13652,7.999856672447618
13653,1.7567779284853164
13654,2.1466648094554914
13655,5.500692303709828
13656,5.17552697293607
13657,4.557290947429048
13658,4.46872173626405
13659,42.92222639730884
13660,1.449248840665281
13661,2.5346972204053397
13662,4.36675232457249
13663,2.463741895552247
13664,4.750779401884086
13665,4.6691982433443044
13666,5.752158280383365
13667,8.518635622014592
13668,4.46676765504897
13669,28.48029100819218
13670,16.311252204236744
13671,8.953629408935901
13672,6.514785739974614
13673,5.008123783512569
13674,4.505743497782596
13675,4.2152565194378155
13676,4.1080236098892655
13677,26.123302556215954
13678,16.046232745639777
13679,9.993296226560759
13680,8.088138437635603
13681,6.82702938085181
13682,6.488717117430803
13683,6.3675287527130155
13684,6.225576659958194
13685,25.84417457112611
13686,15.97461982542849
13687,9.774552044729278
13688,7.898121117759695
13689,6.574317919136478
13690,6.217785828436243
13691,6.12837880394134
13692,6.029915451777608
13693,7.261284394624337
13694,45.905468789000054
13695,32.88256309796378
13696,28.1757602045939
13697,26.773039642626948
13698,22.29526660702505
13699,12.803259133614592
13700,7.017349193440867
13701,5.156705991772376
13702,3.9836508198964946
13703,3.6457807590714375
13704,3.5159091967077796
13705,3.459425052874199
13706,23.064211766390503
13707,13.294726551148601
13708,7.413718583929855
13709,5.557352551197949
13710,4.367118245982636
13711,4.044148340220527
13712,3.9161965543489634
13713,3.8130756603329257
13714,21.543476507813843
13715,11.903235818668374
13716,6.15641581008183
13717,4.228538754653801
13718,3.069964472682914
13719,2.742776639943501
13720,2.5845006800557115
13721,2.496333003623051
13722,23.02732029417667
13723,12.802389125777502
13724,6.66868297773731
13725,4.651381901590262
13726,3.502306285869049
13727,3.0614870730710577
13728,2.9136419447352475
13729,2.8171320363516044
13730,24.9217262500342
13731,2.856003490475072
13732,23.199272885971745
13733,13.284123473163449
13734,7.11683800895166
13735,5.100178502762684
13736,3.970605091581771
13737,3.620761531096597
13738,3.428227898559181
13739,3.3188488151442903
13740,24.30970858504735
13741,13.693684707146364
13742,7.262565763262911
13743,5.204468938266127
13744,3.9005454619287914
13745,3.5541125310311807
13746,3.4194114469602184
13747,3.3523121997772343
13748,22.26021594760858
13749,12.755857247184476
13750,6.680897383024685
13751,4.7292072368618205
13752,3.499079280970286
13753,3.171103977563775
13754,3.0518568423171035
13755,3.0009948028737683
13756,24.267547899824432
13757,13.85057535392064
13758,7.452070322849999
13759,5.426565555902934
13760,4.123333170173323
13761,3.7918544083476244
13762,3.597092971650519
13763,3.5126369502177424
13764,26.019560388458295
13765,14.710773742168804
13766,7.903777160599002
13767,5.698748075008534
13768,4.271303678305488
13769,4.008548339587977
13770,3.846792079965122
13771,3.7484676616322714
13772,22.942035781972102
13773,13.022105520509278
13774,6.988648912752215
13775,5.011996189756124
13776,3.7941563170439387
13777,3.4935711016204647
13778,3.366903864095473
13779,3.2755352593399003
13780,27.107968180958586
13781,15.683302021352098
13782,8.734693327253108
13783,6.534752040658975
13784,5.256926560722667
13785,4.890314043769577
13786,4.7135607539272275
13787,4.499928115884594
13788,1.1039315212274645
13789,30.19601875978789
13790,17.785651700228236
13791,10.201760219467648
13792,7.908310977529885
13793,6.321514293239676
13794,6.027956223557454
13795,5.8416850961027
13796,5.7265361072057
13797,32.638306219667015
13798,111.65199034987316
13799,50.83545429959433
13800,32.99729043768293
13801,24.039883722605886
13802,47.08651212248911
13803,51.605436417114184
13804,2.8994194358138645
13805,21.082651713161425
13806,11.50340454416885
13807,5.710222490957857
13808,3.806939166247991
13809,2.656926297754038
13810,2.3258302088356926
13811,2.2049092458827935
13812,2.1205512771830604
13813,114.17076627082875
13814,82.38462048986385
13815,61.733200209180836
13816,335.0278320856397
13817,6.669762911836848
13818,7.3290017750335394
13819,7.177673851444
13820,6.020929523397811
13821,28.34488949372659
13822,16.823842850752804
13823,9.933039392109785
13824,7.3576073670251105
13825,6.00457574897523
13826,5.579521978037347
13827,5.382140100534563
13828,5.283812477278216
13829,6.585333775914927
13830,27.83896554571674
13831,16.10007280708851
13832,9.04527739351822
13833,6.51372314260278
13834,5.262295720856051
13835,4.994526427334008
13836,4.807691931428109
13837,4.6785982534954815
13838,36.30623365499287
13839,25.653467453263552
13840,18.816687198906074
13841,15.226898731364228
13842,13.567091778858302
13843,13.421257408411776
13844,13.222318460062958
13845,13.044917190461785
13846,29.437841233504454
13847,18.513978728412695
13848,12.491395582553952
13849,11.006966300366681
13850,9.522708276123371
13851,9.186725143644805
13852,8.927931811420425
13853,8.792331516469238
13854,4.4793901274140016
13855,4.546682764310033
13856,28.317694167714517
13857,16.540747951803105
13858,9.38866077044324
13859,7.058938686990981
13860,5.549065183417901
13861,5.1358048525904865
13862,4.96966722784036
13863,4.823540992720477
13864,12.908726881852113
13865,7.26022977260632
13866,9.29935766427235
13867,74.52282711209376
13868,67.92508020604009
13869,2.590780749333838
13870,2.8423089716014545
13871,2.866130187790481
13872,3.103408349508351
13873,5.762548704657336
13874,3.9000658923227727
13875,6.909479893910222
13876,14.552206906826967
13877,8.106361765191405
13878,7.104815157391982
13879,17.849306088704438
13880,29.291879967881812
13881,17.201100835085022
13882,9.838883655520483
13883,7.480056142144078
13884,5.9894860811189155
13885,5.649160005484308
13886,5.416721694532543
13887,5.312894657846623
13888,29.561299584579668
13889,17.43275929910905
13890,10.385084766353838
13891,8.22813008577042
13892,6.799009718521495
13893,6.389851998364317
13894,6.203368286506193
13895,6.0693311340407785
13896,12.123849558573294
13897,8.051912140376425
13898,7.290778455473275
13899,7.963733816825913
13900,9.552181462984924
13901,14.242281287075592
13902,20.169266899563187
13903,20.169266899563187
13904,9.513038105065842
13905,10.198719495501633
13906,29.280158304817427
13907,19.332570302689877
13908,13.218059711890009
13909,10.859888689280321
13910,9.805684989887759
13911,9.36651941932306
13912,9.143375227980211
13913,8.904820580626588
13914,4.248771311803508
13915,9.711419671529494
13916,5.345072812661409
13917,10.599223053218145
13918,7.469450318128554
13919,26.967798047784182
13920,15.172684002943253
13921,9.066054338177675
13922,7.3995122479645
13923,6.1679005361587995
13924,5.676373086217627
13925,5.43492154389163
13926,5.305613849408803
13927,4.112881465268075
13928,3.8255480220610822
13929,3.1592500664529695
13930,2.4106498190153953
13931,3.1291184403237504
13932,27.841324039523144
13933,6.71338925203265
13934,7.01298474172169
13935,2.125505639630407
13936,2.513433283191591
13937,14.906243703519948
13938,30.56062545594616
13939,6.577879597501267
13940,2.251160287845713
13941,7.136894048307028
13942,4.197192281494597
13943,4.129811873856687
13944,36.63647819538046
13945,4.544921058175403
13946,3.4505005373603903
13947,2.8598460946467816
13948,3.0161904863863795
13949,16.09733038975438
13950,28.176667480299322
13951,11.92012616112737
13952,6.675074237310634
13953,14.969805047423275
13954,2.227664086219338
13955,2.1958581044725087
13956,2.5963167444170963
13957,22.735715254150197
13958,4.258993316009112
13959,4.866925428484596
13960,28.99479996745668
13961,17.27034697428641
13962,10.250183787596663
13963,7.908131897067193
13964,6.5379817295827465
13965,6.166085621265376
13966,5.9765619547496
13967,5.793523465968404
13968,28.718409073927624
13969,17.143258057984585
13970,10.186746973025471
13971,7.861274668332628
13972,6.49180551561242
13973,6.096470825498896
13974,5.9346117732503805
13975,5.7345189800625125
13976,5.89437926582206
13977,9.763620757990267
13978,5.0594029940386225
13979,18.771331693225175
13980,28.200292501796937
13981,16.296402697876452
13982,9.171228780469042
13983,6.941301672343048
13984,5.553697987756193
13985,5.1275069234834705
13986,4.916310191271362
13987,4.830974210519692
13988,21.045196915210443
13989,23.109474530003915
13990,116.23954132031629
13991,87.48364599977532
13992,64.44312792277387
13993,60.348295490139485
13994,50.97390812303622
13995,15.988699308957454
13996,14.964547459225994
13997,16.06733894673025
13998,2.6901358386202556
13999,4.10661058910047
14000,2.719063891692276
14001,2.7053528375807145
14002,6.131171885629656
14003,5.415540457523454
14004,21.67735578106835
14005,12.075014234903053
14006,6.328123017517711
14007,4.371277213704357
14008,3.2272595672671285
14009,2.9363334383657427
14010,2.788457914986229
14011,2.6952816169618865
14012,2.1464746752919948
14013,23.826800407205987
14014,13.573519227444258
14015,7.454952696472783
14016,5.392278631659723
14017,4.119878727187013
14018,3.825977317353016
14019,3.682305907854238
14020,3.637151683172794
14021,26.24376586075121
14022,15.927583147969235
14023,9.708610839851652
14024,7.597924932035763
14025,6.301770660050609
14026,5.9078310498845985
14027,5.739942498295326
14028,5.675589683752509
14029,9.397855658684765
14030,12.269942636802012
14031,12.366009163303417
14032,14.528698435096882
14033,14.333164499947438
14034,25.72045664662348
14035,15.641998611366692
14036,9.44426293416062
14037,7.287458103380089
14038,6.032718523772895
14039,5.666184132206965
14040,5.489604698816497
14041,5.442622738499615
14042,3.578887012983624
14043,11.037799199820551
14044,8.964016843355122
14045,8.953417725401206
14046,7.755849868635454
14047,23.893531020527085
14048,13.564194132732595
14049,7.667415257892747
14050,5.588399258015227
14051,4.320997178458722
14052,4.076323339724801
14053,3.9289894551185256
14054,3.7862021545387687
14055,8.668721083028254
14056,7.705183378715017
14057,3.724757026049926
14058,2.4081227016154028
14059,22.669482617371564
14060,12.549127581620818
14061,6.564923741590331
14062,4.550008628170102
14063,3.3063535236181356
14064,2.89316053981553
14065,2.759242074438303
14066,2.678996881280225
14067,30.330974705668496
14068,2.5179493628663105
14069,2.7929251897038054
14070,29.590562250657555
14071,17.70590242801253
14072,10.580621027077887
14073,8.164116610677052
14074,6.686744646384237
14075,6.417872791546246
14076,6.267019193632091
14077,6.145496488332489
14078,26.41806103387898
14079,15.977830552795535
14080,9.850988362924564
14081,7.648685770224739
14082,6.330348750818996
14083,5.954148728703421
14084,5.786217854465965
14085,5.710812170144698
14086,3.302924333671434
14087,4.695584961975411
14088,3.7999538419290233
14089,4.747946733851455
14090,4.046630860021332
14091,4.172432187334916
14092,26.029650102371306
14093,15.57316151796593
14094,9.118485057310323
14095,7.0422302794487015
14096,5.701133867923445
14097,5.333069236355268
14098,5.215073302133663
14099,5.197699091570538
14100,5.498312745924155
14101,4.458955620814876
14102,7.816425162423303
14103,9.650043319794484
14104,8.010444535248496
14105,8.955539781965657
14106,34.02636942163976
14107,7.512343784308581
14108,2.39498423359516
14109,3.568706307207462
14110,28.021623684477643
14111,16.046261449510887
14112,8.823812710508815
14113,6.555552371668345
14114,5.079084114448088
14115,4.692533617459555
14116,4.47354444358241
14117,4.345218564681037
14118,21.768844472743563
14119,12.060022832561321
14120,6.367094973280556
14121,4.370785759687517
14122,3.215740227603064
14123,2.914954779705597
14124,2.755976867221242
14125,2.6539086144365127
14126,22.08065514801913
14127,12.496520922591326
14128,6.735268441706289
14129,4.710163224476318
14130,3.5796879063452396
14131,3.2449772633219913
14132,3.080975739027152
14133,3.0220360085579574
14134,22.110102372587114
14135,12.412238706060103
14136,6.583339081927044
14137,4.642397665170726
14138,3.4459613383790657
14139,3.1059971216842746
14140,2.969564610916006
14141,2.893337089886888
14142,22.51849249316456
14143,12.822487890999097
14144,6.924199956314477
14145,4.996105088687238
14146,3.842735236238854
14147,3.482978343760781
14148,3.330042476264448
14149,3.266572116483496
14150,36.39407216914728
14151,44.07137116346597
14152,22.387679683905368
14153,12.749694138382338
14154,6.966866617650557
14155,4.941318932074267
14156,3.7645324513366827
14157,3.4269341698303353
14158,3.283299584950919
14159,3.220241023378531
14160,22.515602820189237
14161,12.791993471517575
14162,6.956346529578447
14163,4.986305196164743
14164,3.829700428400296
14165,3.4974779318121856
14166,3.355695210200396
14167,3.2843390679679096
14168,28.811091259972613
14169,15.941568612848856
14170,8.705344734719407
14171,6.287799139393208
14172,4.889054446274392
14173,4.70483644140898
14174,4.552329397678694
14175,4.343981866650186
14176,23.982946500013227
14177,14.02173240132743
14178,8.042696492878077
14179,6.039885907279332
14180,4.805383600531827
14181,4.563082368418642
14182,4.408372778025565
14183,4.297625877399744
14184,26.521337480751264
14185,15.671790309426765
14186,9.019732757468889
14187,7.013517468708471
14188,5.741553403486147
14189,5.307511286915492
14190,5.160313821458113
14191,5.042662311344944
14192,2.1052756970816224
14193,2.1362671956165142
14194,21.474614135856168
14195,11.803490911164172
14196,6.024983332612676
14197,4.001340419818612
14198,2.9215933053373475
14199,2.599210461528086
14200,2.4100739570645118
14201,2.312581944479988
14202,2.2284105829318728
14203,23.71232476610206
14204,0.979225528090652
14205,2.906606585782049
14206,6.785139333409488
14207,5.677096000978266
14208,3.2334725278136296
14209,6.821160462352748
14210,3.14710571052655
14211,3.0407887856641858
14212,2.146640619224689
14213,1.8555676234208467
14214,4.762020900262244
14215,4.762020900262244
14216,13.741994031495414
14217,9.882947859511185
14218,8.950741934867322
14219,7.6659956190389495
14220,26.484462671249403
14221,14.88534285457747
14222,8.066688399491728
14223,5.9796517104817335
14224,4.523452385323177
14225,4.088562627172898
14226,3.845598475351165
14227,3.6931915954767653
14228,2.3713677273748077
14229,2.7055707813956142
14230,24.90187569016211
14231,14.680653278715567
14232,8.499396619262766
14233,6.476732838468723
14234,5.2576468992701955
14235,4.858907729491078
14236,4.6824981356173865
14237,4.66031630403889
14238,3.0933238429584966
14239,3.757455308511711
14240,4.342094629147517
14241,3.478285262536676
14242,13.932672651713025
14243,4.601764874356428
14244,5.031071424313705
14245,4.912950956098438
14246,4.6986352453267095
14247,5.088199018507815
14248,25.84410318838382
14249,15.513530643578708
14250,9.409098876605123
14251,7.247675728964193
14252,6.004025945948164
14253,5.631924608877766
14254,5.471322784396083
14255,5.4082398609547715
14256,29.801648749079277
14257,17.782077154428592
14258,10.442195464832952
14259,8.046437810318707
14260,6.511427177483938
14261,6.145324598293602
14262,5.940288486268958
14263,5.789621776384717
14264,3.7565652603007447
14265,5.6372986429050105
14266,3.070593044926241
14267,5.4487085828520865
14268,3.729167752484569
14269,3.139322248467897
14270,52.02812498144581
14271,36.446158419929155
14272,27.01074245660311
14273,16.10651724887856
14274,3.575191695643487
14275,11.401677429561593
14276,2.83566693211905
14277,28.8604869325626
14278,16.95294848015215
14279,9.967087449113551
14280,7.700513262205554
14281,6.163191391372036
14282,5.792905224543161
14283,5.568713263373784
14284,5.4947450827043385
14285,29.947357552130853
14286,16.823842344047023
14287,9.04032024797637
14288,4.314853392607956
14289,2.823238949232326
14290,1.8976908236218302
14291,1.625541502065
14292,1.4909232784979083
14293,1.4509673469184292
14294,59.96667953659832
14295,14.529259406915875
14296,15.418586008613644
14297,7.783707856687324
14298,27.197031929045895
14299,15.748004107060598
14300,8.93094153870022
14301,6.790415236337509
14302,5.416014940416622
14303,4.996060222965285
14304,4.826026007903837
14305,4.716387839030363
14306,27.242348226942642
14307,15.803822070009465
14308,8.933384444821357
14309,6.812928173181989
14310,5.4117012558668565
14311,5.0087547809207456
14312,4.834658361448694
14313,4.760105084310645
14314,22.43936037700559
14315,12.862176259492553
14316,7.01067984274232
14317,5.179724632476788
14318,4.069282794851109
14319,3.752457165764914
14320,3.5794308440350684
14321,3.4758940321038834
14322,29.42708422281055
14323,19.16077192937203
14324,12.806880698779752
14325,9.947982614886882
14326,8.570803348339991
14327,8.042935153253463
14328,7.781315392050131
14329,7.755938507689488
14330,21.277127199181635
14331,11.691474784191339
14332,5.960967723893253
14333,4.0180219748197175
14334,2.9000910766186534
14335,2.5875090153787195
14336,2.4466370998977274
14337,2.3540986037428167
14338,32.120888760411816
14339,2.144224599617037
14340,21.226194298951416
14341,14.137238043530672
14342,11.484467067186031
14343,8.042322504388487
14344,6.356809441056376
14345,23.580536919612257
14346,15.570297232413967
14347,9.032428881184392
14348,7.273624323850736
14349,5.8241698338564865
14350,22.53482140721266
14351,14.67072164047581
14352,11.852427156117821
14353,8.280625356527644
14354,6.63600617642793
14355,22.663046676225363
14356,14.73467361011332
14357,12.031520645359583
14358,8.56373561257337
14359,6.864830024473157
14360,27.40292082036608
14361,16.051887859270636
14362,9.456892283020123
14363,7.511387639813272
14364,5.808093403081292
14365,5.454768179359384
14366,5.20553369173297
14367,5.098093759999998
14368,6.006340294494496
14369,2.5928948090377864
14370,2.568277207516459
14371,7.3240906574308795
14372,7.26136303321079
14373,5.455525515476251
14374,7.6583694121840935
14375,23.65064720466639
14376,33.69583518793112
14377,45.95025919027431
14378,28.46111071279087
14379,15.568706832135428
14380,9.787391496766453
14381,11.498142579978195
14382,4.939187710710809
14383,5.009264532957531
14384,38.907799917403274
14385,7.264199703663186
14386,10.492190993058946
14387,9.775304729893943
14388,213.15811015458544
14389,128.71501315183028
14390,61.434549181324016
14391,6.472967303466406
14392,4.331255484114562
14393,21.17774306837282
14394,11.603416995059995
14395,5.854369540774871
14396,3.9703258078577375
14397,2.8213963742562775
14398,2.504666759624656
14399,2.3615920871187326
14400,2.269464332341807
14401,21.754575272195478
14402,12.169499003526367
14403,6.4381595080101
14404,4.5613407302064255
14405,3.4086161411687925
14406,3.076371655951805
14407,2.935095386723642
14408,2.8643613418403855
14409,4.2459630547095495
14410,42.447074634428
14411,2.807955429719587
14412,21.011653883790643
14413,13.770506111791265
14414,11.227380277132665
14415,7.853530035726428
14416,6.336660172219181
14417,23.824158546062364
14418,14.559980510751235
14419,11.906646168400792
14420,8.29821079616296
14421,6.745055185035857
14422,5.553402817056151
14423,20.78202912533167
14424,11.28777675742415
14425,5.558940249180977
14426,3.6806316167663127
14427,2.530915607972549
14428,2.2006215099333604
14429,2.0663276525655396
14430,1.9786598916056324
14431,25.868549782024907
14432,16.53665096935817
14433,10.856528376200886
14434,7.8801806081661185
14435,6.856803088381197
14436,6.514117845570499
14437,6.4015064510000945
14438,6.254679953877397
14439,30.605355587327125
14440,20.167139330036655
14441,14.42841745234354
14442,12.831970547981953
14443,11.778685074052067
14444,11.283314491695803
14445,11.225943314014792
14446,11.113295566952615
14447,10.063271355302886
14448,32.67895005020282
14449,38.40348344490067
14450,26.88614722073046
14451,16.365630642680852
14452,9.603680897524221
14453,7.422480757007002
14454,5.991612394971046
14455,5.6050124168907995
14456,5.418644874467505
14457,59.88146423411972
14458,11.53630354787579
14459,4.087104331105591
14460,16.580070628147254
14461,28.96230889272681
14462,16.792499486300873
14463,9.762519072277923
14464,7.302273240600033
14465,5.859598625308896
14466,5.49556814233161
14467,5.301499076999648
14468,5.1613538309861955
14469,28.632328312444912
14470,16.552640420101405
14471,9.424038381981637
14472,7.065428098038595
14473,5.6026615444887975
14474,5.1851758029498045
14475,4.957913690961748
14476,4.849327221827842
14477,13.424884886002417
14478,28.204579272333675
14479,16.455520005648896
14480,9.386529122004966
14481,6.940555197324981
14482,5.529794984836648
14483,5.1212797475032525
14484,4.956730755307154
14485,4.872816665965763
14486,22.36547706608127
14487,13.450265589716278
14488,7.449224547559191
14489,5.021492745141438
14490,3.8073178072357936
14491,3.472139741125936
14492,3.2915605902795315
14493,3.27356156744492
14494,3.7382162962242202
14495,8.808559229016156
14496,5.370391418816353
14497,22.099173538664264
14498,12.462378531387593
14499,6.6469859514696505
14500,4.787598707051757
14501,3.5995982969131486
14502,3.280886142620111
14503,3.120429669158381
14504,3.0519020814368663
14505,3.0902788582532383
14506,2.831389570645652
14507,5.081667919245434
14508,6.794643107699093
14509,3.320877677228207
14510,3.2803499557899958
14511,3.368205187142386
14512,3.1629877543324416
14513,1.7088776466772577
14514,4.36098624823544
14515,11.346693703922263
14516,129.06037448362775
14517,16.485745224296124
14518,4.440654261545295
14519,1.9563946140303852
14520,22.649515727145065
14521,12.691376692074261
14522,6.328835751227372
14523,4.402398545845767
14524,3.245841974430668
14525,2.875130597575266
14526,2.7488842822468804
14527,24.151218187690898
14528,14.248299199111408
14529,7.834510820749829
14530,5.883734491422162
14531,4.625155027471433
14532,4.2339816302417805
14533,3.999466594277938
14534,3.4576191177083744
14535,11.78329142026364
14536,14.346987994738368
14537,21.694316565223065
14538,4.917442158593227
14539,3.2731234895474466
14540,0.9312883289657243
14541,7.112100643369553
14542,9.92175314653221
14543,4.392486993200801
14544,3.4074388502158572
14545,18.069663396794486
14546,18.069663396794486
14547,28.139728695474147
14548,16.1961972133313
14549,8.855398435300511
14550,6.640241078254483
14551,5.24539154281525
14552,4.985079914237561
14553,4.776974691021495
14554,4.62505062407647
14555,3.252226830252532
14556,3.3800267070982004
14557,7.452102121035544
14558,4.410939481209566
14559,4.952807167693013
14560,6.760449864434666
14561,29.962957711311912
14562,17.382940254664412
14563,10.00664507320016
14564,7.635304452123758
14565,6.151411863183193
14566,5.819333732218766
14567,5.543525773252604
14568,5.451284068679536
14569,27.299766885917734
14570,15.978563828980317
14571,9.237694333736739
14572,7.063999685677296
14573,5.569954949300115
14574,5.1081678846318015
14575,4.901628039479115
14576,4.82604818881604
14577,3.7747548130701913
14578,3.4842122403999243
14579,6.10109038044544
14580,12.81283890567629
14581,10.75023503007445
14582,9.70540861206337
14583,8.899810334197827
14584,5.5647280690090515
14585,3.937695834083393
14586,638.5448558115542
14587,22.171825667206313
14588,3.7229898828431196
14589,4.115241311849476
14590,6.237219076135387
14591,26.629243266555697
14592,15.60344026759854
14593,9.033980516928992
14594,6.667746897912178
14595,5.326060691539874
14596,5.080465493740817
14597,4.94301275889652
14598,4.819443360026693
14599,26.4317083740402
14600,15.584109676841564
14601,9.538823300831854
14602,7.262415006944532
14603,5.819218980218332
14604,5.458042625487982
14605,5.3396183265979955
14606,5.341540172482691
14607,9.007964661507515
14608,6.314481176805101
14609,21.000639153372383
14610,6.223815274958182
14611,29.012158314368584
14612,17.173595857519523
14613,10.031867203139603
14614,7.775166936907757
14615,6.296991321194275
14616,5.939966695806831
14617,5.649227921668231
14618,5.498766380163243
14619,33.45364172554625
14620,5.956615464312546
14621,29.726562534127538
14622,65.40783549461939
14623,5.929009219509288
14624,5.636023825085555
14625,4.891008440934121
14626,5.368996142484283
14627,5.4897620102220035
14628,10.7383718253259
14629,25.757512813315188
14630,15.55393494225289
14631,9.591851063078702
14632,7.284925384791242
14633,6.102269324571277
14634,5.756747426414749
14635,5.615551217154551
14636,5.527946299651237
14637,29.655732065875313
14638,17.945014470959997
14639,10.978928924850635
14640,8.348128081594954
14641,6.997489554196227
14642,6.606079164948002
14643,6.388169970713694
14644,6.180282779394663
14645,29.42680823355049
14646,17.676439695858342
14647,10.321208672481369
14648,7.866610744890124
14649,6.38026237424284
14650,6.014827857459567
14651,5.856524214419075
14652,5.741597254353386
14653,28.761488225282598
14654,16.898235456262878
14655,9.847704262125735
14656,7.5920922353385345
14657,6.10307209974239
14658,5.678004903211356
14659,5.440512194855577
14660,5.311618619483539
14661,28.663321116837857
14662,16.974171954686835
14663,9.888741436555636
14664,7.526279277307843
14665,6.018637480401873
14666,5.6344835739020525
14667,5.416501224676899
14668,5.362366368021583
14669,7.936933565694261
14670,4.236011893745486
14671,3.0440721291792867
14672,2.5526621806021548
14673,4.6730037473212676
14674,32.26955234991931
14675,21.445962627372268
14676,15.573920124405163
14677,13.668081472728893
14678,12.566572382579219
14679,12.223094901587048
14680,11.882984945809431
14681,11.683773238091188
14682,6.317421541590698
14683,2.525542727852632
14684,4.046920647301752
14685,1.64481315575457
14686,2.147878005138147
14687,1.3458444226214588
14688,3.0474052712774
14689,4.405244907424892
14690,5.581756684776092
14691,8.814587834028828
14692,32.15035266788895
14693,39.58447231938109
14694,6.559283985701003
14695,3.0205452501607555
14696,3.3190881599950703
14697,8.896589155627938
14698,5.701690414330199
14699,4.975367615393136
14700,4.32489449734807
14701,4.134035005177874
14702,35.758333241848305
14703,23.914392526967674
14704,16.184730579909182
14705,14.502181325319057
14706,12.803478018531107
14707,12.638832411889815
14708,12.277236370574071
14709,12.164707198433891
14710,5.311526105772461
14711,5.409431299531466
14712,14.674738982257175
14713,16.921677094034127
14714,45.40557765058128
14715,15.983036204562975
14716,59.1642168037109
14717,42.76738605718441
14718,27.59019698957222
14719,20.984554187745896
14720,6.840805098738077
14721,4.508480533361139
14722,4.743008221159662
14723,22.38859209435277
14724,12.60514058795692
14725,6.881427029436551
14726,4.892298213715327
14727,3.6616006680684983
14728,3.428438089741865
14729,3.2634895152722834
14730,3.1453541294076546
14731,20.207621128615052
14732,38.786472504623035
14733,20.228141145938523
14734,3.206164551646398
14735,4.179163521176907
14736,3.695577511303189
14737,1.5251724183556243
14738,2.5075275281806895
14739,21.342775101343346
14740,11.772151072627473
14741,6.013494199858963
14742,4.082631884068607
14743,2.9530865069481003
14744,2.638182162137082
14745,2.498173329845831
14746,2.4107768835042034
14747,21.76476464951626
14748,12.167327500791364
14749,6.370453275322504
14750,4.491195945373062
14751,3.3519880641740247
14752,3.02580953525246
14753,2.8816675126448685
14754,2.803659922837616
14755,21.62338985772829
14756,11.996671082141841
14757,6.216314938013959
14758,4.277824814384582
14759,3.1061810353332824
14760,2.806606868857374
14761,2.657652014513001
14762,2.574075932741216
14763,21.95433438631653
14764,12.364221399391795
14765,6.589607647366622
14766,4.726674691962482
14767,3.577490943846193
14768,3.275596451487091
14769,3.1298575272383875
14770,3.041402678771067
14771,22.54202082794408
14772,12.841082913820989
14773,7.042846259163791
14774,5.108400224303374
14775,3.9536226720041636
14776,3.6717754884673552
14777,3.5171913499278467
14778,3.43245945166846
14779,21.253637128867666
14780,11.670180275118561
14781,5.919482436449637
14782,3.993228051103223
14783,2.867074757037356
14784,2.548661695372584
14785,2.406801391407912
14786,2.3135248431524316
14787,22.22285356086344
14788,12.613539429303136
14789,6.895951921160978
14790,4.986592577062185
14791,3.8568799439244326
14792,3.5153927746756004
14793,3.3797094098425324
14794,3.2991013564714082
14795,22.26107198446514
14796,12.671328480516474
14797,6.948339900573767
14798,5.01811116755658
14799,3.884513911119405
14800,3.560603056740866
14801,3.4248464045504603
14802,3.3424176234890757
14803,21.808576510626366
14804,12.203096444548567
14805,6.428876740862761
14806,4.524243756708396
14807,3.3461687103393007
14808,3.06333205278426
14809,2.9086219402837825
14810,2.8249430472610806
14811,20.8884778293509
14812,11.369213352580275
14813,5.649547072380164
14814,3.7379176811711954
14815,2.5753304742688057
14816,2.2790876164903144
14817,2.145131949671222
14818,2.0613308465715545
14819,20.8884778293509
14820,11.369213352580275
14821,5.649547072380164
14822,3.7379176811711954
14823,2.5753304742688057
14824,2.2790876164903144
14825,2.145131949671222
14826,2.0613308465715545
14827,20.617750065625025
14828,11.117882977312119
14829,5.393590022673567
14830,3.475451154047498
14831,2.3139023306938213
14832,1.9992812366399308
14833,1.8736758443307204
14834,1.7860181679180538
14835,21.72267154489041
14836,12.08727454977407
14837,6.313137616785724
14838,4.373644623709135
14839,3.1819201630539427
14840,2.885468132224016
14841,2.7524258820997343
14842,2.668538453052967
14843,13.452757527895704
14844,8.695299823702822
14845,6.867596452851089
14846,5.801497733418427
14847,21.327251076428265
14848,11.767750295946097
14849,6.013588896709909
14850,4.12035812974424
14851,2.9749027297804975
14852,2.6521781828577637
14853,2.50814606989547
14854,2.4163807156442334
14855,21.375363688416368
14856,11.80258844351727
14857,6.034127170359404
14858,4.129727291466541
14859,2.9854698437464946
14860,2.66615318843993
14861,2.524390765657504
14862,2.4320988440917346
14863,22.194953077761266
14864,12.655601474503381
14865,6.950440529748349
14866,5.003895119088646
14867,3.8501358258214213
14868,3.5124694627522945
14869,3.357221509232092
14870,3.2498876642361347
14871,11.672457756228171
14872,4.161827937414387
14873,3.6188716023931153
14874,4.540195802871968
14875,3.841778490052465
14876,5.172812823976244
14877,3.2112336727409465
14878,17.322263791061648
14879,6.079444612473244
14880,4.791126289435686
14881,17.461483898737786
14882,5.253625289236919
14883,5.459705808638487
14884,3.563844611881757
14885,4.590889538035992
14886,4.053308311669466
14887,6.621616962997091
14888,5.995420992560859
14889,2.2274308262024576
14890,19.361158051291575
14891,12.058951570345123
14892,9.43507232868875
14893,6.183311592883961
14894,4.769111763654605
14895,2.595509883627876
14896,6.304435006434084
14897,40.298732918647964
14898,29.32178411616268
14899,17.52351636138449
14900,5.496837377415087
14901,6.565768493974061
14902,9.037088090736315
14903,11.750238035997988
14904,7.25754083133516
14905,9.999156031515609
14906,3.4828950452748164
14907,3.5572212605197793
14908,2.702500044552252
14909,3.2798433954474557
14910,22.301036710777275
14911,12.881422541970439
14912,7.022371443187263
14913,5.287943182473355
14914,4.132766949811054
14915,3.8279166464291428
14916,3.6467879250675144
14917,3.5161806188173266
14918,22.63022189550212
14919,12.570887922059985
14920,6.519454804101327
14921,4.568200288384496
14922,3.4050360645252464
14923,3.1070420440275326
14924,2.9563754595044314
14925,2.8625605731599624
14926,22.70627228309143
14927,12.859955414780012
14928,6.959012281501225
14929,4.985906461841204
14930,3.8972382411538558
14931,3.5992847862742674
14932,3.4296171673787077
14933,3.3502824397032263
14934,9.630651434169778
14935,26.453756741389167
14936,5.456704311750106
14937,160.7191842109798
14938,26.151541618829807
14939,15.53459506257816
14940,8.8651442056851
14941,6.652082499552375
14942,5.593309371739513
14943,5.236516227325839
14944,4.990126667608263
14945,4.878420113515754
14946,28.325224965995766
14947,16.607028150174045
14948,9.39483428840832
14949,6.850656816843374
14950,5.440137846242093
14951,5.1330649592560675
14952,5.039223774513686
14953,4.849323127848697
14954,3.042471079671249
14955,24.09336791456893
14956,13.599220438661682
14957,7.2661063488880755
14958,5.129009355720078
14959,3.8702243322290055
14960,3.583776104531964
14961,3.387357846453349
14962,3.283592529692212
14963,5.448631132043641
14964,10.823477265299804
14965,38.62730771019041
14966,33.54823557083232
14967,7.334532640462139
14968,2.397022102647611
14969,22.892409880044596
14970,13.35146628481326
14971,7.575678251568553
14972,5.6215904364538964
14973,4.472547750096472
14974,4.122336562384141
14975,3.9762147945229342
14976,3.881512210814287
14977,24.174317394949725
14978,13.574800990884551
14979,7.225437297442048
14980,5.076341531887421
14981,3.781205659423544
14982,3.5312609638000714
14983,3.389895950793263
14984,3.33556412782237
14985,29.29102658931621
14986,17.312565641800763
14987,10.078281142739987
14988,7.896251455559712
14989,6.422661380683503
14990,6.082437220061317
14991,6.027085091682815
14992,5.879537472181636
14993,24.868376965469963
14994,14.802065602341706
14995,8.813747492091984
14996,6.755288458050298
14997,5.578062775376363
14998,5.2576304185577065
14999,5.128020975674114
15000,5.030073534078942
15001,2.189029522328737
15002,2.2122882025407113
15003,5.909992235304142
15004,2.2950439754353518
15005,6.002866456593348
15006,66.5313217934835
15007,39.11465877109983
15008,35.908962694349846
15009,3.49137851577548
15010,25.12875821599341
15011,14.84458531651686
15012,8.783314123984661
15013,6.729223189801866
15014,5.531643779784252
15015,5.2065474011146335
15016,5.080839337223712
15017,4.978063800833571
15018,25.12875821599341
15019,14.84458531651686
15020,8.783314123984661
15021,6.729223189801866
15022,5.531643779784252
15023,5.2065474011146335
15024,5.080839337223712
15025,4.978063800833571
15026,32.80724613505596
15027,13.510207390863687
15028,45.447177378833075
15029,29.18803550899183
15030,18.792999278563155
15031,17.143380812730385
15032,31.08835149168109
15033,7.034497467809871
15034,6.004949120180993
15035,21.80541859284732
15036,12.298581563869888
15037,6.6529007458197
15038,4.659763049616072
15039,3.4920063450719607
15040,3.1867097081819544
15041,3.045128459432431
15042,2.983036646108752
15043,23.343581815141473
15044,13.274672956579831
15045,7.343998561489255
15046,5.34477608591579
15047,4.185794349275248
15048,3.933001444211074
15049,3.8115543020883313
15050,3.6978535724742283
15051,25.477528717863724
15052,14.82826098633334
15053,8.354991390484706
15054,6.564235846714567
15055,5.0833736219270955
15056,4.7588364941120105
15057,4.587394866053771
15058,4.4792044036982634
15059,9.964458813321254
15060,5.024768692799166
15061,3.4991375118815857
15062,25.01295683364315
15063,14.244708521411985
15064,7.753832203576095
15065,5.210828701732197
15066,3.914951265356442
15067,3.5988281930593504
15068,3.47977824372955
15069,3.3790022045697565
15070,23.86403149031357
15071,13.406742136443
15072,7.333358752469405
15073,4.965971604187107
15074,3.668277531784396
15075,3.2787458636947595
15076,3.1145561275047013
15077,3.034406090233361
15078,10.64429460852337
15079,4.907442070103601
15080,3.2870778892693804
15081,23.732899218902325
15082,13.465107836516134
15083,7.27296450098493
15084,5.010467207751125
15085,3.7228974873602976
15086,3.326751101067122
15087,3.1859056160868673
15088,3.0909125267688298
15089,20.977215309080005
15090,11.300067235537199
15091,5.435488265834346
15092,3.5365744939753063
15093,2.346184785202235
15094,2.0232155816766415
15095,1.9018093589709513
15096,1.8175204058223442
15097,24.215312468308767
15098,13.034689097620683
15099,15.774105435453494
15100,5.5115362866721895
15101,5.093802486788932
15102,17.782801991358472
15103,5.914586949716703
15104,3.7628297513791424
15105,10.513200570136187
15106,4.34593215416871
15107,4.321538114065928
15108,4.047996967846173
15109,29.36668211136869
15110,17.43048904402911
15111,10.13700096697271
15112,7.6520005793107595
15113,6.210799252017596
15114,5.785566931384779
15115,5.607339394239459
15116,5.5182356109019075
15117,25.470177321249707
15118,15.35793890795593
15119,9.238306304873065
15120,7.181859695670014
15121,5.990453367700224
15122,5.634064464545339
15123,5.475556198055456
15124,5.404118761649608
15125,25.903930172875928
15126,15.760281785002197
15127,9.719775137550354
15128,7.610321357055018
15129,6.411041903560659
15130,6.055086726741164
15131,5.9262031545508345
15132,5.830854540267294
15133,3.618795095543255
15134,23.58208159266775
15135,13.698914388080192
15136,7.904781497073466
15137,6.132692764862558
15138,5.108949156821252
15139,4.7405513273592845
15140,4.5887331301715655
15141,4.4843467016058485
15142,28.887068077552378
15143,17.12841894483434
15144,9.794408754155407
15145,7.196940373522333
15146,6.070708332882335
15147,5.503237933618006
15148,5.342072447324495
15149,5.2876356882303295
15150,23.729019045583506
15151,13.558451300121902
15152,7.5415983509932865
15153,5.6439626799099525
15154,4.477728852308488
15155,4.137978111185989
15156,3.989277480724352
15157,3.930031934932464
15158,21.708091701987776
15159,12.103455648048651
15160,6.3499563400870995
15161,4.496551927194398
15162,3.326595134898376
15163,3.0252420715897106
15164,2.863850700121596
15165,2.7823025771772953
15166,22.753019448653788
15167,12.98211948333398
15168,7.23179945937229
15169,5.384059521880759
15170,4.223668119369142
15171,3.900558704413927
15172,3.7660777109235157
15173,3.693812998207098
15174,22.53700529163118
15175,12.846643013970777
15176,7.1471007599275165
15177,5.30446922817489
15178,4.116094102087907
15179,3.807387785370995
15180,3.675969178361683
15181,3.6008374847120144
15182,21.231596437164946
15183,28.114253607641842
15184,16.602799487661155
15185,9.452408285195112
15186,7.3865638986177355
15187,5.92518264561164
15188,5.533313006642939
15189,5.345035774484719
15190,5.215383428210514
15191,1.0292709364791555
15192,21.353458557816204
15193,11.361553548460193
15194,6.02142409118674
15195,4.101681468186859
15196,2.976086152830096
15197,2.6799878622723967
15198,2.492090719300161
15199,25.58413823322522
15200,13.674344765344546
15201,7.592746390452966
15202,5.1787064907956815
15203,3.9902668188344346
15204,3.668698122658652
15205,3.519675932188396
15206,21.180634824742008
15207,11.367476335989647
15208,6.063788715187085
15209,4.1982484333658086
15210,3.0919337731956307
15211,2.760566062333437
15212,2.5681916269843885
15213,56.98661006870942
15214,124.77216546599594
15215,4.847606438371285
15216,27.704250359714635
15217,48.40343280940227
15218,6.666077386249041
15219,14.690633235774264
15220,15.875277212837688
15221,18.44837361383731
15222,19.110590721784682
15223,5.2372526000332424
15224,9.487730125989987
15225,26.401752672837603
15226,15.693747309451007
15227,9.103072844069414
15228,6.895975912819732
15229,5.640423437256867
15230,5.234961433798116
15231,5.0548889878744205
15232,5.001193497881438
15233,26.002026570703542
15234,15.323917846343903
15235,8.485952366924163
15236,6.165567793825832
15237,4.909246512646488
15238,4.52705999690774
15239,4.435918217771402
15240,4.349452001117081
15241,29.355528270716068
15242,17.50999055762176
15243,10.371322802432793
15244,7.9810193976894475
15245,6.504053197705852
15246,6.17329405638775
15247,6.0029269849637075
15248,5.908738739979819
15249,28.036903428154435
15250,17.49681548860518
15251,11.430482049901538
15252,9.18412524946109
15253,7.849258517435764
15254,7.601741352785068
15255,7.45552014296184
15256,7.382463213377418
15257,8.037051520940288
15258,9.904867796772631
15259,6.752735599964625
15260,68.30381149703095
15261,1.1115269418485125
15262,2.674416867059576
15263,2.561837838287454
15264,21.457334867620045
15265,23.103272590928437
15266,12.850154425308604
15267,6.895277617193872
15268,4.969614049258112
15269,3.703564959773289
15270,3.3933700073375594
15271,3.231125511118549
15272,3.1023411884799104
15273,12.28747673419624
15274,8.279050548153794
15275,6.986480379585422
15276,6.159387308146803
15277,1.985814831113637
15278,1.9708011321566974
15279,2.1386132444496817
15280,2.1200630239772438
15281,5.7405616262057775
15282,3.146621934714707
15283,4.599864678202984
15284,28.7632429476725
15285,16.73336037976339
15286,9.7065874340013
15287,7.204885103750193
15288,5.847562161911288
15289,5.456260828552431
15290,5.211403476068731
15291,5.090206991524776
15292,22.96405583569685
15293,13.3103855118937
15294,7.391651523097433
15295,5.460826901079648
15296,4.208595093671271
15297,3.8566730536056024
15298,3.6891124411110776
15299,3.6102656356617038
15300,22.96405583569685
15301,13.3103855118937
15302,7.391651523097433
15303,5.460826901079648
15304,4.208595093671271
15305,3.8566730536056024
15306,3.6891124411110776
15307,3.6102656356617038
15308,26.44034703134744
15309,15.630918392620796
15310,9.229575056930063
15311,6.904775062595392
15312,5.586793664282906
15313,5.383228123730792
15314,5.249160425705723
15315,5.162172690850049
15316,1.42278715582532
15317,54.13292594604901
15318,23.712761425555378
15319,21.67321937289065
15320,1.7685556975597003
15321,17.365475192210095
15322,16.568873254357296
15323,29.168015275628324
15324,8.865903016404555
15325,5.415464834535175
15326,10.317916118002982
15327,11.132690184155116
15328,3.96271971551369
15329,8.633865594630045
15330,3.328753019979945
15331,3.279065895975464
15332,14.144890553793738
15333,10.813359552659165
15334,8.69904847796759
15335,7.55650806941028
15336,6.681993873248788
15337,8.68564539156066
15338,5.690615227406627
15339,22.87599464621895
15340,13.200315023899227
15341,7.211163697027343
15342,5.375351525446906
15343,4.145559609975276
15344,3.795699853745598
15345,3.657189776889936
15346,3.575199843549672
15347,33.533228455348464
15348,11.449923415768627
15349,23.02138388953985
15350,20.956629836706476
15351,18.975144719880525
15352,23.412275586421224
15353,22.680159243384583
15354,19.98466398639915
15355,19.98466398639915
15356,12.846405830143585
15357,26.953555303328656
15358,6.149257624379988
15359,25.349950548848046
15360,14.964567026854787
15361,5.462398775123983
15362,5.617783017800749
15363,5.27901508571662
15364,3.379212019831912
15365,12.29414549912499
15366,10.726892146815992
15367,9.827865293815265
15368,11.815347604142943
15369,13.270973648531399
15370,16.33470476977817
15371,11.342393484397196
15372,23.539669642935053
15373,13.191676476292074
15374,6.838509711486891
15375,4.789383943415783
15376,3.583847697667966
15377,3.27685927259177
15378,3.1739182902687633
15379,2.8710071622873237
15380,2.7882874588521926
15381,3.570287599625521
15382,5.573271768161609
15383,30.049881949316777
15384,25.566063055841767
15385,15.322031149003795
15386,9.249583825955929
15387,7.127675059417664
15388,5.92850349628848
15389,5.560564430370309
15390,5.397779386466488
15391,5.339905470426769
15392,25.519730954888697
15393,15.303330093341826
15394,9.235343804144875
15395,7.112959232390944
15396,5.909135921219982
15397,5.545525318152203
15398,5.384446581613736
15399,5.328043635833441
15400,23.22890819250546
15401,13.228925600314161
15402,7.154741023201856
15403,5.139932261638815
15404,3.8352386103520884
15405,3.601457943842326
15406,3.473377076758062
15407,3.3874438773755626
15408,22.08442807687336
15409,12.295613047786235
15410,6.370428469961524
15411,4.415766446674014
15412,3.2812958399478522
15413,2.9779740812137883
15414,2.806286313508793
15415,2.7080180471318274
15416,21.913019665283464
15417,12.419172259704848
15418,6.625031183157834
15419,4.718863438271727
15420,3.555445539835335
15421,3.2374563703898485
15422,3.1435256896041106
15423,3.0863110125092095
15424,28.67401276789422
15425,17.42968130111906
15426,10.549532467881901
15427,8.038473538854511
15428,6.632626472438696
15429,6.303367738989058
15430,6.157424281475205
15431,6.048033976119886
15432,17.882018806841046
15433,11.972480243604746
15434,9.772279097740512
15435,8.779795113338185
15436,8.572680227583145
15437,12.721061848115868
15438,9.400072944047576
15439,9.066940349123108
15440,8.047687881524299
15441,6.6200124759029775
15442,22.012577093980937
15443,12.32052676906686
15444,6.564978732950226
15445,4.606895723913022
15446,3.424061325061602
15447,3.1104151407025147
15448,2.9772155688553044
15449,2.9192867021977538
15450,27.26831595388569
15451,15.418530019336542
15452,8.447827203027714
15453,6.114132145199179
15454,4.633690638094535
15455,4.406901316873639
15456,4.219621709181544
15457,4.028735503662782
15458,22.806287401098892
15459,12.939971700526135
15460,6.939132369503202
15461,4.876063302794269
15462,3.6602198011863747
15463,3.383429631936528
15464,3.242202057862911
15465,3.148492594669418
15466,23.976773256794917
15467,13.602548715633787
15468,7.380352579557755
15469,5.279841924837546
15470,3.990340117282331
15471,3.716827881683301
15472,3.5457394964079585
15473,3.4153172278793607
15474,58.47954872583175
15475,4.2981953712663215
15476,12.591144325762626
15477,2.5182187137129945
15478,2.9484415158450674
15479,6.0983364004557465
15480,9.19924915133681
15481,7.339324863868688
15482,5.3952215595624615
15483,5.203271182335821
15484,74.44165025396676
15485,3.580685653569759
15486,4.572672210380947
15487,1.9634847938043878
15488,4.179528403662133
15489,18.53262836084727
15490,23.55844752156913
15491,3.1580845730404574
15492,4.530024190751286
15493,4.258945732389407
15494,18.88920134252631
15495,11.318742885548623
15496,9.708124475632362
15497,8.986812429884376
15498,37.71786037049655
15499,25.784971651886902
15500,6.673969564318423
15501,10.590655477553579
15502,141.3494158214313
15503,179.65223040121884
15504,48.900466969051294
15505,19.821344143418642
15506,44.1802935820658
15507,79.99163513310157
15508,66.454989286906
15509,53.282787494559685
15510,145.37044191425022
15511,6.7320001023869755
15512,6.3665499230774225
15513,6.936306790260896
15514,4.254003678918749
15515,7.667183389320173
15516,29.290512368458717
15517,52.50645356036223
15518,36.68273143130658
15519,30.95266705234122
15520,29.55300743391303
15521,13.779277383067306
15522,9.204937259250832
15523,8.303651701731685
15524,22.050958127346398
15525,12.225336462601799
15526,6.280058467083206
15527,4.404349532718958
15528,3.2365284844346647
15529,2.9467868488972147
15530,2.7946210528092226
15531,2.7137882626490657
15532,22.31506549219842
15533,12.343600073277985
15534,6.442352519498914
15535,4.416950489963639
15536,3.275034576746959
15537,2.951189260528567
15538,2.7853503287747947
15539,2.69551136292403
15540,24.011135778510408
15541,215.06757254973968
15542,8.800040406671567
15543,6.344714145460905
15544,5.401564148401192
15545,5.002012555255357
15546,9.805555084648768
15547,8.348391027744473
15548,7.474858018763569
15549,7.016099813105225
15550,21.238321432424478
15551,2.593300577334308
15552,21.979345706184347
15553,12.202796565045823
15554,6.358841796614873
15555,4.3543537568798545
15556,3.1875023971605745
15557,2.850497278646555
15558,2.704974976689906
15559,2.6207446402612433
15560,44.09499018881873
15561,10.309971051987219
15562,26.068377703947988
15563,15.824998709450863
15564,9.65269141489662
15565,7.499686005310869
15566,6.220542836522614
15567,5.852919057639339
15568,5.675853464271034
15569,5.614810807457809
15570,26.068377703947988
15571,15.824998709450863
15572,9.65269141489662
15573,7.499686005310869
15574,6.220542836522614
15575,5.852919057639339
15576,5.675853464271034
15577,5.614810807457809
15578,26.149510158634858
15579,15.788739806258294
15580,9.685399384814708
15581,7.636850779311062
15582,6.3658490338282565
15583,6.012136392371055
15584,5.8470800822356805
15585,5.780170371749265
15586,22.971572573428748
15587,13.042253297699533
15588,7.1822165930438535
15589,5.407363731654828
15590,4.2857355650182045
15591,3.9763036404276386
15592,3.813513380573057
15593,3.7140257049112284
15594,24.869787651381767
15595,14.214127610283015
15596,7.910540422437677
15597,6.0866363357760225
15598,4.938162019644071
15599,4.627116780197602
15600,4.509789915270408
15601,4.406996025256941
15602,23.258499110269582
15603,13.405410699817768
15604,7.6357619192278445
15605,5.814330625991525
15606,4.66033310090292
15607,4.336764475459131
15608,4.183461204505561
15609,4.075272332923886
15610,22.537772224212365
15611,12.973934695820184
15612,7.131866621970778
15613,5.254467700359191
15614,4.0785313859704715
15615,3.727431159621256
15616,3.591614662093005
15617,3.510403009209139
15618,4.892514604466647
15619,21.341640748599055
15620,11.76363088064218
15621,5.9868104370189
15622,4.115837762433462
15623,2.9651530121678484
15624,2.638895739532173
15625,2.4967072724061157
15626,2.4084296807905643
15627,21.343524590486147
15628,11.804981565415474
15629,6.029487638792897
15630,4.136832424863916
15631,3.008307326299391
15632,2.683422973828176
15633,2.542923514673024
15634,2.455115159775095
15635,21.36425302832231
15636,11.792232328295237
15637,6.078749151086812
15638,4.211165991321979
15639,3.0274905209973606
15640,2.6873342415626507
15641,2.553916996979347
15642,2.4759800164436854
15643,19.288730866006937
15644,15.145017096130612
15645,11.606540637895321
15646,15.426351076909498
15647,6.334980502947404
15648,6.759921001702662
15649,5.004083391001147
15650,2.122061743960096
15651,6.439881885421949
15652,5.441293493047938
15653,4.924398828343726
15654,3.2212956487252233
15655,2.870975470280985
15656,7.986839308335805
15657,11.059523585256823
15658,18.118451718609123
15659,19.629102382705078
15660,19.866534336130485
15661,24.881712301918384
15662,11.652054334154382
15663,15.488324273523766
15664,27.18040094324249
15665,15.769069605571374
15666,9.097155101917483
15667,6.716914638874751
15668,5.4414321440402045
15669,5.196816414594023
15670,4.9414113592354205
15671,4.803925761652288
15672,5.419335574899296
15673,10.97098234741937
15674,30.60797181820224
15675,18.873731393293138
15676,11.902961606374701
15677,9.651523412232649
15678,8.08073839440714
15679,7.641497945969548
15680,7.429088359317202
15681,7.301577024275035
15682,24.728192475944663
15683,13.733421872732979
15684,7.7590495128251575
15685,5.660969356249367
15686,4.449111703271681
15687,4.197779181555852
15688,4.008468635503401
15689,3.8792478307567833
15690,24.68253173801088
15691,14.19743635616275
15692,8.396741786755943
15693,6.331417986548212
15694,5.07053098563307
15695,4.70451902569463
15696,4.567472843388677
15697,4.459577933858472
15698,5.602706892780732
15699,4.618170992972762
15700,21.685773653220167
15701,12.136242421199476
15702,6.284333107694328
15703,4.393340876127476
15704,3.287862041243601
15705,2.946195448133653
15706,2.813855983445994
15707,2.7278869721063983
15708,7.888444906910955
15709,21.943824828952867
15710,12.287282819280845
15711,6.424820137614838
15712,4.486157626294068
15713,3.3335307332428106
15714,2.9830912934615346
15715,2.835522253374621
15716,2.7532350134345505
15717,1.9844029428098464
15718,4.686358012183104
15719,5.432621758297534
15720,4.167491047992529
15721,10.959049714051758
15722,8.525096919595786
15723,7.937500767345103
15724,7.418546201041757
15725,28.668478868565884
15726,16.951816002539985
15727,9.754489373999021
15728,7.526286746760675
15729,6.105174094308726
15730,5.7712732572715755
15731,5.641483566172681
15732,5.481413765078716
15733,22.4575455467508
15734,12.777488254182108
15735,6.8912317732289745
15736,4.949385761860208
15737,3.805546087526884
15738,3.430167375759837
15739,3.2660118336618247
15740,3.225949965025819
15741,25.795595775714112
15742,15.697951556249606
15743,9.992835536129459
15744,7.662805937963852
15745,6.3557995975420285
15746,6.0948624917637595
15747,5.957890058338805
15748,5.85806824390912
15749,1.661458136864883
15750,35.102310763619606
15751,10.939731762382834
15752,13.112641646431129
15753,7.11171736384925
15754,5.774487327544318
15755,9.01425004387389
15756,18.699913410860646
15757,6.32066617487692
15758,3.163175713817506
15759,4.857028609803529
15760,2.7979309381262363
15761,7.048765075103591
15762,3.09266952724155
15763,7.210336121949675
15764,3.9896514113108417
15765,5.689260839746383
15766,5.048191768126319
15767,4.969866823641726
15768,7.086686750537364
15769,4.3821586572074
15770,6.121226844880927
15771,3.7488498756947903
15772,16.081038770418438
15773,11.187024338256418
15774,9.231778050038786
15775,3.516129661357325
15776,4.606204113597299
15777,2.2095868933435594
15778,7.466346472114584
15779,5.491482336237965
15780,3.8381573106559035
15781,2.4532943847968243
15782,7.36078521566396
15783,4.625097339486645
15784,4.417660758295632
15785,9.687383553907669
15786,22.765872796247145
15787,17.903925108933414
15788,7.66468210408658
15789,8.524407448128347
15790,7.760733042750555
15791,29.9530092995214
15792,18.99380979217466
15793,11.724396141110795
15794,9.440305599491023
15795,8.036098772894935
15796,7.666171959552535
15797,7.573708079001877
15798,7.514023673531909
15799,8.146035249646545
15800,6.636352990311837
15801,7.849276705177482
15802,6.673129568832788
15803,9.671058941836058
15804,4.837003177190195
15805,3.180596092310334
15806,10.481811881062814
15807,11.526676566918432
15808,3.4468905772232996
15809,23.779198022642763
15810,13.666912407415204
15811,7.585293144218917
15812,5.585791549793643
15813,4.347115404535884
15814,4.030738650148548
15815,3.9064373282578813
15816,3.7817306280268577
15817,22.366916487033013
15818,13.121149669049636
15819,7.461648389352613
15820,5.317854428395149
15821,4.170709179139903
15822,3.8253219990407143
15823,3.6645073150985485
15824,3.589515401937052
15825,95.8106118464928
15826,90.10935600993889
15827,8.324843570683433
15828,6.818531242636402
15829,5.802697599877989
15830,5.1864027548386105
15831,28.246912342373744
15832,7.191768155298181
15833,2.135507516020729
15834,69.68137448869079
15835,5.505778311681823
15836,5.505778311681823
15837,4.041263029071535
15838,29.870416621202686
15839,25.333327443403157
15840,33.92098039675219
15841,24.115834631040027
15842,5.011623594176359
15843,1.4183072126144247
15844,8.861643621604067
15845,5.563631757725132
15846,4.5766687784614515
15847,25.52266563894321
15848,14.955233614766232
15849,8.369527267893835
15850,6.361741010137047
15851,5.102469702087926
15852,4.773174916858782
15853,4.605345186568334
15854,4.484381849067758
15855,1.4305325319856563
15856,2.280282937977283
15857,11.961420632623009
15858,6.754135653588105
15859,4.191174229419212
15860,2.7830179769184156
15861,3.703653423783962
15862,4.066022464254453
15863,25.406449853676826
15864,15.645625947313821
15865,12.491372603760011
15866,10.062590003526118
15867,5.334918278185182
15868,3.1131823909360157
15869,5.1169178260471115
15870,2.9882587655512447
15871,14.234487625263151
15872,23.698567380144798
15873,5.957437290477984
15874,2.182350272817912
15875,10.612810789893716
15876,8.06554736442498
15877,6.834676246357757
15878,5.397490584451855
15879,4.699632931413545
15880,10.47034603035214
15881,8.622500314383558
15882,7.626543615731234
15883,6.590011244597561
15884,5.291111843644437
15885,10.501629075741194
15886,7.94756209525902
15887,6.828728633655596
15888,5.520070310287044
15889,14.180276097794716
15890,69.04188093116137
15891,34.2106447135808
15892,10.670824996005312
15893,28.508726296829195
15894,16.69200070731638
15895,9.52442313244524
15896,7.218080726845969
15897,5.81057621100214
15898,5.3043453900469935
15899,5.189678120456335
15900,5.088908305824447
15901,22.725247173220993
15902,12.977627656004515
15903,7.178921353302711
15904,5.282146383901313
15905,4.117557434527505
15906,3.7843659187107574
15907,3.637878924983136
15908,3.5413909806985577
15909,22.24792228408613
15910,12.705219592554666
15911,6.897716462353744
15912,4.995196615272887
15913,3.8379262830215723
15914,3.5031565053033136
15915,3.3643661973962202
15916,3.279410775928843
15917,27.48333485714892
15918,16.8838419386289
15919,10.407865333816872
15920,8.282519165341697
15921,7.075911558107727
15922,6.78576457405336
15923,6.6044362067141344
15924,6.5641223147356556
15925,22.364687572161614
15926,12.767637599324026
15927,7.028059049266018
15928,5.130483795846585
15929,3.9754961941436173
15930,3.6666925479943866
15931,3.4966133862655457
15932,3.4106199236857795
15933,22.72343258654115
15934,12.777101111628197
15935,6.835792137108542
15936,4.895792245808239
15937,3.659166778373204
15938,3.3147818753723035
15939,3.1645991010170667
15940,3.0781912894881995
15941,22.07691409167385
15942,12.457843195999715
15943,6.645197664752824
15944,4.695953494796037
15945,3.5047390028939347
15946,3.1821893996621773
15947,3.0077716850184126
15948,2.9352446250799797
15949,21.846328054681134
15950,12.159867700542081
15951,6.4309861606314795
15952,4.47072499052668
15953,3.3215614674841376
15954,3.013161119106589
15955,2.8625956901095146
15956,2.774365490915746
15957,6.592738015029628
15958,7.00847501963419
15959,45.0538350576705
15960,43.759048201920336
15961,5.143844149109848
15962,7.795639305384023
15963,26.94003629490055
15964,16.47950306549308
15965,10.434038059033206
15966,8.256394777772439
15967,6.9403309914566576
15968,6.50977768745969
15969,6.3333697955454795
15970,6.267785923030919
15971,11.438189700545077
15972,6.678652811626093
15973,9.139732712498958
15974,3.8747443023123775
15975,13.782087590600135
15976,8.380238224817452
15977,6.823175354754213
15978,5.568577361284378
15979,6.913225867508668
15980,11.07125758337085
15981,14.005509895191306
15982,13.890597427485336
15983,12.467861448289215
15984,8.166510400991239
15985,6.164028308587742
15986,5.149921750527675
15987,4.4622344334821475
15988,14.076390680839225
15989,7.07193989299998
15990,6.792355284025139
15991,20.31784371457334
15992,18.56733684658939
15993,9.269803521923103
15994,8.363862911748111
15995,57.20849904951447
15996,38.416437072434604
15997,59.400790274532156
15998,20.30537080403832
15999,18.798859549268727
16000,11.522581828658389
16001,11.899521235180675
16002,2.198428657676681
16003,1.802013845752084
16004,10.029910079951309
16005,1.1054561514113608
16006,4.953663602463655
16007,30.56883535362972
16008,2.656288462238054
16009,4.818724490587314
16010,4.5068017178455
16011,2.875602082313577
16012,3.1035809551303566
16013,2.4963060744528596
16014,2.2747888253868114
16015,11.526479150900172
16016,5.866946265898935
16017,2.194861051536332
16018,24.29552987461045
16019,14.397829938598104
16020,8.72063112413746
16021,7.27795427742433
16022,6.065434807523536
16023,5.676420447873936
16024,5.491488755237419
16025,5.2898926178649255
16026,3.6042782582317803
16027,3.7303728338183686
16028,4.231710058503462
16029,1.190168445136621
16030,1.7498851890289702
16031,9.506195554373132
16032,2.2264449484398057
16033,2.5181939883604363
16034,205.76350917323572
16035,2.828957893002587
16036,4.13674975753853
16037,3.2460020821202704
16038,3.2387139985099664
16039,22.473948425996017
16040,18.504394511692333
16041,6.761788208835826
16042,4.784696014838723
16043,2.1085123237154337
16044,8.456208818428156
16045,9.091202150322086
16046,4.1421134947060665
16047,7.07218160619034
16048,2.94088538284125
16049,3.503699922686434
16050,6.696372306838477
16051,5.862414140654368
16052,5.504099729375781
16053,5.42453759768823
16054,16.129669625655545
16055,3.4400241422736935
16056,24.19419480965999
16057,14.56522919097209
16058,8.837148515912915
16059,6.793800827568411
16060,5.739903968172056
16061,5.304308627990078
16062,5.166369799186551
16063,5.08438118340777
16064,25.543619843906896
16065,5.7666858875844955
16066,7.005096705456007
16067,1.7020379958748098
16068,10.538418547849107
16069,9.014882793942
16070,8.048648682524725
16071,7.7252756463545875
16072,13.391321838197975
16073,9.766257728804996
16074,9.404375641451434
16075,8.054238110510699
16076,6.794745762348036
16077,16.472841246462387
16078,10.858106387283115
16079,8.96754086645778
16080,7.961727963770146
16081,7.69404582501441
16082,23.90417079358622
16083,28.947471543160574
16084,37.25996265970231
16085,8.540133152696963
16086,8.20934211884885
16087,7.509809313200591
16088,4.021675249273237
16089,1.9399017068371727
16090,4.683861657661282
16091,6.33915699057164
16092,5.6225711272079195
16093,5.765234014070417
16094,5.056149786210236
16095,7.4927183749598925
16096,5.357043851981142
16097,4.8524993900907365
16098,4.4531120085653555
16099,3.9853954039322965
16100,15.870167738790384
16101,10.89296521431099
16102,9.732801489649738
16103,7.353359156955456
16104,7.726453630372058
16105,6.538617758386011
16106,29.061892676717022
16107,16.65314245320579
16108,9.499553040183907
16109,7.440189656165922
16110,6.174861163575551
16111,5.756591303460103
16112,5.538404147166838
16113,5.401881355461358
16114,8.53288628024913
16115,2.872036787128264
16116,3.9105893104415985
16117,14.40932152803879
16118,2.0437060144411894
16119,2.027022928818384
16120,1.3428471724794329
16121,6.375701427176556
16122,10.309369020634351
16123,31.27879028439212
16124,106.73274954177181
16125,28.693951880448623
16126,5.0064225842871135
16127,13.83489463137453
16128,9.444444493422203
16129,6.038608544171297
16130,2.9753795840586688
16131,2.29160617430254
16132,8.083868568477937
16133,17.846796703873615
16134,18.243860141827867
16135,10.155904811328387
16136,9.093758189210467
16137,7.430112605263663
16138,3.375147373797753
16139,3.3736495203940384
16140,21.819258304663506
16141,12.262037832555555
16142,6.501642451919581
16143,4.524853831936744
16144,3.36352838770063
16145,3.014434340630803
16146,2.8712748771568526
16147,2.8425181814250844
16148,7.890664539979739
16149,7.40296976572943
16150,24.880869698793155
16151,14.57388157445442
16152,8.330368120561337
16153,6.30777083461913
16154,5.138567714916153
16155,4.798197906147044
16156,4.630829869488979
16157,4.550496495705866
16158,6.465725753104915
16159,5.725873758534406
16160,73.50495401770193
16161,29.4950011874172
16162,19.55061076345457
16163,12.283626910014858
16164,9.665885564441215
16165,8.75717199787567
16166,8.687682932276951
16167,8.665138811589756
16168,12.769544709517072
16169,8.156438985175756
16170,8.156438985175756
16171,6.521512725454322
16172,28.17821056467296
16173,16.644958567746617
16174,9.676156909132928
16175,7.3045794510243836
16176,5.9176224910219215
16177,5.5631989444295495
16178,5.379024452224171
16179,5.27696006397928
16180,26.480470225328844
16181,15.28941433371784
16182,8.97154285897209
16183,6.992405640161553
16184,5.422011308509866
16185,5.036405351271244
16186,4.894349117181952
16187,4.773453389592546
16188,21.962356355021207
16189,12.278100901495845
16190,6.466669281631502
16191,4.552247898420104
16192,3.3749600169324676
16193,3.0422150620856394
16194,2.9205145991146573
16195,2.8471434378804887
16196,22.073421637098104
16197,12.266400130600083
16198,6.4591077271490445
16199,4.463258320573617
16200,3.2837868111846675
16201,2.931881345751435
16202,2.7933289961193455
16203,2.7511889242864465
16204,22.159291540153724
16205,12.474964160846104
16206,6.595470316175538
16207,4.651744552014312
16208,3.4675061255351842
16209,3.1945784334234766
16210,3.074135458392906
16211,2.99225409396758
16212,4.881964371867661
16213,16.197435639412213
16214,19.04129162372447
16215,30.731956210467967
16216,6.657248962631245
16217,2.293236751969631
16218,27.31057670295496
16219,15.552948825219463
16220,8.56770505420854
16221,6.2185868422902715
16222,4.79265561213259
16223,4.4320650773932115
16224,4.176406517586189
16225,4.071559257024025
16226,2.7397473128556467
16227,2.3741557165150904
16228,2.5785104726656827
16229,1.9001886771318945
16230,23.095612851651595
16231,13.174355690382548
16232,7.166536953557375
16233,5.350254974614035
16234,4.187798352216699
16235,3.897409537759711
16236,3.716706056766629
16237,3.636738873703908
16238,2.962921900070929
16239,2.037432250962514
16240,6.9539245300941035
16241,5.854767730012676
16242,29.626871628829978
16243,27.64392442952534
16244,12.142486932647637
16245,7.749585322876563
16246,3.2062340516576233
16247,18.54377835137312
16248,8.043391961860085
16249,5.439859746265335
16250,8.16392827960943
16251,25.165382790126035
16252,14.79059861819758
16253,8.536878857973566
16254,6.399772658891714
16255,5.256335674106138
16256,4.8066791134696185
16257,4.672631501531272
16258,4.6149971055557675
16259,33.241559709723944
16260,20.27980019676952
16261,12.95709737163638
16262,11.17278339906638
16263,9.210969281774815
16264,8.631180764181469
16265,8.146678490636853
16266,7.86423912851239
16267,3.6864515955774473
16268,10.944528417688483
16269,3.5663822227109225
16270,2.1318315729049444
16271,16.688236415566998
16272,4.925671568093136
16273,47.08101761123615
16274,37.559458441724814
16275,7.241716990503511
16276,4.091602963425581
16277,4.346387992396308
16278,26.48684419278807
16279,14.910178959660284
16280,8.559826596660013
16281,6.586038469952837
16282,5.183003006220047
16283,4.919681840010488
16284,4.702758391686661
16285,4.5957853920759435
16286,7.2494680995749885
16287,8.447985313167294
16288,29.429790531110932
16289,8.93809336683319
16290,5.183243703378431
16291,7.067915203437058
16292,2.584760740064975
16293,5.378852723930475
16294,9.775756299488293
16295,11.713741417846101
16296,11.738036795073945
16297,1.2212146574396203
16298,1.3100894760869128
16299,98.60171114593089
16300,108.60604370107596
16301,12.408310558329552
16302,9.940412801401216
16303,41.58501092679097
16304,56.1666963884187
16305,39.69434513083061
16306,25.285435875884268
16307,19.218175306110318
16308,12.558830948366332
16309,7.635319975552742
16310,13.9728932575085
16311,11.84209892769651
16312,10.30291079382155
16313,15.47758626197467
16314,18.66004024242053
16315,6.525033657353634
16316,5.963717788659514
16317,8.741473594403983
16318,7.862833020489644
16319,29.224559599400244
16320,38.87692554224652
16321,27.830813271230017
16322,7.692532316316247
16323,13.943834055639877
16324,1.908182840652235
16325,1.8052231973504917
16326,1.9824443587368235
16327,32.68808125726187
16328,5.83291759038054
16329,259.4163093582232
16330,109.59801371945827
16331,4.42416533396406
16332,17.483766921501783
16333,20.604539609078188
16334,25.20574443441331
16335,14.906783857344722
16336,8.517798768085093
16337,6.405385915033013
16338,5.0770093989324945
16339,4.725818045221445
16340,4.601966949150007
16341,4.542869732777131
16342,4.400468840753668
16343,4.363142753280027
16344,16.09778227263888
16345,29.028962086317357
16346,17.005236945693436
16347,9.983772023580594
16348,7.686339958664662
16349,6.256311677532112
16350,5.877968560498527
16351,5.669942818735553
16352,5.571591075219814
16353,21.713054522044885
16354,11.839246587050036
16355,5.982500163863903
16356,4.092793941347743
16357,2.99375775735553
16358,2.729486376744819
16359,2.575956331495049
16360,2.507307759202615
16361,29.336972764303628
16362,17.560022358155777
16363,10.586369630971326
16364,8.375383520799396
16365,6.77570361753986
16366,6.374431345920821
16367,6.102811481466022
16368,6.103921422168009
16369,10.181714019697846
16370,29.22980265048166
16371,17.255698224244295
16372,9.843668602379157
16373,7.443812448220704
16374,5.953627153262432
16375,5.543480148739343
16376,5.33532698771425
16377,5.232885618123147
16378,3.543996065530673
16379,3.351117547025387
16380,4.418834868446252
16381,15.767387529878096
16382,5.37829753358314
16383,5.3988764437612
16384,28.725780490705503
16385,17.363242825646445
16386,10.837160732630391
16387,8.42671887314579
16388,6.911366545158004
16389,6.633805217829389
16390,6.401315804987794
16391,6.262039983534864
16392,9.091934391231991
16393,3.0557017696912343
16394,4.933015997728938
16395,7.423300755846646
16396,6.805725204837348
16397,30.18095254464904
16398,18.528559774321444
16399,11.273057041787549
16400,9.091184299274012
16401,7.6931220598964805
16402,7.21339963562241
16403,7.033855553838286
16404,6.892890645503158
16405,29.207567510089774
16406,17.215860058949044
16407,9.980394957203698
16408,7.590593580399039
16409,6.07691481888963
16410,5.677366395740271
16411,5.484776824339482
16412,5.378556858156295
16413,46.58473439190034
16414,11.708346406152923
16415,10.170090311787837
16416,6.545541142844902
16417,2.9283837147243568
16418,24.83509772088699
16419,14.374359416353238
16420,7.85627028380145
16421,5.802308323786589
16422,4.428828384303909
16423,4.101808736690548
16424,3.852273113458568
16425,3.684401709815562
16426,2.7339587074607516
16427,2.501577405458344
16428,9.741633927419109
16429,10.633836248580742
16430,9.182261716205575
16431,7.735360120697579
16432,6.771767203456978
16433,22.762695223308818
16434,12.643193734669921
16435,6.558370193704493
16436,4.483336436206762
16437,3.332281959581924
16438,2.9860884286039386
16439,2.882753438157763
16440,2.8059564511033437
16441,27.43469463735005
16442,15.96624190718546
16443,8.904002560018746
16444,6.5526090529630485
16445,4.85889099576275
16446,4.584776692794511
16447,4.445555372121735
16448,4.313372195950679
16449,26.615305486117272
16450,15.221909435247046
16451,8.23319837988515
16452,6.144722730748599
16453,4.653651530714074
16454,4.340726601532975
16455,4.087971337648081
16456,3.9055743648662147
16457,3.692637474862288
16458,2.950439673362625
16459,4.069196368551197
16460,31.151128601706105
16461,27.298999561519768
16462,16.072320984173828
16463,9.282410654425021
16464,7.36472454447704
16465,5.850092379392205
16466,5.425146264956499
16467,5.1845228634552685
16468,5.054426423810801
16469,26.554822782490852
16470,15.712587812054585
16471,9.028525747535268
16472,7.038997902408454
16473,5.824361789323875
16474,5.53355979617804
16475,5.370194555185242
16476,5.240774781323823
16477,4.217242083712958
16478,7.50650338217796
16479,17.51515334370106
16480,45.963620335652166
16481,37.28890816025413
16482,5.110540458327344
16483,4.568812645548864
16484,6.91301588699989
16485,33.92345645174687
16486,2.040279121435194
16487,33.31073984481291
16488,7.992635802636661
16489,2.553598532748609
16490,9.620029630898644
16491,7.173361997094833
16492,10.013269829436332
16493,6.9585098330635375
16494,1.690859148399037
16495,5.146190387264665
16496,35.309482465528276
16497,9.05748660103201
16498,4.439516446945306
16499,8.563406206538987
16500,9.260353955350578
16501,6.288327042312103
16502,14.030455019017515
16503,9.367283260358839
16504,8.10142201522292
16505,6.211261994790725
16506,5.4750589207485705
16507,11.50787581831597
16508,23.137675706159897
16509,23.04945430420756
16510,12.770402009626414
16511,6.80108297947556
16512,4.798281905396595
16513,3.599510905958624
16514,3.2344092595708602
16515,3.1209583277359374
16516,3.013287959072886
16517,18.225598081232288
16518,24.93526265576685
16519,14.841120123284494
16520,8.866938479212205
16521,6.777887548322809
16522,5.630163740033105
16523,5.3203217425348
16524,5.176544893694347
16525,5.072817749436453
16526,31.103931723491662
16527,20.23086082537441
16528,12.798280953377601
16529,9.972891605249213
16530,8.783943418023613
16531,8.158563402641258
16532,7.901338864474213
16533,7.88171892902668
16534,30.84256994169398
16535,19.837495940556266
16536,12.614368709536036
16537,9.746011760137579
16538,8.603262509893536
16539,7.9940663585474505
16540,7.744203657051056
16541,7.7121258077787145
16542,94.61709245684696
16543,11.459089391722925
16544,7.568805187071016
16545,12.370265322420138
16546,8.803569390043082
16547,28.998366387658095
16548,6.5342022122253764
16549,2.3416764315653626
16550,10.217938520837617
16551,7.069772428361235
16552,4.622727295463012
16553,3.8359954610711897
16554,3.4472630948246774
16555,3.2992924050310837
16556,9.44519656119063
16557,6.365425436636588
16558,5.27977143702862
16559,5.151290512873159
16560,5.023196587137357
16561,11.07339609194491
16562,7.315764286283106
16563,5.839305120942061
16564,5.4777611361299705
16565,5.265029723639037
16566,6.972406438772813
16567,4.04663035055599
16568,3.3546175812709365
16569,3.141519609153277
16570,7.5314369043732
16571,5.051846874471748
16572,4.06712740697258
16573,3.936601396972769
16574,3.8130396688751285
16575,8.220216730645339
16576,5.621620878826967
16577,4.523744201466605
16578,4.408742852647937
16579,4.286712192550768
16580,10.303962378011535
16581,6.82416371615694
16582,5.363078010761011
16583,5.0736966596822075
16584,4.8547830707250235
16585,8.305277373499719
16586,5.629241244710597
16587,4.5765308255764525
16588,4.368492883226182
16589,4.2294969799526
16590,8.20850852360541
16591,5.791000003335491
16592,5.024893380237347
16593,4.908551176971711
16594,4.845467537730039
16595,6.947365290168332
16596,3.86332467177738
16597,2.8467276411958853
16598,2.4951908860981615
16599,2.353847415003985
16600,6.438341029820407
16601,3.81879137691946
16602,2.995951615341564
16603,2.719365230781899
16604,2.5223943515585887
16605,10.542173679179616
16606,6.917779605660501
16607,5.530049939790278
16608,5.26055112623893
16609,5.064277840242487
16610,9.568622420023576
16611,6.500575470580804
16612,5.2987864246901415
16613,5.075155443965638
16614,4.889514454558326
16615,8.659868541763656
16616,5.900462564925052
16617,4.87257948960214
16618,4.780976440242187
16619,4.6630358098629445
16620,9.824628300981287
16621,6.479471463522303
16622,5.414783288113242
16623,8.904515881646988
16624,5.676689468709744
16625,4.944206436762889
16626,10.470015637982426
16627,6.783883883505829
16628,5.498238838151516
16629,5.198188872452733
16630,4.97810804476385
16631,7.450854665695342
16632,5.150143053778803
16633,4.238781421037728
16634,4.157025800897015
16635,4.05232452040449
16636,6.845620087736541
16637,4.333676419762689
16638,3.5235287764486936
16639,3.121721941323141
16640,2.9318401598638455
16641,7.85897786310346
16642,5.357675921815021
16643,4.568105677490372
16644,4.24306209788882
16645,4.061098617112715
16646,6.761966714209343
16647,4.529401950920356
16648,3.6646693249162126
16649,3.407435961779968
16650,3.3020563409965087
16651,10.128554547546155
16652,6.768676031185883
16653,5.5175432825959385
16654,5.23249230676859
16655,5.044914847839898
16656,7.419558310293852
16657,4.808032521994902
16658,4.189234074609036
16659,3.9746801066390995
16660,3.9500579993902916
16661,9.822369238547932
16662,6.351436896583838
16663,4.935126405005623
16664,4.7030088477548855
16665,4.473282776163694
16666,8.648786444190124
16667,5.30892263013212
16668,4.537872042384915
16669,4.395872944364927
16670,4.132256874222067
16671,28.772782860132235
16672,17.007327047922082
16673,9.711516337732196
16674,7.494793978588354
16675,6.201260648104856
16676,5.882762951339325
16677,5.722990175242247
16678,5.541537200659587
16679,22.997118573740565
16680,13.037680539494533
16681,6.998208599529692
16682,5.035715389506884
16683,3.794942351270565
16684,3.464038461432775
16685,3.3308544468787984
16686,3.258456385481009
16687,3.519636051387265
16688,5.272551117665968
16689,34.182881900744476
16690,22.148940777806114
16691,15.066287585729237
16692,13.673292224764761
16693,12.120773664622352
16694,11.727005566009874
16695,11.430099690473668
16696,11.359802940738756
16697,9.491668874688246
16698,9.702190987320863
16699,8.641320944078181
16700,28.160465938561938
16701,17.91197985922259
16702,12.276299693251534
16703,9.40408401973007
16704,8.1601997266699
16705,7.848936612030705
16706,7.738929471072946
16707,7.608032784856029
16708,28.6342139338902
16709,17.719974938031427
16710,12.005204303623252
16711,9.725597124356277
16712,8.390458984211847
16713,8.03955872758273
16714,7.950429512941621
16715,7.818692530587764
16716,42.63628956728177
16717,13.65887833037868
16718,2.348359402695599
16719,11.453322614453459
16720,9.784406362463745
16721,8.461084550147728
16722,7.393876420580891
16723,6.0737223795113895
16724,14.8354006710707
16725,10.463267910245811
16726,8.983809543425018
16727,7.9248931044215825
16728,13.018064738120643
16729,10.800420170245408
16730,9.33297232096418
16731,7.766866242111278
16732,3.6420719289622525
16733,3.4479111996462617
16734,19.29407011964395
16735,24.591133684247072
16736,5.6992951032991215
16737,1.9765833551713525
16738,2.9435458324909796
16739,14.294244323362488
16740,23.95177041075764
16741,13.223898048253764
16742,7.501690613752236
16743,5.852144318416891
16744,4.70882203478435
16745,4.391251962980808
16746,4.17579568165582
16747,4.084894674338397
16748,20.285655968930193
16749,3.9551522148095746
16750,22.857893226455495
16751,24.971950722442863
16752,14.055286483512624
16753,8.095581485057819
16754,6.340989393643934
16755,5.109921151165086
16756,4.732056700118887
16757,4.502494855574932
16758,4.415878111867267
16759,22.763440311832166
16760,12.368894207162157
16761,6.606300296577684
16762,4.679521642799799
16763,3.490595208737666
16764,3.247387797212516
16765,3.118844882925341
16766,3.049661917350555
16767,5.094481164677257
16768,30.321944898359934
16769,17.50134230709603
16770,9.703320203179254
16771,7.197793922465234
16772,5.5954745983618395
16773,5.245144001970546
16774,4.985334397795485
16775,4.846355005938797
16776,15.27338537878654
16777,15.193928464702587
16778,12.92031632381169
16779,23.090370727765553
16780,20.857143180357276
16781,22.618228500492037
16782,13.038568019119616
16783,7.143985713571646
16784,5.110632595733804
16785,3.7799029467274026
16786,3.4187822905651384
16787,3.293765804851848
16788,3.26445587870461
16789,22.618228500492037
16790,13.038568019119616
16791,7.143985713571646
16792,5.110632595733804
16793,3.7799029467274026
16794,3.4187822905651384
16795,3.293765804851848
16796,3.26445587870461
16797,31.68802516520833
16798,19.624329067220998
16799,12.499710274747443
16800,9.629073550272455
16801,8.41646424111476
16802,8.224337033215228
16803,8.141051741527747
16804,8.170688766540668
16805,39.131564041370964
16806,25.82770483901769
16807,18.44378099051457
16808,16.837859564939123
16809,15.280338236600745
16810,15.594676550397004
16811,15.02428149008082
16812,14.317511771090878
16813,31.034611495175213
16814,19.392465919036574
16815,12.220375566768297
16816,9.141260542897456
16817,8.066447446901103
16818,7.6476911626883775
16819,7.621804778579624
16820,7.558752824652001
16821,21.24165865601428
16822,11.69786327788728
16823,5.823938995524754
16824,3.856946198652058
16825,2.705383519686695
16826,2.330543201091772
16827,2.221288632418367
16828,2.122513392332367
16829,20.581285173307023
16830,11.121769422965583
16831,5.367206329580888
16832,3.4440304777975417
16833,2.3053276347873255
16834,1.9704635323216173
16835,1.834560894165059
16836,1.7545780842566348
16837,76.90636794408736
16838,28.547811197008322
16839,19.001965650531076
16840,13.831740317274388
16841,11.529698961529265
16842,17.347100973742954
16843,9.178209196799989
16844,4.553351021909485
16845,2.9641649950678786
16846,2.0135663519908977
16847,1.7053147261992865
16848,1.622583679886679
16849,20.48482100418853
16850,10.988316710664405
16851,5.228932337955808
16852,3.3386936050943934
16853,2.1859030948438445
16854,1.8742066598856466
16855,1.741767197712856
16856,1.6737819142287846
16857,17.86048912106906
16858,9.910201055839874
16859,4.824413904069543
16860,3.2036127614490475
16861,2.2666285334344503
16862,1.9841469014459723
16863,1.9137025939925232
16864,1.8890417109252207
16865,17.244962830300867
16866,9.489904776283751
16867,4.7649850937969696
16868,3.1431826492182555
16869,2.170432073187628
16870,1.9142116214790006
16871,1.870830009444791
16872,1.828854890490726
16873,20.61965830542674
16874,11.0692872975852
16875,5.302649098322193
16876,3.41252337086068
16877,2.2674544360938556
16878,1.9599988269033009
16879,1.8457989330081659
16880,1.7578794613308761
16881,23.276493839816304
16882,13.355582246487243
16883,7.361020387776458
16884,5.33386550571968
16885,4.149111878569306
16886,3.8298061715696865
16887,3.706176448042374
16888,3.670443385748149
16889,22.31985006239132
16890,12.510218962189825
16891,6.792997098385019
16892,4.8195520362279325
16893,3.6432646362102252
16894,3.3346082411049736
16895,3.175202718962144
16896,3.101502972230734
16897,21.829259710443427
16898,11.758268662516192
16899,5.973223200153074
16900,4.037461178713777
16901,2.7515293372273923
16902,2.392911039844805
16903,2.2594341992864893
16904,2.188328762244595
16905,30.156680021235573
16906,17.956523799553587
16907,10.769876609260587
16908,8.40399579245121
16909,6.82944031124328
16910,6.521696058751763
16911,6.309943727216787
16912,6.251765531638662
16913,22.071609948027636
16914,21.965819292142882
16915,12.103694264903742
16916,6.2417034632441455
16917,4.281422130298041
16918,3.1515724436992043
16919,2.817854329809602
16920,2.7021852254334373
16921,2.613895882355354
16922,21.839854608106677
16923,12.43499789527305
16924,6.711114731164681
16925,4.812706512559796
16926,3.6715416204396423
16927,3.3377739036220624
16928,3.2019714866238016
16929,3.1234385078061564
16930,29.160577644326807
16931,17.312744488925322
16932,10.06200463060384
16933,7.707815298531044
16934,6.233943149647229
16935,5.772597453130688
16936,5.619351040562011
16937,5.480373937149444
16938,13.443742667194172
16939,11.334179666673736
16940,9.225841348797905
16941,27.159436272077755
16942,15.598487293776847
16943,13.968265716221826
16944,11.944029889982152
16945,22.079548592728038
16946,12.303565685211307
16947,6.454296672301824
16948,4.489714386039278
16949,3.3948140511684217
16950,3.0096057553425766
16951,2.8556745557529064
16952,2.7737492212290835
16953,20.77895192137243
16954,11.229863261201034
16955,5.441834137119449
16956,3.5229400550262806
16957,2.348741585204954
16958,2.0203593248636396
16959,1.8931020907743932
16960,1.7996764592643715
16961,1.6271476125450444
16962,27.778777200082487
16963,16.034836814406862
16964,8.929747713618877
16965,6.486809700742232
16966,5.124764521897985
16967,4.747714874073711
16968,4.5212481709793995
16969,4.398963444799376
16970,10.184053481562021
16971,9.453104710320133
16972,7.490548550301889
16973,18.783837222277942
16974,11.885046924184715
16975,9.726418101120426
16976,9.07079935747302
16977,18.809694414294988
16978,24.037704417179796
16979,15.631559700804509
16980,34.69936957724852
16981,28.080257815500254
16982,23.04929892297626
16983,17.300842440550706
16984,16.686475119470796
16985,14.342066589695825
16986,10.87575085334366
16987,8.731201761582927
16988,8.30262729277693
16989,20.544765307488557
16990,16.347203741745936
16991,14.129595794825118
16992,12.19038102295189
16993,28.88176373013758
16994,16.79235883980618
16995,9.543141047238176
16996,7.537956540481906
16997,6.271326177245828
16998,5.9310971809429835
16999,5.732320286222701
17000,5.521523299003391
17001,15.512534410422015
17002,9.70598486344317
17003,9.720267759757824
17004,8.458454597456019
17005,6.852441111031275
17006,6.497997024162111
17007,23.19905221140914
17008,15.023654723429186
17009,29.9238298305851
17010,16.853709931824177
17011,9.506059482158914
17012,7.5620244564653385
17013,6.158027261321015
17014,5.756503605261354
17015,5.614665893398584
17016,5.482793714465023
17017,29.170510414552172
17018,17.02832374676263
17019,9.762732007784365
17020,7.649189198735299
17021,6.221457574682796
17022,5.8056702663521635
17023,5.652462862996117
17024,5.491119360007217
17025,14.122712537767663
17026,23.336081040775607
17027,13.478525101475494
17028,7.1728193968759575
17029,5.12743218774506
17030,3.8571361059454032
17031,3.534081011492046
17032,3.402559879160554
17033,3.3265656836334028
17034,34.198685930340446
17035,21.48488824919477
17036,68.57121464832379
17037,44.5310414118553
17038,14.535317943637533
17039,12.8799080598649
17040,11.16232028770356
17041,13.095104762197245
17042,12.277907522580309
17043,28.668621804372158
17044,16.97563100699986
17045,9.791733251011548
17046,7.392854126030488
17047,5.9708556273975555
17048,5.602891546279962
17049,5.430341477928131
17050,5.311737614631744
17051,28.905992742896302
17052,17.242144861818872
17053,10.012272921424632
17054,7.732527015863168
17055,6.299643405618262
17056,6.008677807084848
17057,5.889734694825378
17058,5.7393249789477325
17059,7.994601140758519
17060,5.671362603745458
17061,20.576130458809327
17062,14.39501319957943
17063,13.028087244437224
17064,10.839877197271502
17065,8.552872910553479
17066,8.509144910459986
17067,27.955567796777487
17068,16.2387953572536
17069,9.174932786643874
17070,6.742401302825557
17071,5.5214925835670785
17072,5.217583172120541
17073,5.006613504421756
17074,4.866602104282213
17075,42.20871002524658
17076,20.109990033047232
17077,13.299997821340693
17078,12.473685811665488
17079,43.33037333534877
17080,23.167309910813227
17081,20.76141567426607
17082,6.525616287418403
17083,49.79461353533729
17084,31.04516749737207
17085,22.63856787614783
17086,20.253300394401503
17087,20.77202606488452
17088,11.208386798033178
17089,5.436756249740297
17090,3.4965209507276085
17091,2.3310478223732876
17092,2.0018497530296444
17093,1.8644489849832948
17094,1.773588031398608
17095,13.199626167713632
17096,11.702410061408845
17097,10.80629792527386
17098,27.838032777912957
17099,16.37532438367405
17100,9.595975034868959
17101,7.348463795035389
17102,6.074689550373191
17103,5.624977412061843
17104,5.418857962506834
17105,5.194524231551374
17106,21.861677533504885
17107,12.142482993851337
17108,5.855871058715962
17109,3.7846839522149813
17110,2.4682644067098214
17111,2.1431317353158463
17112,2.0572936589776796
17113,1.9656721366673608
17114,23.814559686707245
17115,13.238940391275422
17116,6.334184886443014
17117,4.14459316290703
17118,2.7732346141815896
17119,2.4670603647387503
17120,2.3740750349694646
17121,2.259280099929511
17122,20.82312147876253
17123,11.600539930306127
17124,5.946028937430818
17125,4.1089750227333806
17126,3.0294720113252964
17127,2.673871047434141
17128,2.536002192703005
17129,2.44570347044219
17130,22.491705912178297
17131,12.720402459890124
17132,6.9170208117510645
17133,5.063859992840378
17134,3.88346227262853
17135,3.549704536774704
17136,3.3929336000025425
17137,3.3139236097073805
17138,21.21347285684045
17139,11.675241806887886
17140,5.93199838186134
17141,4.0251703151783005
17142,2.864612985863487
17143,2.55044951650187
17144,2.396995381019484
17145,2.313730661773671
17146,21.21347285684045
17147,11.675241806887886
17148,5.93199838186134
17149,4.0251703151783005
17150,2.864612985863487
17151,2.55044951650187
17152,2.396995381019484
17153,2.313730661773671
17154,21.622381943137178
17155,12.043486948325615
17156,6.331951401065148
17157,4.43268038462579
17158,3.287273087451019
17159,2.913565569541092
17160,2.7733139441563806
17161,2.644997909378905
17162,21.434226890286176
17163,11.922919293306085
17164,6.114972921201166
17165,4.160231185562206
17166,3.0596966160013346
17167,2.7157434615902702
17168,2.5673507628030743
17169,2.4526609184488946
17170,21.4935979370129
17171,12.04241518742122
17172,6.235818908541864
17173,4.381455816238117
17174,3.2240000736984813
17175,2.8500382601212695
17176,2.6565577025910456
17177,2.5599837839181045
17178,21.74312789750882
17179,12.122061911698417
17180,6.303438928088528
17181,4.381558142267959
17182,3.2680294216875176
17183,2.9448337502874353
17184,2.812271167827482
17185,2.7431040030005573
17186,26.61285549244002
17187,16.528680833815194
17188,10.418814030301718
17189,8.26600527732495
17190,6.907181383572102
17191,6.551937774681249
17192,6.3855953094870515
17193,6.237895374819344
17194,22.223079190659035
17195,12.538896377416066
17196,6.658151957070525
17197,4.708282636352432
17198,3.587042034112728
17199,3.2672381345865316
17200,3.112196621200448
17201,3.0253648400751962
17202,21.71023017696608
17203,12.129268091633394
17204,6.398729389035477
17205,4.45486020024016
17206,3.2572954880532867
17207,2.926938522754896
17208,2.785739004148599
17209,2.7091822359163165
17210,20.89455627802895
17211,11.214689524809746
17212,5.385662708654726
17213,3.444858847028259
17214,2.2879081105411667
17215,1.9738355529974494
17216,1.860925939363433
17217,1.7664796418954638
17218,21.029753059814396
17219,11.19988611018543
17220,5.380011391990598
17221,3.410301555010568
17222,2.2667786881526464
17223,1.9888979047383588
17224,1.873641021869305
17225,1.771215175981556
17226,26.99698089789767
17227,15.819669554179635
17228,9.005366152068362
17229,7.024704672097878
17230,6.050289899926238
17231,5.6320105282485
17232,5.417530760416275
17233,5.3504272973357345
17234,26.97163855624876
17235,15.793471871392828
17236,8.960272574331222
17237,7.105153306444432
17238,6.1781780499200725
17239,5.729570182678384
17240,5.537684628101449
17241,5.458329708392862
17242,20.790500608589007
17243,11.088000858185023
17244,5.307542911963419
17245,3.352936231304671
17246,2.2401256849504847
17247,1.9099584172130706
17248,1.7901450368485232
17249,1.7263004315440706
17250,21.38018415747079
17251,11.798792242084865
17252,6.043018193442053
17253,4.110899794299909
17254,2.9696276074779675
17255,2.6482107875272183
17256,2.5055266502347284
17257,2.424678610718623
17258,21.879731876057207
17259,12.373448174813706
17260,6.566344698366569
17261,4.7330670161347
17262,3.586331579438354
17263,3.2530309374157698
17264,3.114875393161981
17265,3.0507864658039376
17266,26.536590165605702
17267,16.36986486543891
17268,10.335700134478767
17269,8.190303658422165
17270,6.849855552742818
17271,6.448460176298958
17272,6.287798329640717
17273,6.183303637881748
17274,21.419087431172073
17275,11.844200153031966
17276,6.079255130028584
17277,4.161799338602169
17278,3.0170277689953577
17279,2.687240244800625
17280,2.546872377584936
17281,2.4630778219745624
17282,21.403941755036374
17283,11.91592086317549
17284,6.123456768541599
17285,4.154872009145802
17286,2.9993114820379816
17287,2.632467173468271
17288,2.5201929660045357
17289,2.43572749155969
17290,21.011329422979582
17291,11.486642748909102
17292,5.630162018152214
17293,3.6667166741403596
17294,2.5522447122143124
17295,2.207828710110001
17296,2.0809453771280157
17297,2.0160408820961706
17298,21.649693524704002
17299,11.886362763188943
17300,5.893551021408735
17301,3.901930470167306
17302,2.756211588169248
17303,2.497188318924561
17304,2.335422375077342
17305,2.2324608975989366
17306,21.74791668304113
17307,12.119739617449584
17308,6.354755997410292
17309,4.401885484737508
17310,3.2354174872766945
17311,2.9427143369437037
17312,2.8101490989375106
17313,2.7291391375911327
17314,21.86113685375991
17315,12.215528293902953
17316,6.4670497788661
17317,4.564455126170083
17318,3.392818010639515
17319,3.1212657028826127
17320,2.9560678252352335
17321,2.86659455925776
17322,20.840324478358063
17323,11.31715316593262
17324,5.529361069609978
17325,3.6459420766672674
17326,2.4986272308739195
17327,2.1652238183518078
17328,2.0415886908866443
17329,1.9713278913612506
17330,22.266897200049414
17331,12.522676629941568
17332,6.710359571252627
17333,4.757499095775191
17334,3.5832219036257653
17335,3.27553759770372
17336,3.1497478189293
17337,3.0859904949109493
17338,21.357926307146197
17339,11.7801168282156
17340,6.026427751736824
17341,4.108359062182598
17342,2.978402967525021
17343,2.6527612004355263
17344,2.5138342740357
17345,2.4284891415603758
17346,22.011320482681676
17347,12.336171231037566
17348,6.567735827542253
17349,4.671466633000136
17350,3.4000704968046023
17351,3.1005812144936984
17352,2.943607985773886
17353,2.8403621484622996
17354,21.949300875998556
17355,12.14492682186446
17356,6.328518593988193
17357,4.45339320826021
17358,3.2482650299716913
17359,3.0235578663572853
17360,2.8556895487992757
17361,2.797876521289406
17362,21.19911104989845
17363,11.640243139468453
17364,5.881939678555449
17365,3.967674630567668
17366,2.8314832511413406
17367,2.5128912683229734
17368,2.3658209306356466
17369,2.285131955218819
17370,21.498946017068338
17371,11.89507593530538
17372,6.1470507620055495
17373,4.260921227756634
17374,3.075039184116089
17375,2.7708281714751184
17376,2.617849448692906
17377,2.5323938141840854
17378,20.68069856079054
17379,11.14284981263603
17380,5.3619980619483885
17381,3.4261450161792912
17382,2.2888810984118897
17383,1.958226618898386
17384,1.819271959202334
17385,1.7366772871341962
17386,22.05739234802852
17387,12.342040515178237
17388,6.540152076443226
17389,4.58417555333782
17390,3.455330187708066
17391,3.142706828016175
17392,3.007659379211722
17393,2.9180657880637426
17394,20.41709600048467
17395,11.08192154618049
17396,5.4017984431915815
17397,3.4529772727941457
17398,2.3588604600985095
17399,2.019907514523509
17400,1.8892356899682339
17401,1.8277501452098732
17402,21.555999900704755
17403,12.005703600582759
17404,6.321251614072253
17405,4.4339730495963545
17406,3.3355279088166374
17407,3.0166235198698823
17408,2.8543173778471695
17409,2.733397822872837
17410,21.97778433727828
17411,12.404539727760831
17412,6.633774044976215
17413,4.728371426339497
17414,3.6075793586733638
17415,3.2882582320595395
17416,3.1574698284442757
17417,3.0608978622437464
17418,20.088968417247656
17419,10.832329547826616
17420,5.158715636582594
17421,3.3146215804875765
17422,2.2296545357024184
17423,1.897924151461282
17424,1.7664244376675666
17425,1.6731196999001567
17426,22.102480651836593
17427,12.255269807617287
17428,6.353981579617721
17429,4.400006300222897
17430,3.222542985941108
17431,2.89600046722159
17432,2.7445101677553807
17433,2.6344296141231696
17434,21.631865981266795
17435,12.148519119157545
17436,6.3949585109225175
17437,4.550130682296608
17438,3.4166050047675998
17439,3.0578592345657336
17440,2.9322754166663723
17441,2.8517827600693404
17442,21.996077272796942
17443,12.028774721018381
17444,6.1327807705754545
17445,4.182232746109953
17446,2.965542386857664
17447,2.7139627744902652
17448,2.5867493138279847
17449,2.5226585801437804
17450,105.25197912941007
17451,53.481180393151405
17452,40.468796771186625
17453,37.61315583893103
17454,34.8849138603774
17455,22.1105628893361
17456,12.411239426040199
17457,6.668841397445057
17458,4.765966915111828
17459,3.603540429623601
17460,3.2923971718493705
17461,3.1186887682920528
17462,3.0284261801279486
17463,21.95109382177432
17464,12.28150308843314
17465,6.5754706141161465
17466,4.655892661217554
17467,3.5266265329778625
17468,3.233256700091758
17469,3.0750409781599672
17470,2.980821839421655
17471,20.584114864977668
17472,11.272035386739812
17473,5.63310673873246
17474,3.75978078692485
17475,2.6358449362634597
17476,2.297108167362326
17477,2.16588206972466
17478,2.0908278804908607
17479,2.9994268280061305
17480,22.207482863569137
17481,12.259692168816795
17482,6.3371533203638295
17483,4.39932735520229
17484,3.2039481505989995
17485,2.8992760286433077
17486,2.787233245910053
17487,2.665428511147278
17488,2.103712072920585
17489,2.7535092625660367
17490,2.6251344156825778
17491,1.845931539703789
17492,2.0800898429042154
17493,2.8936819971792844
17494,5.8929296624553675
17495,2.0473581703841646
17496,26.414904938134153
17497,6.73608114462732
17498,2.7411444590411866
17499,7.380497683677583
17500,4.3571145718741615
17501,4.648415660804979
17502,3.223640433667321
17503,2.5104350238484994
17504,2.0428615810033763
17505,27.462064109140936
17506,6.38667621822573
17507,2.0719443869949483
17508,2.925765877258928
17509,2.2556948681498614
17510,1.6092359402702858
17511,2.395988339394184
17512,2.4805654114567437
17513,2.2428365232162815
17514,6.834202537630242
17515,4.838713537595661
17516,5.147326142421273
17517,4.443871964025874
17518,4.239194520757962
17519,6.534976159693638
17520,6.504065648145961
17521,6.691687918077713
17522,4.800443667935776
17523,3.3281132639993753
17524,2.574547435040131
17525,2.0177215749599293
17526,21.016401776235647
17527,11.393095031664966
17528,5.543679139384122
17529,3.6053812193720782
17530,2.457233745380288
17531,2.134699978110368
17532,2.023286122526871
17533,1.922272779635761
17534,1.5400275910811074
17535,8.085810558147106
17536,5.751790303307814
17537,4.936781968983089
17538,2.1527273635242308
17539,11.762046346648603
17540,1.8000148909487783
17541,151.24363478394906
17542,29.742746952538134
17543,10.17619656829103
17544,5.787451175863173
17545,2.073709721057745
17546,2.168450579555704
17547,25.809025538631026
17548,24.315706927210368
17549,5.336166193114148
17550,5.572921794116591
17551,1.9395778962000176
17552,1.9357007921624236
17553,1.638804692833646
17554,1.320144510573801
17555,1.1459382948917418
17556,1.0743649092634826
17557,1.0224366996066563
17558,5.275736262867098
17559,2.9636248840362587
17560,5.371755895603769
17561,6.933396452346619
17562,4.99675960672307
17563,3.774041509878555
17564,3.0352693329234706
17565,10.175956375491028
17566,8.257620669165844
17567,8.194363417101803
17568,7.1375511105546146
17569,4.094754400268794
17570,2.76136246413096
17571,21.550663806067387
17572,11.726390514192907
17573,5.755073273541406
17574,3.804333459252108
17575,2.557072883541372
17576,2.2182664220644286
17577,2.096797553362879
17578,2.014335162971756
17579,7.050196103204624
17580,4.831890459747884
17581,4.777083461075742
17582,2.7199969924231198
17583,1.9192946160729913
17584,1.6953735224045094
17585,1.5907560670454444
17586,1.3940083301307402
17587,64.72043887660936
17588,38.02737999043336
17589,30.571850373572957
17590,25.228136590116844
17591,17.87872457675372
17592,1.1712535899141512
17593,8.537955919639042
17594,6.966482730438557
17595,6.410578672594356
17596,20.639767779240024
17597,11.072218229004305
17598,5.29042230899651
17599,3.39212789688087
17600,2.248504601621053
17601,1.9110092815331174
17602,1.781916500606271
17603,1.6806506284028488
17604,3.8623243891381893
17605,6.237587133467319
17606,22.007885650367463
17607,12.020007532229954
17608,6.203081414219601
17609,4.190714988185833
17610,2.9242976586114193
17611,2.630317226897715
17612,2.4669981401831005
17613,2.3920268223738548
17614,21.286118463655228
17615,11.552163681015802
17616,6.040454381038289
17617,4.05481377937004
17618,2.8635819922194146
17619,2.5386637904547893
17620,2.4225301824163745
17621,2.322350782499348
17622,21.08024641574763
17623,11.418039210863274
17624,6.008814417594456
17625,4.0430454086069725
17626,2.8634544284538004
17627,2.5524650412520344
17628,2.428069671152008
17629,2.3337325234573356
17630,20.940488032611466
17631,11.319647001765397
17632,5.90167124623658
17633,3.97687573130543
17634,2.858329510348228
17635,2.51240821639883
17636,2.356025008151268
17637,2.2648174115683446
17638,21.267970572852292
17639,11.519302170234457
17640,5.983566169234688
17641,4.023184665614753
17642,2.819115230734751
17643,2.5026604159602908
17644,2.382403326704741
17645,2.2896041880853346
17646,11.102747189536847
17647,3.6351386134791936
17648,11.099511941313388
17649,17.707750551168775
17650,20.463242059099095
17651,4.826930229210256
17652,4.649894715109256
17653,4.488929614816485
17654,11.604420365904907
17655,30.980105155124427
17656,8.008355623780652
17657,3.4569066282163368
17658,30.459984963495312
17659,7.464972181393934
17660,3.097710734931176
17661,29.86820168495561
17662,7.423556924328909
17663,2.9981317899383106
17664,32.16239680304928
17665,7.781634045799103
17666,3.116786787649545
17667,8.610540045335513
17668,20.2871194033764
17669,5.337047198601228
17670,0.9604876623459683
17671,2.082053623213607
17672,0.9590878921114858
17673,65.61220258170326
17674,21.134228274836463
17675,11.974446788973616
17676,7.555215982682628
17677,5.1932892804441355
17678,35.71251345767128
17679,8.557208856834306
17680,3.5916212307209534
17681,22.981201706867942
17682,5.441328596446671
17683,4.76121312251771
17684,4.157870465091339
17685,3.035999406420227
17686,1.5274763523396537
17687,23.360218232257328
17688,3.806593018659477
17689,5.492447969894204
17690,37.729953126088496
17691,10.22498788008365
17692,3.8853743105355507
17693,10.982695359546513
17694,15.389773430910367
17695,10.607230579706744
17696,19.7509039763167
17697,13.153052727966141
17698,10.5354017768456
17699,9.075456745430053
17700,36.0552385134936
17701,26.836752737141737
17702,2.7065918855759707
17703,3.536778599203203
17704,41.7905949935306
17705,16.068750560064963
17706,16.068750560064963
17707,31.36110225898386
17708,8.450436016736779
17709,3.1009242118940925
17710,1.2811574725031845
17711,15.824576673776615
17712,11.004894140397239
17713,10.027905536807644
17714,8.765696362883723
17715,10.010551350310962
17716,7.260402617072301
17717,6.891421617148013
17718,5.726787840279629
17719,8.396724277234458
17720,6.713093486559114
17721,6.132898504435974
17722,5.6940616405281155
17723,11.510202258785423
17724,9.525592521747825
17725,5.212118230955115
17726,18.05566067340027
17727,0.9196037523172206
17728,2.6770310161708446
17729,2.3296495357741724
17730,0.8574724175448449
17731,13.517416273922771
17732,11.244289784981644
17733,8.553365078254641
17734,7.225429475556571
17735,6.364303643492333
17736,4.520239614659301
17737,31.655514983080117
17738,6.86790630432205
17739,2.353707571703521
17740,10.575781816534572
17741,39.16368239066283
17742,22.641289762116024
17743,4.901460879522979
17744,4.514860370410823
17745,49.62544803143648
17746,6.370113356064775
17747,11.819598973243707
17748,16.351479957231557
17749,18.097385459023126
17750,11.206884717529485
17751,10.780865759461381
17752,9.889601342279281
17753,9.569731595083287
17754,9.441727695092645
17755,13.633284366519653
17756,26.15912927507382
17757,232.4738243067357
17758,53.03270962851961
17759,115.5367605542543
17760,6.2128395807927195
17761,10.079788376389725
17762,7.7757970444847615
17763,6.822746794329968
17764,6.470916096516368
17765,12.628458306051012
17766,31.75652865654797
17767,8.165429129220026
17768,3.8865663429749375
17769,30.944237186477267
17770,8.343804232280476
17771,3.99219186359939
17772,11.691205020690385
17773,8.553182455310493
17774,25.079267313042283
17775,14.073841701058393
17776,7.448476032776011
17777,5.270051761615901
17778,3.9156450408546704
17779,3.6107096470464266
17780,3.435566114738389
17781,3.2589577811691246
17782,10.269369312284592
17783,7.112327689189286
17784,5.773867634505818
17785,4.4350665127751965
17786,2.204045249840899
17787,31.977168294012216
17788,4.851041527170988
17789,2.350800726578803
17790,2.108737566735318
17791,41.57374452210513
17792,50.160197386201595
17793,15.999373571640877
17794,10.143729124318352
17795,8.570572330717223
17796,6.4228214710886675
17797,5.439245092032408
17798,34.94902594558984
17799,10.354652734031692
17800,6.009948888194942
17801,4.0273490605888265
17802,5.231226641359011
17803,9.596549014453709
17804,3.3874260670953658
17805,31.979365046057605
17806,7.150095417698309
17807,2.6801859406805795
17808,12.487984548902844
17809,33.969203711516855
17810,11.915957868005965
17811,5.727484720254338
17812,32.67296777299169
17813,9.611405247125038
17814,4.569978645006875
17815,32.93627161915304
17816,9.038735261511633
17817,4.499210061182816
17818,5.184850804254144
17819,8.684453460940764
17820,12.61702881803825
17821,5.7237268957766805
17822,6.667133310120076
17823,9.794194904835594
17824,14.314783804217802
17825,20.941627299834764
17826,31.99711303060261
17827,8.174809421178692
17828,3.699159997482368
17829,31.75547058016218
17830,8.169384332506638
17831,3.8467085690525584
17832,31.54930593083768
17833,8.198305666166195
17834,3.8941139035180057
17835,31.321596042749665
17836,8.168239908669955
17837,3.903137603810063
17838,24.740019267295267
17839,7.067519833655285
17840,3.4705631309435625
17841,33.16703271252919
17842,8.175884810833956
17843,3.5655914039729257
17844,8.617820454388626
17845,2.6795372326772386
17846,61.80471706563812
17847,9.102504404131036
17848,10.26618454080106
17849,6.5599338683836965
17850,4.28675268178121
17851,3.7109654191437498
17852,3.319011093016517
17853,2.911940254880827
17854,7.7909533517275396
17855,32.03125724521338
17856,7.522826855506299
17857,3.0984006704046365
17858,14.662257195925859
17859,8.250111724144503
17860,30.677861836029532
17861,23.45694661594148
17862,18.752460955663665
17863,12.255294254287184
17864,29.178124190050625
17865,7.644221639475534
17866,2.355558231337972
17867,29.30459342011389
17868,1.6425323320296976
17869,46.82659184044309
17870,0.942689918721941
17871,21.36963050227309
17872,11.741709097948034
17873,6.010185538161197
17874,4.045745831686841
17875,2.9444073749043587
17876,2.6248714430502353
17877,2.4727732705711354
17878,2.406815115643869
17879,18.747838892718207
17880,7.645524220171377
17881,3.0167072337549907
17882,28.442421803807562
17883,7.116165938921623
17884,3.196245017376176
17885,64.35626091115917
17886,2.7001444602404487
17887,33.567213110984675
17888,9.035059331345293
17889,4.741898629701403
17890,30.770554188128582
17891,6.973723682877646
17892,1.9876355506053633
17893,29.844449256234412
17894,6.798214554951857
17895,1.9080473205641375
17896,10.305013631165723
17897,444.3427207956001
17898,259.3647726015801
17899,170.92351265058076
17900,141.7493835374927
17901,119.7763202564853
17902,36.536371284692954
17903,448.90928302614435
17904,254.85988707668582
17905,177.34047148899282
17906,153.19634260107858
17907,119.72673235663316
17908,38.44341560402438
17909,28.477953542916506
17910,16.745905715321307
17911,9.639787968175893
17912,7.312936053061392
17913,5.8948936002549095
17914,5.4609319022852105
17915,5.306866995606198
17916,5.233198049369438
17917,28.774751622052673
17918,16.610304356785235
17919,9.544546511693072
17920,7.129176345453454
17921,5.713955199843319
17922,5.317345092638609
17923,5.114811550183338
17924,4.9677735964336485
17925,15.736299587014974
17926,50.18689264918299
17927,26.487861154602335
17928,23.449282334653297
17929,35.24358040111066
17930,9.716056849019669
17931,3.9940838611563914
17932,33.21308179220392
17933,8.231837554574803
17934,3.357821927130443
17935,3.5173230709919414
17936,1.7531406815525947
17937,2.954292519797071
17938,3.2790431562601765
17939,5.929448421258687
17940,20.582700983822317
17941,8.377596523970862
17942,13.473546898051383
17943,175.7439184956861
17944,5.718423116667563
17945,31.475199346489656
17946,7.268395354414675
17947,2.7095128051014306
17948,38.202302223771866
17949,10.578946496812197
17950,4.434190783379525
17951,3.557897194885043
17952,31.103717216376733
17953,6.9098465573832275
17954,2.3842048259012705
17955,12.709578939003455
17956,5.478027204349145
17957,10.0630150739733
17958,1.970655138739081
17959,2.6542196745245366
17960,4.935699888186456
17961,4.48663652456013
17962,39.24635336835135
17963,9.674784319452217
17964,3.5837060962547325
17965,30.41281660237521
17966,6.978007996347769
17967,2.261577277493843
17968,33.76238166668247
17969,7.457832208702216
17970,2.439796870564428
17971,2.3244612929892177
17972,7.447287100360802
17973,33.41915701785291
17974,7.7421138909985014
17975,2.8293561314341944
17976,30.820870799697794
17977,8.068170606747774
17978,3.660111662168621
17979,29.809730844886996
17980,7.392267130690036
17981,3.0540769214253363
17982,35.743081706730294
17983,8.31666447111421
17984,3.220219999285559
17985,35.70116472961216
17986,8.592892388704424
17987,3.503919434798375
17988,33.97143585900789
17989,8.956245249843898
17990,4.218282929325288
17991,30.564504748964637
17992,6.571614169690848
17993,2.227603514829275
17994,22.796897122575174
17995,13.150341813132924
17996,7.54438448841153
17997,5.72573388497525
17998,4.5971209203385435
17999,4.2489973327636585
18000,4.133192450030756
18001,4.018215176112019
18002,35.56934801367919
18003,8.908803563893585
18004,3.871871218188961
18005,31.504910105472852
18006,6.75822757332794
18007,2.1976088234752815
18008,28.332384634270028
18009,6.28232790141303
18010,1.9807791336774936
18011,29.17198928393284
18012,6.651670406524092
18013,2.2734177210951763
18014,5.942030065345448
18015,4.521756195153887
18016,4.027626197586207
18017,3.587719628083573
18018,6.737506676849572
18019,28.273595655407387
18020,6.590000281679813
18021,2.2794069873076017
18022,37.616957966240044
18023,10.865514529491115
18024,5.941403324519923
18025,35.12144635871482
18026,27.143445270098148
18027,15.78857318208659
18028,9.023395874179315
18029,6.84288726945973
18030,5.422187800835404
18031,5.069465385627485
18032,4.872797901841696
18033,4.762852830166151
18034,28.907910834785834
18035,7.152980074493444
18036,3.159101466528086
18037,11.195692016613814
18038,22.393362696381125
18039,48.26912495130459
18040,15.754260866498813
18041,10.604547269504403
18042,8.942866983876542
18043,6.2458312027517415
18044,5.265266370036827
18045,16.672217322458472
18046,10.708658917561651
18047,8.62227061998788
18048,6.920345031334547
18049,5.620003852267844
18050,4.992441728769708
18051,15.355451260402175
18052,9.65517929296615
18053,7.979742190724587
18054,6.539559790023828
18055,4.7925358007298255
18056,20.30195613411537
18057,12.852815094552605
18058,10.934753033358463
18059,8.543380954419922
18060,6.6203665383219015
18061,5.608591731288551
18062,54.83561268104701
18063,42.42523149602809
18064,11.073365640939665
18065,8.08149221574004
18066,6.524336047371298
18067,5.330457636529208
18068,36.914494136669674
18069,44.07956437681592
18070,33.604978065788956
18071,9.9169784490193
18072,5.260622397705031
18073,33.40209475129563
18074,9.946734131636184
18075,5.73761130959591
18076,40.88507697671303
18077,23.24091293095048
18078,4.102806283800936
18079,20.2200326777255
18080,13.04186684527633
18081,10.748659642241124
18082,7.297016639915987
18083,5.980276058295164
18084,21.62360606519134
18085,12.955349276180332
18086,10.257061535775978
18087,7.257590267477967
18088,5.766185319054399
18089,20.482069310092083
18090,12.787981996125156
18091,10.348543862793521
18092,6.750242476609586
18093,5.455962085191089
18094,12.343693561512167
18095,9.342894569783558
18096,8.077606021618163
18097,6.958122444044128
18098,2.1033697131921536
18099,3.043430600022739
18100,1.297422420553781
18101,2.958621519864212
18102,3.4628675724267755
18103,39.86639535545413
18104,37.18992719068416
18105,11.054142961779522
18106,8.355739879558136
18107,7.969310393009609
18108,6.692630428411053
18109,15.110504184493253
18110,11.528975237758422
18111,9.188884289742512
18112,8.163395857518193
18113,2.392902589858843
18114,2.1076064366963263
18115,6.29178998575354
18116,7.0830106850872365
18117,7.274830469514582
18118,5.196647308285019
18119,5.033994548953617
18120,3.8907162101280655
18121,2.955267106976049
18122,4.895771977747118
18123,2.791250774622577
18124,5.7976961098768705
18125,10.205850247982209
18126,24.9114158670001
18127,5.965954118485048
18128,2.2126607167414383
18129,2.752435868022817
18130,5.287524399896515
18131,3.987922405913234
18132,8.522781072259004
18133,3.433835761877223
18134,24.30828441601108
18135,31.058610557324805
18136,7.223975454098482
18137,2.7078616593314417
18138,31.375625581362563
18139,7.285630469701186
18140,2.7006508784886547
18141,9.78652018877477
18142,14.902262497841022
18143,11.970058199422837
18144,30.726528814392534
18145,6.907692683163034
18146,2.596580614872214
18147,30.726528814392534
18148,6.907692683163034
18149,2.596580614872214
18150,6.548811673757419
18151,33.35255303847494
18152,9.010690857855089
18153,4.103741065117245
18154,2.5363239003803812
18155,15.168649353676145
18156,9.778578820787931
18157,7.894947137723641
18158,5.519753063874605
18159,4.67840720449771
18160,11.296369158298658
18161,11.347255509188239
18162,9.824420660376052
18163,8.564031193912419
18164,7.443496880405117
18165,29.263280713199872
18166,17.789654861153355
18167,10.78479406472313
18168,8.648204473513992
18169,7.242376896071475
18170,6.696120648801993
18171,6.397950112420142
18172,6.3623473189597695
18173,41.30335098390063
18174,6.978066976604081
18175,30.215846268587693
18176,52.01481812269995
18177,7.259341152807252
18178,30.778036871121035
18179,30.43497430167559
18180,58.399763721144566
18181,31.385248694883376
18182,7.333539590542438
18183,2.66829568050698
18184,31.459380292295663
18185,6.158616974270979
18186,1.6096090465418835
18187,33.19844460371456
18188,7.120124885373666
18189,2.359097005673578
18190,36.57850704255201
18191,8.860260100284918
18192,3.789290136481726
18193,8.134462411220667
18194,11.736034958485291
18195,5.5421523672400514
18196,5.491302917530076
18197,4.257744990173384
18198,5.57143814240162
18199,23.21684581029816
18200,7.026321945155453
18201,3.585825778568952
18202,9.698131980016234
18203,9.89914067934881
18204,31.37459796168693
18205,6.933004854901142
18206,2.5387418956532146
18207,31.728685686490167
18208,8.714233272685252
18209,3.501084952355354
18210,4.485801244513412
18211,16.197303724886368
18212,10.606374152520797
18213,8.959571152232579
18214,6.929351777930325
18215,5.409800780637148
18216,34.09902305571316
18217,7.166332986772954
18218,2.3010358970021736
18219,14.557078346490991
18220,32.14911466755661
18221,6.243943834866479
18222,1.5828851560532438
18223,35.9593421201293
18224,8.728604301237292
18225,3.752538688004093
18226,9.127883360431323
18227,8.35063528094324
18228,6.724695586710432
18229,6.168040266690328
18230,6.115006980427068
18231,6.420317078678508
18232,5.415605267829972
18233,4.990385199826171
18234,4.436598170727618
18235,14.21827415535878
18236,2.258308884779882
18237,2.2867492949662886
18238,6.155683788779772
18239,32.45277116843678
18240,8.083367959127521
18241,3.6103513118805077
18242,4.619140220646071
18243,3.8249033213490957
18244,31.04600721977488
18245,6.833563491537672
18246,2.40906903391218
18247,2.8625532966442244
18248,8.553447087176488
18249,36.531942367623515
18250,9.447832629038562
18251,4.279974442580054
18252,36.056458328224195
18253,9.066104442297178
18254,3.9260452623066855
18255,1.3591195057064522
18256,17.49930209036935
18257,4.520581772660783
18258,3.1137908162335375
18259,3.380283376871568
18260,6.887411292103065
18261,6.848987079333851
18262,4.875940133659849
18263,3.1868989375887415
18264,70.26830827268252
18265,17.695726582182242
18266,14.650070972017714
18267,32.747680877037915
18268,9.644754715174386
18269,4.272328944526144
18270,31.771879810741478
18271,8.342804389521019
18272,3.9634002631756635
18273,29.44847911489171
18274,17.693453826315036
18275,10.527424764599282
18276,8.1304569375048
18277,6.632131711479816
18278,6.250019800374432
18279,6.0576069856078565
18280,5.967439700309816
18281,29.719180161814847
18282,18.21307184150355
18283,11.263004751656572
18284,8.602153254503392
18285,7.105908971646936
18286,6.711483659655642
18287,6.527896614037717
18288,6.409929810908744
18289,33.10161824265109
18290,7.480336315106909
18291,2.718366215954222
18292,2.911584527452519
18293,36.35754128166273
18294,9.700177200612675
18295,3.556444493374505
18296,32.389873972082206
18297,9.216229664424016
18298,5.004718791990895
18299,25.302616418609567
18300,15.6027550384478
18301,9.48708155742845
18302,7.274702145242339
18303,6.13225414240604
18304,5.775744311582878
18305,5.597961724307371
18306,5.5187084387901555
18307,3.6453372842858904
18308,12.820850432845337
18309,14.046170213325865
18310,9.385702217990195
18311,2.823552333303617
18312,2.883876223372005
18313,32.698958060901994
18314,8.722007540584565
18315,4.479148656346779
18316,1.753208523183952
18317,2.5530917392279977
18318,1.7234795444173767
18319,1.3447430190601934
18320,2.025508647318774
18321,2.49360894704205
18322,35.69158070901342
18323,9.728601797837571
18324,3.817924144047343
18325,35.785105457447294
18326,9.821900560734656
18327,4.012418942817738
18328,4.408712953484982
18329,4.1259711039412785
18330,97.04699935160266
18331,33.25323209168651
18332,11.439599718434238
18333,10.949729500693675
18334,6.339657744489366
18335,38.502370115986764
18336,30.086342822032798
18337,22.698727805331714
18338,12.724770921257367
18339,5.621305551295622
18340,33.72888366335402
18341,9.563664356357869
18342,5.338737690739295
18343,2.4967129221443303
18344,2.544345937045518
18345,33.27379247786027
18346,8.095709041791645
18347,3.415879543161865
18348,30.067056700015684
18349,6.48524839025434
18350,2.0697251447526464
18351,11.027191141407345
18352,10.968044353439698
18353,1.294050399612238
18354,2.905550624638815
18355,4.193854660872395
18356,3.4778362642603957
18357,90.99800766945597
18358,43.46912677006796
18359,8.35029083539435
18360,33.04684405290685
18361,7.311368020158522
18362,2.9568624555649707
18363,3.5538282347429995
18364,2.5514339541126585
18365,2.2890162028022596
18366,36.56008137928604
18367,9.96051735554313
18368,4.266498921281887
18369,33.44844110784624
18370,10.32749033088265
18371,4.6130201901824375
18372,35.92824029457382
18373,10.057640935450717
18374,4.125246320574105
18375,3.3911908171256195
18376,12.99051029063201
18377,34.42038882715521
18378,9.900515739232208
18379,5.0131557828816
18380,34.98944980148859
18381,8.800783298775299
18382,4.351147929812504
18383,44.714814156442
18384,14.026938860913061
18385,7.7891023673820685
18386,34.86741640372705
18387,10.437887538180012
18388,6.176862728060389
18389,33.985306585185555
18390,9.950417875643131
18391,5.801991606686842
18392,35.5155007786185
18393,10.252519194777609
18394,6.438748987809374
18395,30.827394710023764
18396,7.127478335832517
18397,2.3019962182701574
18398,7.394109074379391
18399,6.476409870235343
18400,5.0265261946591115
18401,4.619547749554484
18402,4.470334736828847
18403,2.0975758871145005
18404,29.560218395745835
18405,6.353034366414714
18406,2.040513147613002
18407,3.154986022407413
18408,32.4042009048731
18409,8.90982634650123
18410,4.604986899249735
18411,33.19116896261877
18412,10.597288280631496
18413,6.029053237946869
18414,32.708915440980086
18415,9.464447388392571
18416,3.845624816000648
18417,34.27703789117497
18418,9.39026602171655
18419,4.694224101367075
18420,37.68791394135015
18421,10.493975431143774
18422,4.396781874440688
18423,34.52460081689625
18424,11.88360673835303
18425,7.330414359634647
18426,81.79253527928923
18427,49.246562772217025
18428,5.366143549207229
18429,38.67310325007686
18430,11.384358271613399
18431,6.14171510994289
18432,33.191678204515725
18433,7.69565971012032
18434,2.186023859010803
18435,18.254557395338608
18436,5.2349581821885245
18437,17.966607092208854
18438,5.253004804878442
18439,4.624606497443326
18440,3.1221260403741877
18441,12.153739888729021
18442,3.3065850168409816
18443,12.895187804322088
18444,1.984410435448631
18445,36.16276689128655
18446,12.066987342857965
18447,7.632420420589673
18448,36.98018116930853
18449,9.316821740127804
18450,3.870029459688289
18451,4.652012549972257
18452,3.673629547991024
18453,11.131321437848134
18454,10.359617978619749
18455,34.59052227738147
18456,9.406246084151979
18457,5.393734670971927
18458,1.4789201404586845
18459,2.218775266898057
18460,8.930551815023712
18461,1.3142989329017718
18462,1.785192918863173
18463,7.550892059519811
18464,2.3108208501137395
18465,1.7635063120219594
18466,8.110748181380895
18467,5.371041846558355
18468,2.1801594493671126
18469,8.842396814381832
18470,2.447350433958869
18471,36.161728384321194
18472,9.385169464866555
18473,3.1643222906251567
18474,36.72596914635788
18475,13.743650702932195
18476,9.59387435243798
18477,37.737823305367435
18478,10.278776667577903
18479,3.8985336086582243
18480,39.60823923435525
18481,13.138778626256451
18482,7.945805767218966
18483,3.342036811696281
18484,3.443311533471593
18485,21.36742659929834
18486,18.289350203833934
18487,4.758055160659549
18488,1.691989084004527
18489,30.12199810215994
18490,39.40338288854251
18491,11.53924682384055
18492,5.7183062855714235
18493,4.498373442144327
18494,3.6655184030833903
18495,2.5835322214468315
18496,2.180975487720879
18497,1.9178960277420751
18498,33.29955935938281
18499,8.710841356309265
18500,4.175070430644105
18501,408.9679641320031
18502,248.48256614658675
18503,167.67115016743622
18504,149.82123362198757
18505,123.96089007800555
18506,12.531170264698709
18507,31.37367480022564
18508,23.923735961555334
18509,19.420074293496043
18510,13.667036455263064
18511,22.162022992657924
18512,20.637125901521646
18513,18.83732606718946
18514,16.01022412421521
18515,13.585235753222854
18516,6.325100964892592
18517,31.99139752514271
18518,7.830912440229783
18519,3.3223955785064527
18520,3.6532082261862775
18521,8.698391788607868
18522,6.775749265033927
18523,6.348441883176507
18524,5.422073136128002
18525,28.38981214563716
18526,16.42547086557693
18527,9.202075060653009
18528,6.791574956143572
18529,5.401086878558623
18530,5.000490470705972
18531,4.791218039866139
18532,4.691655900072998
18533,9.403029047584214
18534,9.433160742941624
18535,5.834942770227378
18536,31.978371914136005
18537,7.615197457517074
18538,2.908095582237382
18539,13.772895121011043
18540,10.146314050662024
18541,32.643170453269605
18542,8.590539556260335
18543,4.085920252799585
18544,15.950687298797707
18545,7.257237921913732
18546,5.440125143890723
18547,7.529821841755488
18548,41.504189722828514
18549,13.17838695856448
18550,7.602158063221223
18551,40.79162164071277
18552,12.760410936743984
18553,7.290663908998736
18554,36.275522338997675
18555,11.514257784433148
18556,5.2288936334491485
18557,27.244792062777897
18558,16.523281249684175
18559,10.405653127606193
18560,8.899790507211192
18561,7.702604745031496
18562,7.364574842323815
18563,7.163150217770475
18564,7.020552590086778
18565,31.134999213592863
18566,6.964315994601983
18567,2.3548967654567745
18568,3.718325393359087
18569,24.440550361974232
18570,24.57950292969117
18571,30.119380695887582
18572,7.239940260610327
18573,2.777083867186
18574,36.23533368351974
18575,8.327616375230983
18576,3.0896254138472283
18577,31.239572165334724
18578,7.731311864719836
18579,3.2631856226642144
18580,6.271321267742075
18581,57.82767044953474
18582,80.19091783401694
18583,30.796214281899985
18584,6.802890791199177
18585,2.1943979043108213
18586,31.430976595227857
18587,7.094613643273378
18588,2.425680826032884
18589,29.336688391355374
18590,17.479127485104385
18591,10.460270547617597
18592,8.237269386748455
18593,6.808835369315024
18594,6.433666551953973
18595,6.256601859394063
18596,6.1463122266982
18597,30.093131079551547
18598,18.331651680307566
18599,11.21198932098676
18600,8.645215318871918
18601,7.1850579022215815
18602,6.805826839909384
18603,6.6052814729944025
18604,6.517122996113204
18605,7.515302820854469
18606,1.2904657903916332
18607,2.2911281966507966
18608,2.060230061380433
18609,10.929146689972413
18610,8.837770048557957
18611,2.213773466878993
18612,26.857871034709884
18613,7.208872764623349
18614,2.858394118333611
18615,25.55981350606261
18616,5.313475111900255
18617,1.7149093392596328
18618,2.2114024814446496
18619,2.011987294273136
18620,2.2867502846743837
18621,2.2101545349164518
18622,3.700010906514294
18623,4.11796463020934
18624,4.079534838768576
18625,31.50909087443475
18626,7.046614240002223
18627,2.673985090999718
18628,7.327734948639123
18629,4.3200256330831435
18630,24.21923944685239
18631,90.41245017023388
18632,91.50358860290169
18633,12.078356161694707
18634,9.070996737814383
18635,7.386254598596104
18636,136.44083621859843
18637,9.761330115295367
18638,7.111878551346
18639,37.23062519546257
18640,9.848363459241055
18641,4.168272807510643
18642,16.25239961649369
18643,9.589519076458878
18644,7.941230670661065
18645,6.3539438497040415
18646,4.183353992319487
18647,2.959772515010442
18648,4.435756403582267
18649,16.88714413286976
18650,11.835338122919305
18651,5.403162368418752
18652,11.026267162258254
18653,4.107918764097623
18654,3.6950911425009774
18655,5.554411161773919
18656,3.7177691577312486
18657,4.70821733286327
18658,4.639357139731694
18659,4.851087160113242
18660,10.963293320921046
18661,27.474290663507038
18662,6.648364391049297
18663,2.9113064311609267
18664,2.904695389881182
18665,2.150318096165471
18666,81.43171786233424
18667,19.779985065813
18668,20.18145774359602
18669,2.338398761311882
18670,2.2252694495882004
18671,4.7952802681485895
18672,8.393556693988463
18673,4.466526963800973
18674,2.7080063698879093
18675,4.136564666106169
18676,2.6043804420023866
18677,4.383810947895769
18678,6.805967347312177
18679,3.8770630223369626
18680,1.4572617860633859
18681,2.8076747226678016
18682,3.8387918452187106
18683,3.4571699535356974
18684,3.70867155258791
18685,1.482179447724652
18686,39.26176840323836
18687,14.433489144649672
18688,12.581793128946801
18689,16.246072438728994
18690,8.922375540390053
18691,6.8093527953066895
18692,18.142772061380857
18693,10.343386690789455
18694,18.97015845958182
18695,10.263242611589565
18696,17.619173844684404
18697,10.43587140857184
18698,6.17715944334285
18699,3.821728774085697
18700,3.6127210105192002
18701,3.3140073341377345
18702,3.3656325117795642
18703,3.269144240894093
18704,2.81861378138129
18705,2.5709162269793837
18706,17.460303259598817
18707,12.25945391049759
18708,10.044813338121148
18709,8.743148086477943
18710,136.31390745450756
18711,2.8732386854454477
18712,78.41104935711397
18713,30.91647609949712
18714,7.030866720361964
18715,2.8734677982982264
18716,37.05571687171644
18717,10.463331961187128
18718,4.8000376668475635
18719,6.446557949402908
18720,31.885152511311798
18721,8.937209879991258
18722,3.5968350218777867
18723,33.909808991211385
18724,8.976064521860733
18725,3.137140031610313
18726,38.314606398410646
18727,12.148323337163266
18728,5.417779010916761
18729,38.070148813672425
18730,11.889256722443907
18731,5.272639985853543
18732,76.35997321692881
18733,25.562813359438437
18734,11.553407026618832
18735,8.043035540081878
18736,4.995142821918991
18737,17.747857638447165
18738,8.97049710303775
18739,5.347319348961603
18740,3.269784872253128
18741,4.64828024432509
18742,4.744242246144434
18743,3.9851407582283174
18744,3.66946157592964
18745,4.581359414369441
18746,32.61307030018187
18747,9.139450748704448
18748,4.175357507165876
18749,75.85733467391911
18750,17.038125939777924
18751,13.427127078015925
18752,10.43499036496732
18753,25.61280979513491
18754,11.50943072388694
18755,6.813732294208481
18756,35.97205828558852
18757,56.90882469278847
18758,34.562744771225454
18759,27.819609291009648
18760,6.223652555236694
18761,2.3891060422097032
18762,30.08356018004618
18763,7.679641192440831
18764,3.6795522057913117
18765,2.024670537733792
18766,26.223795795973572
18767,10.523434490253045
18768,9.642007943291254
18769,10.5512164043235
18770,10.149116606031143
18771,36.763088508172615
18772,10.056093849963078
18773,4.518256637253116
18774,36.12927960707998
18775,9.71663005400123
18776,4.286678346077726
18777,17.33470724469292
18778,11.812651477648764
18779,366.4927907055071
18780,202.76436591674047
18781,130.95332239765293
18782,111.0356179147726
18783,90.49684390360935
18784,9.045000955248652
18785,6.488118281163144
18786,5.403120551342367
18787,2.067127104693183
18788,1.8287512294708825
18789,33.702921698734905
18790,10.621115064992788
18791,5.315894450039826
18792,33.052802795292
18793,10.194118403842314
18794,4.9796497571942036
18795,33.601060827722954
18796,10.790482580445069
18797,5.441415899252237
18798,32.67313986615545
18799,10.856077198996086
18800,7.510362345345928
18801,32.60838534863761
18802,10.076093980024805
18803,5.768325610231652
18804,9.459510755235149
18805,1.6468647083902879
18806,21.977131675445413
18807,14.154767345523997
18808,11.774382261555788
18809,7.994508482916732
18810,6.762929062542106
18811,55.29387544757122
18812,35.81484947794885
18813,10.232542691579749
18814,6.0266744304236335
18815,30.917098061823907
18816,9.519103524862013
18817,5.833503964939629
18818,34.4171382375625
18819,9.561316305718437
18820,3.8453775307345013
18821,33.9578128308689
18822,9.91818221441969
18823,5.575885241960288
18824,166.80474857129667
18825,93.25419907133497
18826,63.61653397682117
18827,50.08379017951022
18828,40.37276442090774
18829,11.787785992712854
18830,8.678474879352448
18831,6.83679823810551
18832,6.121331925588713
18833,11.259621807550237
18834,8.30336561669106
18835,6.611668264190691
18836,5.925439816976781
18837,4.851371056926864
18838,2.826032775964004
18839,6.425976843133933
18840,7.199275212336954
18841,8.786354264550281
18842,46.593752974920044
18843,12.03128020405626
18844,16.87153953995157
18845,18.567015666693727
18846,30.214924207524394
18847,7.096850237622489
18848,2.904256349470571
18849,33.083451920154495
18850,8.552035118701568
18851,3.2783366915972825
18852,38.323976665885056
18853,10.51856157200013
18854,5.186976292709842
18855,6.324952843102072
18856,37.82451701065479
18857,34.937310390005365
18858,9.78641617467062
18859,4.764843253294092
18860,26.073740552119354
18861,6.084230455808526
18862,2.4521034876717724
18863,13.617143481033162
18864,8.174956970739501
18865,40.43969721212666
18866,11.229933490969676
18867,5.378047182800168
18868,2.01996855551828
18869,9.173637740180487
18870,7.584548337281298
18871,2.647179037365016
18872,2.8037025493468204
18873,2.9805154605411883
18874,2.925785707720934
18875,31.508504508489438
18876,13.95379324322973
18877,10.226835277646874
18878,2.2423907376989325
18879,8.543562047859723
18880,6.860094249388085
18881,6.172319926615913
18882,6.099785114142241
18883,9.744802331575892
18884,40.6488206038263
18885,6.208179518396765
18886,3.997200166138395
18887,9.609525526869142
18888,10.890732803698027
18889,6.83959624859189
18890,5.4137103701776494
18891,3.755253704515683
18892,3.00132181704104
18893,2.6336048779107806
18894,23.159866736974998
18895,17.000797763177864
18896,15.493747707272707
18897,11.911456222801798
18898,10.778616441137348
18899,9.852023716706494
18900,35.631799520395866
18901,124.1481687722189
18902,9.594430554126422
18903,41.72887268020238
18904,2.448457533673847
18905,4.1096233148951775
18906,6.649223905561327
18907,12.353903001849762
18908,11.350338740777405
18909,13.182787535116384
18910,1.430102555668423
18911,0.9457030378093823
18912,15.354040140530499
18913,35.25471279018105
18914,7.982473708442114
18915,3.0563777520950426
18916,37.9810587681511
18917,9.681217526613773
18918,3.3825054467956006
18919,31.811934429655295
18920,9.167865205629122
18921,4.856747735684011
18922,31.889066594871384
18923,8.109734904708738
18924,3.6537145688656656
18925,24.20785857732287
18926,7.280622469864351
18927,4.314751602606997
18928,26.67793762359173
18929,20.918874460496806
18930,18.932142953177564
18931,16.450910666312694
18932,12.771386028158023
18933,11.50390906467586
18934,33.87423361327156
18935,10.72428823160545
18936,5.5207935197814795
18937,37.10491378161707
18938,9.98927597353853
18939,4.0497103973460655
18940,37.897175879852895
18941,10.584467154646951
18942,4.170965502163221
18943,5.622358793974645
18944,1.7171832676577365
18945,29.7152421874912
18946,3.6251832602085248
18947,34.85790514172749
18948,8.985723743452496
18949,4.173799369438086
18950,11.549113993990606
18951,13.534342132521937
18952,35.480681356019765
18953,9.915305483914848
18954,34.21702546340047
18955,8.570352702517248
18956,3.990457677358786
18957,32.87492711055275
18958,8.195208528417687
18959,3.019221599468601
18960,2.9417992423614256
18961,2.9855798970299054
18962,32.44958860191775
18963,7.782179712749301
18964,3.3684587637570798
18965,5.235628115376858
18966,4.416444375899673
18967,2.411023164794239
18968,2.4583380210236703
18969,3.6201840311167572
18970,3.554794453937259
18971,4.689178223009316
18972,4.594981550049625
18973,4.938670071270676
18974,4.365093413128832
18975,4.682113962717267
18976,17.44149072116398
18977,15.740339840508412
18978,15.235113486989938
18979,15.289459205457742
18980,10.111807280733046
18981,52.33678498179452
18982,9.721212865349418
18983,1.600001431388848
18984,38.803044284516524
18985,12.028903346913062
18986,5.366493571326077
18987,6.868745794333742
18988,6.452355155970706
18989,23.95073905278723
18990,17.161591494357907
18991,27.087462091923648
18992,6.691009158503686
18993,3.1194803917941765
18994,4.285835158562461
18995,3.3606716241391803
18996,10.998664071695332
18997,36.41873136378511
18998,27.075093709057747
18999,22.846304666687615
19000,18.512719534509593
19001,15.112911607098951
19002,13.528963922751013
19003,13.937043243451702
19004,9.489187644329208
19005,8.086414321378477
19006,5.908173469833832
19007,5.281343519957549
19008,4.774235006967699
19009,9.015161501007185
19010,22.16196085254051
19011,33.08603615228975
19012,9.60984268305226
19013,8.17511204179267
19014,37.88564097925007
19015,10.323295076434635
19016,5.040828180244379
19017,9.462437633959718
19018,4.802228247635558
19019,8.022598351935216
19020,10.980130257240893
19021,10.394404076540216
19022,18.100843886152052
19023,2.7895226299195066
19024,5.739092438912843
19025,68.89298361992205
19026,6.4732111139257364
19027,46.48935310639959
19028,9.716440142309773
19029,34.00606083030659
19030,7.970788391762114
19031,2.216938678463128
19032,3.5543566158304776
19033,38.239392160106156
19034,12.582049440870914
19035,5.8775386196187185
19036,5.705237180318763
19037,3.016356687292697
19038,2.3135598161021944
19039,35.52361566913453
19040,9.820093727072384
19041,3.5168226182446203
19042,7.364051767153222
19043,35.155092634418324
19044,9.702824733179671
19045,4.083383200542357
19046,1.8756629556746778
19047,2.093794972962769
19048,2.4177551383999027
19049,7.1098067923807795
19050,13.233701118964653
19051,4.109832894250745
19052,32.94497739778622
19053,8.161386745874896
19054,3.5748051020556106
19055,2.3406679048931194
19056,33.266543440864965
19057,8.897215544393337
19058,4.148959926464451
19059,32.03671185186435
19060,8.515195976422696
19061,4.052604459613902
19062,3.5498370098897505
19063,4.118243160136582
19064,5.73379890189876
19065,4.933439134962149
19066,4.676870411075201
19067,11.630892897526332
19068,9.196155336895309
19069,8.236886067902033
19070,7.076915977332627
19071,13.765815449589061
19072,11.23826517744724
19073,9.6901392233225
19074,8.838454720336088
19075,4.466614563940997
19076,7.763801160991229
19077,6.305457502482417
19078,5.200038236026414
19079,4.026712999155306
19080,6.272040710099913
19081,4.955299588724322
19082,4.621816920551143
19083,3.8633720225459154
19084,15.060345557513486
19085,5.535271469976581
19086,5.026615757090845
19087,4.266555988108622
19088,3.553168976757844
19089,2.9139991150724973
19090,32.734185912585254
19091,10.669413387560448
19092,6.67280159476957
19093,27.577443620356114
19094,6.730465186558364
19095,3.031630178674889
19096,36.55673835302852
19097,8.67418346360392
19098,3.0532304530925347
19099,4.0856420439218875
19100,8.348634719503268
19101,6.845475953970915
19102,5.537014750280997
19103,4.710910368001407
19104,2.913400788505116
19105,5.019654669386884
19106,3.8854634327856057
19107,3.630792969420737
19108,3.3999445054568858
19109,64.33653626452343
19110,31.578528534195694
19111,8.569480639261778
19112,4.284372792426588
19113,7.744066761013334
19114,10.579052065728565
19115,3.6207664318479944
19116,3.5652561587751457
19117,26.03182694482293
19118,5.843378229228462
19119,2.057646931078722
19120,26.03182694482293
19121,5.843378229228462
19122,2.057646931078722
19123,6.57689799607707
19124,8.818956350373753
19125,7.3958072708606215
19126,25.046605470623472
19127,14.654695963736524
19128,8.363323619321285
19129,6.459007585020274
19130,5.154171462277985
19131,4.914886137165118
19132,4.613399350279509
19133,4.42724398410789
19134,3.133627227522528
19135,23.120442003307158
19136,32.67024214653587
19137,6.7817358571403865
19138,2.031069049690503
19139,28.884694200668694
19140,17.756677379607222
19141,10.666958144355913
19142,8.350843015051014
19143,6.808480121274193
19144,6.312355949388465
19145,6.121114871597483
19146,6.104965930729959
19147,22.658827900386925
19148,13.074709845972084
19149,6.969008615973294
19150,4.97043563175793
19151,3.7464514978367833
19152,3.432398931240541
19153,3.294078256390825
19154,3.230207837815819
19155,25.032044248626224
19156,13.824787375623977
19157,7.408990887028365
19158,5.14632899762602
19159,3.751475305293816
19160,3.419521573291559
19161,3.3494787295715525
19162,3.3072622106972607
19163,22.360098567851637
19164,12.755203238041464
19165,7.0093049047235745
19166,5.075314403793886
19167,3.9059767289766167
19168,3.580744999501518
19169,3.428900471398471
19170,3.33163701230579
19171,20.056001495555805
19172,10.16776649395453
19173,11.905725256524002
19174,3.947018141279794
19175,41.78407896249876
19176,14.08011438612012
19177,9.511908290259903
19178,36.61003525867157
19179,8.402234645351061
19180,3.151044094855756
19181,32.33865535158055
19182,8.981228930407994
19183,4.6833313153771705
19184,31.766775526848598
19185,8.4420845580336
19186,4.226943863700329
19187,5.902697230821641
19188,3.401927159593182
19189,191.19181478093677
19190,87.90480212443029
19191,32.47471764466838
19192,7.157421193930155
19193,2.439565250605846
19194,27.767660950303508
19195,8.619496591413926
19196,3.807273727531529
19197,31.44057845432035
19198,23.13454683602066
19199,12.726200149916298
19200,6.627109220406953
19201,4.623122206787267
19202,3.4488759551580674
19203,3.1369797541033804
19204,2.9176864111020677
19205,26.265293179281542
19206,14.874140792044253
19207,8.180086571294666
19208,5.897356214452518
19209,4.4765869193064125
19210,4.188129070859044
19211,4.0237809262442195
19212,3.863096323853179
19213,18.5155920085392
19214,11.892144390466463
19215,9.762670070221079
19216,6.876473128487797
19217,5.745960880724354
19218,5.137585348021707
19219,32.325526710183794
19220,9.272876621482935
19221,5.3191280759436435
19222,4.33168445598851
19223,2.011094513146622
19224,3.668449418508734
19225,3.645653756625062
19226,2.3041447464678138
19227,4.983816113005697
19228,8.279121935993677
19229,17.765740702118514
19230,12.015512523659662
19231,36.6033962436551
19232,9.204948379490185
19233,4.172635324007098
19234,3.677340734235922
19235,13.534402578181222
19236,64.12683225948136
19237,3.4214140907480806
19238,4.6262576242329505
19239,4.632220484720673
19240,9.872957644406412
19241,22.833696702326023
19242,5.950031648341414
19243,17.38864480644056
19244,11.034157832147146
19245,5.276673727610173
19246,28.43001161261669
19247,25.54740870207106
19248,23.83572558987438
19249,20.451244230788816
19250,18.622392263924112
19251,6.177220770647432
19252,7.336792538297363
19253,11.341685627328278
19254,17.000741139388822
19255,6.296496583089333
19256,31.562750556073233
19257,231.47604650702235
19258,8.164690085522743
19259,7.824283496582708
19260,1.4899957528291148
19261,9.838101714423885
19262,3.0767053262287694
19263,28.852817811192743
19264,4.350010336145635
19265,8.12739358812577
19266,3.794485417939436
19267,31.723863144484834
19268,3.9835888488181688
19269,29.82290946861896
19270,6.823200064850927
19271,2.618070521352614
19272,29.82290946861896
19273,6.823200064850927
19274,2.618070521352614
19275,34.704877135051014
19276,8.458304238020881
19277,3.8112665809283044
19278,18.629702070347417
19279,11.499851565853488
19280,9.755680702798024
19281,7.2028083381742105
19282,5.884322926318463
19283,5.169186005119104
19284,19.4660049067256
19285,12.714755420685469
19286,10.240821145090456
19287,7.0361927525650305
19288,5.8048482357939735
19289,5.058538098161519
19290,35.04896645788932
19291,9.789207996115083
19292,4.858329242697256
19293,4.9171295730635105
19294,2.655102777618585
19295,2.699274096809859
19296,2.7381672449006933
19297,7.374955628151335
19298,16.13082561814115
19299,12.079463095550336
19300,6.505166852145441
19301,4.887622875931928
19302,61.84809544345006
19303,32.30448512654504
19304,10.224409926683085
19305,6.376781255378954
19306,33.45933865640309
19307,8.266740120573159
19308,3.8967024204035123
19309,35.622298496845616
19310,9.15150568387369
19311,4.7251656983392
19312,36.9507603110153
19313,30.455280831332956
19314,6.135298886731539
19315,1.7998364751962022
19316,10.020136224683256
19317,6.860748542902607
19318,15.989773996435678
19319,1.593597967645275
19320,32.39410090825305
19321,7.92779952739653
19322,3.5178722577294286
19323,32.35847545317634
19324,8.543790270009513
19325,4.11283466919973
19326,36.37204579846687
19327,41.979570047433
19328,16.489418065782882
19329,11.217336859453226
19330,10.121055238071284
19331,7.892047913775212
19332,7.155249273015689
19333,6.230830508977776
19334,60.39143606722032
19335,40.420792987868445
19336,39.701540242893245
19337,55.03564458240538
19338,6.890623027099022
19339,3.4883181147319346
19340,24.79017470575881
19341,26.55986554443561
19342,28.845208511172423
19343,24.882613927500383
19344,26.014435452891643
19345,30.810885091775397
19346,2.906393012140809
19347,3.42577085291382
19348,3.5729917560330673
19349,19.555579979727803
19350,72.0049871962237
19351,3.7932376263503924
19352,1.114331672157389
19353,36.82989593556423
19354,4.095468804900834
19355,62.19070483333908
19356,37.29623980420612
19357,9.978877098276225
19358,3.9871198483293435
19359,3.1931989685873923
19360,3.5063906761726376
19361,8.493919458250083
19362,8.045458501681956
19363,30.431331347831286
19364,18.3073431941536
19365,11.090212083742419
19366,8.801769358829441
19367,7.444923401399291
19368,7.518405520622924
19369,7.40065176954317
19370,7.142648619051842
19371,33.12908990874222
19372,19.963239147888963
19373,12.47089970893851
19374,9.882640397937172
19375,8.304880654354928
19376,8.41413973263072
19377,8.32998780982193
19378,8.051806978788571
19379,28.76770191786262
19380,16.87285299486772
19381,9.874968865636147
19382,7.378009219905271
19383,5.966635563989439
19384,5.70294215056543
19385,5.499912348710288
19386,5.327108841584387
19387,14.068352049121952
19388,9.349816381610587
19389,33.68335354074871
19390,28.4840969915857
19391,10.490149612690901
19392,6.8866666864433945
19393,5.644391477887995
19394,3.9743357096787664
19395,3.3086737610556156
19396,3.0891054605369046
19397,12.82859597721596
19398,7.508127154673774
19399,6.169793537830216
19400,4.561233968554451
19401,3.7103867185483113
19402,3.2493332744243233
19403,4.733696063783109
19404,1.841355700896687
19405,13.680342996824702
19406,11.768685235102526
19407,37.02439936834481
19408,10.977124236180698
19409,19.64513402597059
19410,13.72075892318997
19411,9.927641994965045
19412,7.999371600207672
19413,6.173234271841276
19414,5.362193363526698
19415,5.15494772925426
19416,9.248477307017188
19417,13.242204995674031
19418,8.74807062325733
19419,7.092188027842411
19420,5.008887943628388
19421,4.207417160792613
19422,4.114086757486847
19423,3.6675962773244297
19424,30.942030717883632
19425,32.274107947454944
19426,109.98579022819276
19427,164.4697725174608
19428,99.34056429873114
19429,32.859447079648206
19430,25.86990322601706
19431,5.582520836812846
19432,55.39088106771147
19433,49.099924024594706
19434,2.111934972039539
19435,14.447226378535198
19436,4.730214069928006
19437,4.331980034581749
19438,26.278763619936715
19439,30.492064305644895
19440,7.0118461675712656
19441,2.666550837887716
19442,31.83419380602277
19443,7.6943764342182055
19444,3.4592943548686956
19445,11.888051523709816
19446,9.491323623827572
19447,24.733984922785716
19448,20.53667045378068
19449,17.640499526236926
19450,17.92068175888066
19451,13.638565289069314
19452,8.92584810586827
19453,7.531417395347144
19454,5.850832934234519
19455,5.100358578263692
19456,4.8920971910087605
19457,4.427900269092173
19458,20.960236592990967
19459,13.63505443715567
19460,11.049865988012321
19461,7.4392741132932025
19462,6.591610867894661
19463,5.743716875609993
19464,5.324354701143562
19465,21.18076904990893
19466,13.0837634175967
19467,10.65314026677537
19468,8.55611655710732
19469,6.366483159419943
19470,5.9097179757711285
19471,5.260077485104639
19472,70.01764054406168
19473,30.581458651636925
19474,8.531476867825788
19475,4.5777023546579585
19476,34.138466022827416
19477,10.120411585012636
19478,5.934015362703468
19479,31.650927467873693
19480,7.488674460401329
19481,2.991879906528903
19482,30.739667727780294
19483,6.062366293433596
19484,1.66571151822507
19485,3.3865037091380454
19486,32.06447501404746
19487,7.1067471573649925
19488,1.9697621355701018
19489,12.576341683039727
19490,10.645099728641071
19491,12.22442319954412
19492,1.8119491635964198
19493,26.35829983027206
19494,5.732202296733129
19495,2.0290817442349898
19496,19.811274386828423
19497,10.534604078098262
19498,24.373494426735327
19499,5.907539910857342
19500,1.9501110999014744
19501,4.596834687789675
19502,4.706920130489477
19503,3.6914761912284857
19504,32.48794959502207
19505,8.562675385329511
19506,3.871239869466488
19507,31.60699019704758
19508,8.020721448380817
19509,3.556002421772768
19510,19.092978549151184
19511,25.568217157962984
19512,44.59016819982686
19513,21.54551929008008
19514,14.70007030325653
19515,12.382982372452753
19516,9.071519945601395
19517,7.475412509570777
19518,6.460164589635658
19519,10.39595084034278
19520,2.70524510635995
19521,3.239167136144145
19522,10.541288280311594
19523,33.992635965239145
19524,8.058635111131498
19525,3.4158213045133525
19526,6.348138531671568
19527,25.626670920309323
19528,2.378950237611133
19529,4.374291480978278
19530,54.518436129059296
19531,13.916509119811465
19532,6.946069232420706
19533,5.954159091948357
19534,4.867415565419023
19535,7.117773536336146
19536,5.618906366906357
19537,58.81186152543191
19538,5.969818202388013
19539,30.758668112711867
19540,7.727200632330426
19541,3.0189395112270283
19542,31.2688044053012
19543,6.788017859644665
19544,2.3438988453487783
19545,116.44475030288301
19546,4.318554676239705
19547,4.505711409023229
19548,14.84717689184593
19549,4.264296520632348
19550,3.4814281765548847
19551,131.6292085150747
19552,36.74212895095514
19553,38.044686484861394
19554,11.259801578423465
19555,6.867902287099517
19556,7.639404514372247
19557,7.589033633425304
19558,3.991246826432712
19559,4.473792446183329
19560,4.646923547858873
19561,13.997016077607714
19562,95.88542102910917
19563,49.040628902245494
19564,16.774020907322683
19565,40.48609919696264
19566,32.501229457285646
19567,44.84171470285881
19568,6.0067288093257165
19569,7.086595622347248
19570,12.156270739147184
19571,57.8991129335303
19572,30.57461613434217
19573,6.9620299572158455
19574,2.5729109567871182
19575,9.12218350567124
19576,7.507786452646814
19577,12.427379919512193
19578,44.301299005497626
19579,13.715184403056139
19580,10.836993817571065
19581,9.835272134331824
19582,12.359532308185063
19583,46.671645783030776
19584,14.512805985776044
19585,7.201938513767216
19586,21.705793450673653
19587,13.96911519484936
19588,11.408859557042042
19589,7.802717823956339
19590,6.5475123833402105
19591,5.805483023099811
19592,14.173489293900833
19593,11.695687297160218
19594,8.115557572849658
19595,6.829316973235141
19596,6.187587512568426
19597,58.557782545832495
19598,39.707495324163304
19599,31.684282639637555
19600,23.492660029127723
19601,21.666609686310228
19602,18.526688688810836
19603,14.288423477907973
19604,1.6568986998966118
19605,6.472953544480088
19606,16.767194493121732
19607,3.879572737436441
19608,140.5335475048065
19609,19.683182672132702
19610,73.26219734985322
19611,47.63877759011399
19612,31.777285014223438
19613,22.635944912244582
19614,17.245008135422285
19615,16.770569677120214
19616,16.135575156566777
19617,30.59450887088737
19618,6.26951376560323
19619,1.7935112905263417
19620,5.21236474289346
19621,30.229834095181356
19622,7.236332213240911
19623,2.067845415830083
19624,10.684115131130037
19625,6.9185417674046
19626,5.762166456791668
19627,4.246623817138072
19628,3.6700886503504906
19629,3.2396405778296105
19630,14.311916857478922
19631,9.186117230389625
19632,7.385508518994712
19633,4.9641787468009655
19634,4.552341494618808
19635,4.243652747568715
19636,14.762046118711543
19637,9.387642690447855
19638,7.6526835956119745
19639,5.265746937597013
19640,4.492509343670717
19641,4.189104828810879
19642,21.04671317367343
19643,13.90425667610785
19644,11.43896754664783
19645,7.423859943049573
19646,6.458352702538344
19647,5.543295388606977
19648,21.39804313797302
19649,13.785123594858831
19650,11.393818326459215
19651,7.6644638082689704
19652,6.513675722118437
19653,5.548239772667282
19654,21.43591980025758
19655,13.931990107106031
19656,11.369655203624303
19657,7.611281173511931
19658,6.722496319606109
19659,5.6698098921610764
19660,31.6641778818504
19661,8.044399761056166
19662,3.0464155529375834
19663,3.315824992332262
19664,3.5305444104797514
19665,4.620573511885668
19666,21.8716942076796
19667,20.05510216312195
19668,19.449941029630775
19669,18.686976798285855
19670,3.405261629236155
19671,18.4206968673458
19672,18.12618483037111
19673,17.114146445922135
19674,15.340918553023553
19675,4.446686914937439
19676,5.2737581863573055
19677,35.00161768514638
19678,8.57209724713194
19679,3.3246767032340943
19680,9.383072500811078
19681,6.027071499892468
19682,6.508102424567274
19683,13.083086590338226
19684,8.628445227370248
19685,7.244617789005478
19686,5.403444199303134
19687,4.735087219042937
19688,4.448979194760591
19689,13.441574236724815
19690,8.839719043847147
19691,7.425340797035753
19692,5.535007835491133
19693,4.746651339454671
19694,4.437237313587098
19695,13.354863381101438
19696,8.845266702437751
19697,7.486339558649261
19698,5.527020852961
19699,4.759721350463595
19700,4.4371130828280245
19701,17.089693745021123
19702,10.898683295463945
19703,9.182305785040512
19704,6.9141138993202755
19705,5.683484077706231
19706,5.488542101413629
19707,15.418002074463894
19708,10.23783239932739
19709,8.511087197628754
19710,5.980178237509448
19711,5.077967289182395
19712,4.717525762055777
19713,23.336399102895566
19714,3.6305164024228107
19715,32.330164409091566
19716,8.995555781765823
19717,5.339705815250211
19718,32.58017713460205
19719,7.960009683982438
19720,3.075554676758646
19721,161.0233151352708
19722,31.650596011804634
19723,6.985668178628223
19724,2.4515100468726434
19725,30.68593310761446
19726,18.10248123367622
19727,30.31598853251087
19728,7.420231046494235
19729,2.443978175858463
19730,2.4021186544893522
19731,14.87673934736756
19732,2.1556725561314254
19733,32.00544163788244
19734,6.590861346251936
19735,2.131346314568709
19736,31.79850158225206
19737,6.682535573839165
19738,2.1540492881454454
19739,35.66037907617523
19740,8.303645082815464
19741,3.205497382538756
19742,34.294477087485795
19743,7.45184888783208
19744,2.409689578006955
19745,30.207579056692786
19746,6.412355707282144
19747,1.9186232242210013
19748,32.52569268902261
19749,7.288171294811643
19750,2.773546782472414
19751,34.89076431156751
19752,7.746351572275764
19753,2.6641818499128247
19754,31.20850674551407
19755,6.857283776482435
19756,2.484134521460937
19757,32.08248121899647
19758,8.153809797469329
19759,3.7120905417438887
19760,31.449193850474032
19761,8.167743857342622
19762,3.8671375311457905
19763,35.900160581940426
19764,7.985533297716048
19765,2.86094766634401
19766,5.003181796883644
19767,1.5740688527649862
19768,1.115256188076877
19769,4.1229332380928465
19770,4.603374292193217
19771,5.302231631410345
19772,5.656715787813785
19773,33.25239029526367
19774,8.39436357072708
19775,3.1580573626236115
19776,1.874736301206252
19777,2.838586461519336
19778,2.867168138806104
19779,2.427137363060589
19780,16.785915685494363
19781,2.690861057578315
19782,3.0287550515821082
19783,5.128449958487279
19784,7.275984724975575
19785,4.846746179235439
19786,3.148554835123749
19787,10.078675621398215
19788,5.29198591106082
19789,3.742627113339529
19790,8.243938619215472
19791,12.823155302546496
19792,3.8562234354827534
19793,9.288731609751734
19794,5.204340566159136
19795,35.59937310697093
19796,8.078799549644174
19797,2.881695322508045
19798,7.0394022243161904
19799,123.25646316904243
19800,88.90197223369898
19801,12.61582965700307
19802,8.461027683957894
19803,7.054803216426215
19804,5.063311395530571
19805,4.462992684511935
19806,3.9837662616682237
19807,11.575336160910096
19808,7.716286766460028
19809,6.283534630455817
19810,4.485540880433575
19811,3.7519935311705606
19812,3.478419955114954
19813,3.3279523494704146
19814,14.474338851569634
19815,9.478823376330032
19816,8.570853087044975
19817,6.625704843214809
19818,5.821274300610549
19819,4.866116889142243
19820,16.884475881099352
19821,11.378062434955023
19822,9.328026376934636
19823,6.503729901695196
19824,5.461376949794669
19825,4.801940896960583
19826,18.264507843190174
19827,12.10635445465266
19828,9.991608478550656
19829,7.064525504889181
19830,5.620476915046156
19831,4.70991526241207
19832,21.59106706329252
19833,14.010037983332724
19834,11.426020464435625
19835,7.653632696528337
19836,6.720773585396574
19837,5.688872194395113
19838,15.203893122558132
19839,9.680857334947405
19840,7.807816475796696
19841,5.067968503378239
19842,4.123497694085722
19843,3.771432041814056
19844,21.755518014142243
19845,14.081303909914055
19846,11.433576424567846
19847,7.624368220472259
19848,6.5639512708712875
19849,5.654686768138712
19850,20.578309761715317
19851,13.488886319198215
19852,11.120058472611982
19853,7.5157341271445235
19854,6.63823937808472
19855,5.686406239836126
19856,20.930078189145032
19857,13.585110330441779
19858,11.201788717530484
19859,7.598562695565901
19860,6.621816814634089
19861,5.589701009179204
19862,15.195682885968832
19863,239.4332412542703
19864,131.9367394542508
19865,93.84231793931183
19866,84.55160036073931
19867,66.13448729913391
19868,3.393112706001824
19869,58.70689785776244
19870,2.87153632619893
19871,3.0585778373858963
19872,3.53164012842925
19873,2.2608793910698823
19874,35.333721953446975
19875,8.460585102912379
19876,3.6593549448195577
19877,37.76667925322456
19878,8.106808784679142
19879,3.595392247001346
19880,3.6458718438309954
19881,9.937249262951603
19882,2.6451892160461545
19883,32.05102406343988
19884,10.012488023543028
19885,5.626556944898428
19886,28.340581409068417
19887,16.401796550913698
19888,9.233920027920123
19889,6.753752956943272
19890,5.397433690143735
19891,5.028103921727418
19892,4.84395918880234
19893,4.749936320014989
19894,2.835470879853046
19895,2.763911139246045
19896,31.32397266337415
19897,6.9021925814771485
19898,2.2693074121568486
19899,27.493752147079334
19900,18.484359441478144
19901,32.806373904838324
19902,32.14372553748965
19903,30.609454406205913
19904,7.841853733269839
19905,3.734885047144953
19906,31.258083747203237
19907,7.294985048087032
19908,2.8392853659416066
19909,31.287504295891242
19910,7.9122332522011085
19911,3.76482480789255
19912,16.580722334622177
19913,12.337726754482238
19914,11.02923483370986
19915,8.75087937828205
19916,8.272626593857389
19917,8.439523038224507
19918,19.738926393498375
19919,25.47466236008256
19920,6.6231856097415
19921,8.023275927297849
19922,4.94598543422488
19923,2.391265802207613
19924,1.9659028072251052
19925,1.785867748577365
19926,1.707066406485423
19927,1.7143241144080426
19928,32.8245553924162
19929,8.012243919014049
19930,3.3356285661164775
19931,3.563891834279043
19932,3.563891834279043
19933,31.310344067471853
19934,7.226941761178046
19935,3.0147158046852867
19936,32.545599202970166
19937,7.515841336946667
19938,3.2488233330607095
19939,32.38127065649041
19940,9.71479343898517
19941,4.072237563130594
19942,39.493458301535775
19943,8.624043281407806
19944,3.7527255772172854
19945,14.70853092183328
19946,5.4944864097758135
19947,73.0008230867975
19948,18.947005108496036
19949,31.849116529950855
19950,8.077019313855743
19951,3.5690644338683377
19952,26.54315104531651
19953,3.1663181322828
19954,6.481838990880544
19955,5.070353688615282
19956,22.56746576774234
19957,13.024868021956923
19958,7.1470676134367785
19959,5.0586307890586895
19960,3.8221770477080037
19961,3.5330392053844144
19962,3.368030826734253
19963,3.314704238398668
19964,28.1517342833922
19965,16.306758489584748
19966,9.172990444752381
19967,6.911660141672001
19968,5.5098717312573715
19969,5.082884329191328
19970,4.887132074797552
19971,4.797790409981287
19972,28.116296174339823
19973,16.27490064005506
19974,9.186305140152266
19975,6.855328671282056
19976,5.47761707721123
19977,5.043625397764012
19978,4.841556944165848
19979,4.750265052378605
19980,38.006054055892015
19981,12.137117577025961
19982,5.526823943949487
19983,8.129664844926213
19984,10.281281572853164
19985,8.202806496031027
19986,114.70613413939353
19987,115.86526374639118
19988,26.93429496002253
19989,9.479703024625985
19990,6.75197091364953
19991,3.311877691373487
19992,1.625662562298995
19993,138.96093884675048
19994,3.5049962223391313
19995,2.449124690743429
19996,2.241104557007593
19997,1.3131928037139216
19998,2.4586969566655363
19999,5.266640404738267
20000,32.6413757449828
20001,8.261522796265904
20002,3.6254802542097235
20003,31.503003514927514
20004,6.899540357721267
20005,2.4356135976694575
20006,31.503003514927514
20007,6.899540357721267
20008,2.4356135976694575
20009,31.388011523265966
20010,6.854067058970098
20011,2.480069845668752
20012,32.10634707855833
20013,7.151276997868027
20014,2.6668918451665995
20015,4.53478980058544
20016,4.5023285645412034
20017,4.70857360236748
20018,31.942933428471296
20019,6.605324355634483
20020,2.0820221265987464
20021,32.049466837007756
20022,6.932723559615751
20023,2.24112168908998
20024,3.426149285512561
20025,30.67991948192205
20026,6.632753304085092
20027,2.0259728685915115
20028,33.25452669100902
20029,7.069331692617904
20030,2.2136662371475344
20031,2.619055534575237
20032,33.10488280110929
20033,8.561911107836348
20034,3.707035722276687
20035,36.51359045360498
20036,9.22426364456614
20037,4.12662719091807
20038,32.409314142161826
20039,8.122877552793575
20040,3.685502991057958
20041,34.42374907895998
20042,8.171191496294218
20043,3.432084606550936
20044,31.626350150601887
20045,8.091636438546837
20046,3.6789408056197144
20047,30.610101107459943
20048,6.677410316989025
20049,2.072364606763283
20050,2.971077898150491
20051,6.098781836944989
20052,6.092639321221806
20053,5.966771440837572
20054,32.72473796921821
20055,7.62119968779329
20056,2.760460142656278
20057,3.9658612686383603
20058,33.54322820965094
20059,8.885220687376233
20060,2.8581196680428205
20061,34.80615072494039
20062,10.016738075460456
20063,5.650438373122187
20064,5.281642016535683
20065,32.957868482735385
20066,9.396109095475065
20067,5.015633346951892
20068,25.85665241451783
20069,15.317587398330177
20070,9.011258841635915
20071,6.792449604637914
20072,5.481505040795401
20073,5.234575295766086
20074,5.069773165547258
20075,4.987895151569305
20076,28.221944428163905
20077,16.66768490738207
20078,9.490678753465161
20079,6.975373611608298
20080,5.36785888723969
20081,5.070563847155931
20082,4.990292291780917
20083,4.843511584648181
20084,46.663469464548186
20085,45.60287707877666
20086,15.757365102144846
20087,6.907887227411072
20088,3.0601628721850735
20089,5.087210051985568
20090,3.8065594002893253
20091,6.705039440616501
20092,31.95598080810149
20093,7.695936786802899
20094,2.458595966428504
20095,30.67436657742637
20096,7.178139796158805
20097,2.201532800882224
20098,32.58833150273287
20099,7.831265446155349
20100,3.2911744078620084
20101,29.413447130697513
20102,6.153422648851137
20103,1.8892836218443485
20104,29.206299591414073
20105,9.13852282021136
20106,4.492455356135013
20107,31.739725230643735
20108,9.769396379832733
20109,4.809226504816615
20110,29.464079087033763
20111,9.279291315037062
20112,4.551839630659165
20113,2.341109855491741
20114,28.961854346078972
20115,7.292992041410257
20116,2.226833227884881
20117,30.823925616186802
20118,8.417156694808877
20119,4.33497919576541
20120,8.971170041883887
20121,103.8703441866793
20122,5.236162336818788
20123,16.976439744224354
20124,15.748479785513391
20125,36.298824200536416
20126,9.528111711124971
20127,4.5528885285027085
20128,24.20425863406144
20129,5.136121339964806
20130,1.4312527207593928
20131,37.594732002605824
20132,6.044391004910247
20133,6.120712821164035
20134,3.5688737748970736
20135,6.835992045576269
20136,19.610122924813197
20137,13.399021701991526
20138,11.876428062108022
20139,8.680548209896461
20140,7.361627274262203
20141,6.63955456044353
20142,4.751769435032266
20143,1.9894949760902327
20144,1.8683297879394205
20145,4.4206376650647465
20146,33.3924130302932
20147,10.373947173856255
20148,5.868598707405888
20149,35.59024167367001
20150,11.126909785544182
20151,6.569985970224849
20152,18.231222938566557
20153,5.826628553527879
20154,2.3814997375666516
20155,2.6036205902825054
20156,18.231222938566557
20157,5.826628553527879
20158,2.3814997375666516
20159,18.202227157141152
20160,5.7826978303931025
20161,2.313104672029991
20162,4.490277400269768
20163,4.1045950085735905
20164,31.91652449810095
20165,7.978155249406694
20166,3.6156674015712396
20167,5.722059506977772
20168,31.102798559058012
20169,7.174208509704413
20170,2.889220365561595
20171,17.372524087378377
20172,18.40064747881204
20173,14.141369189395824
20174,22.746132085721307
20175,15.371685558959378
20176,3.0799310818181875
20177,4.719415273092338
20178,5.929938279072364
20179,30.167135857055868
20180,7.006638163870847
20181,2.725292253670006
20182,9.087227140342296
20183,2.4101572775169697
20184,5.4962653354541295
20185,4.660479162782071
20186,91.40402403530643
20187,51.96148636343978
20188,76.5323714089472
20189,21.7203137988352
20190,2.355803517700397
20191,12.740533822628652
20192,20.293956288542596
20193,32.50266498249343
20194,8.485013290594962
20195,3.975674962624271
20196,2.3464931296757126
20197,11.838212591854852
20198,14.766779199443985
20199,12.270550474704553
20200,9.250999843777768
20201,3.235078188601997
20202,6.252155310535326
20203,31.187444280211437
20204,7.441791984975151
20205,3.0193985478076004
20206,32.266113766142574
20207,6.835993604240184
20208,2.1919478458225297
20209,31.596653230032015
20210,7.561654610893155
20211,3.355955078827478
20212,31.981998969696427
20213,7.493545046236283
20214,2.987983993885497
20215,27.234412559197146
20216,32.552559091597665
20217,15.111409337023034
20218,12.756572507096317
20219,7.194336758187606
20220,6.518138813885486
20221,7.486673849375987
20222,6.859478823902085
20223,10.58484423277813
20224,3.922628056875894
20225,17.299152235420642
20226,40.50475090109843
20227,15.884496252678057
20228,41.915902855658764
20229,42.8283001191069
20230,50.1969530920155
20231,3.5291311593540646
20232,32.3227730263816
20233,8.79483014079189
20234,4.122524665761686
20235,50.60439648347946
20236,7.298367197483194
20237,3.7438801650880507
20238,23.369627619533066
20239,18.07970197249815
20240,15.231209639481916
20241,11.341443014851967
20242,8.805593405829244
20243,8.149712056432758
20244,6.241706769357514
20245,39.03479067238042
20246,11.459538255710887
20247,6.198381024626092
20248,39.06458940514694
20249,11.579074132292092
20250,6.245323525089711
20251,34.26470892918988
20252,8.636343733991055
20253,3.6455093829551384
20254,22.960739902664933
20255,27.829510465541233
20256,27.59686149683283
20257,13.505926516216821
20258,10.943635979417635
20259,7.173279015711155
20260,5.710166105502333
20261,4.3544641170112985
20262,3.387820647642671
20263,3.0643990182269865
20264,3.11752957358948
20265,94.79935239077751
20266,115.30870428951934
20267,129.33869050538377
20268,188.39136477708254
20269,113.73099576094432
20270,22.428173886203577
20271,5.676574827715899
20272,6.543259464188387
20273,3.608850813048616
20274,31.6754256973108
20275,7.244170197440603
20276,2.705946320611198
20277,93.03528593095493
20278,87.29079002994965
20279,54.739097365163026
20280,32.859060451523135
20281,19.56036163708461
20282,12.206265658555676
20283,9.512685897895047
20284,7.602170181900064
20285,7.054363052460625
20286,6.593514585056043
20287,6.363292369147121
20288,3.842787509675909
20289,22.234443649027913
20290,12.625871448908338
20291,6.796511844181389
20292,4.783754551152289
20293,3.6484700982818477
20294,3.264893401503218
20295,3.1314351115704167
20296,3.0871946860523956
20297,22.258690142588904
20298,12.665859066986977
20299,6.848888546383913
20300,4.853212662745751
20301,3.657155567267638
20302,3.3067331806327496
20303,3.1451580837679316
20304,3.097824313315364
20305,5.012905352595099
20306,26.45948626948617
20307,6.782804329572935
20308,3.4256144157132264
20309,35.993914979882845
20310,10.559700082324458
20311,6.014127887906177
20312,36.11807321041973
20313,10.348240927412363
20314,5.444852207438586
20315,24.728949477702127
20316,5.001107204665551
20317,1.3725383859940634
20318,1.438382448856855
20319,4.907973901190884
20320,3.750246637128002
20321,5.014956712758158
20322,3.1197748338664204
20323,2.86946808210588
20324,1.9457155821898717
20325,6.942656363464311
20326,22.310375958325242
20327,34.5738639282007
20328,9.74766480922993
20329,4.454506455426153
20330,30.800371222109405
20331,8.961532948415666
20332,3.6545467289828286
20333,30.849654610651573
20334,7.872933110384515
20335,3.5310333402218106
20336,30.99828347892413
20337,7.5234440328400405
20338,2.370884276063079
20339,18.494367626943838
20340,26.67917007152736
20341,6.046237004309009
20342,2.0048268322775775
20343,25.74957585642277
20344,6.430275712440224
20345,2.097051562171215
20346,29.94429845797401
20347,6.256810321764528
20348,1.922433785891242
20349,21.485606997436733
20350,20.612083275745356
20351,7.419969396151125
20352,32.63942991982688
20353,15.28850482477804
20354,10.177107317169693
20355,8.642244043787102
20356,6.425084441774831
20357,5.153586534416509
20358,4.9730314235077575
20359,15.218629245346925
20360,10.004864355553641
20361,8.48212927336365
20362,6.0997249642055715
20363,5.076062932476648
20364,4.716183839348911
20365,14.701721377988175
20366,9.582661945780185
20367,7.763744782374307
20368,5.3199774022466615
20369,4.3815756698057955
20370,4.002747165303643
20371,11.736690199642759
20372,7.520380570387806
20373,6.148870722550544
20374,4.191851490143529
20375,3.732413226564273
20376,3.409249794612977
20377,13.200530881742466
20378,8.750154101035847
20379,7.685398877959949
20380,5.764442468598654
20381,4.674497035899126
20382,4.342302745969872
20383,13.350049449115023
20384,8.677120965445525
20385,6.980452129550655
20386,4.613404499823611
20387,3.8505097870951754
20388,3.503994462046248
20389,11.92919855609101
20390,7.474550612092243
20391,6.019287621551486
20392,4.394119680222715
20393,3.5897914556197943
20394,3.1654753276909884
20395,35.63365702009762
20396,10.633055511499157
20397,6.338113838690237
20398,31.909146807279484
20399,9.174824888552347
20400,5.192931864914554
20401,31.82471518210696
20402,7.957290897415947
20403,3.4438339621011753
20404,33.4326184653045
20405,9.261924389041402
20406,4.918219043095901
20407,5.799102212018912
20408,3.8219102094734487
20409,60.134832360152956
20410,6.5694323162560515
20411,6.237565972414402
20412,5.216392180254781
20413,24.534639354592382
20414,11.216664461713734
20415,29.338609150798998
20416,7.144709070577634
20417,3.1041021603459193
20418,18.56038916894819
20419,35.79344755443496
20420,10.894742801875093
20421,5.707833341932518
20422,1.9213473078622778
20423,3.720408403408373
20424,59.71925059507998
20425,11.512175664323149
20426,12.015274554383973
20427,14.451955282896249
20428,5.633010161708201
20429,37.073461465847195
20430,37.073461465847195
20431,29.939196042668165
20432,7.828384347823424
20433,2.4744415288181862
20434,15.897918075319666
20435,3.015251539052395
20436,5.036523510707991
20437,30.05854067086937
20438,6.560770077414047
20439,2.302180923493833
20440,5.032195963535061
20441,6.953544299893143
20442,4.8043914669473375
20443,5.747180311914333
20444,25.244286287066497
20445,42.31943713423095
20446,13.333313066480564
20447,7.691847216099662
20448,33.046677360082896
20449,9.395217286897177
20450,5.03300906717547
20451,37.604316424595126
20452,10.932426494007085
20453,5.899044371836567
20454,30.5620140243992
20455,7.546434813210875
20456,2.6621584066455783
20457,460.42249334711755
20458,382.90376934758984
20459,32.278988399750766
20460,8.244304651734776
20461,3.740111518128317
20462,16.44463839057661
20463,4.67004659540933
20464,3.837046777221712
20465,6.629907210236148
20466,2.35767335632015
20467,13.68907112010869
20468,8.215673104379292
20469,3.95034962035142
20470,4.075237205555876
20471,40.39423313847837
20472,59.20991384757729
20473,38.976075853992164
20474,33.009298526632804
20475,30.81577031001361
20476,27.323680255899504
20477,23.72282066477379
20478,7.043268866241053
20479,5.53694351060205
20480,14.404882115039484
20481,27.738805939280823
20482,48.29885887532953
20483,48.29885887532953
20484,25.404731124164623
20485,25.404731124164623
20486,15.326500210479416
20487,15.326500210479416
20488,11.683813322137219
20489,11.683813322137219
20490,8.649309112355224
20491,8.649309112355224
20492,7.939368925510939
20493,7.939368925510939
20494,26.54219495653978
20495,38.21796392027275
20496,28.48715558240346
20497,23.700861571267307
20498,14.436760348676222
20499,13.33656928537559
20500,11.342066844927722
20501,21.820255060317038
20502,10.886479641021205
20503,32.36576574669242
20504,7.457077016691913
20505,2.6113781331915766
20506,10.022628598545351
20507,1.6331279371224083
20508,34.374747250661095
20509,9.517153967635949
20510,3.567946339008806
20511,2.57716312041619
20512,2.5758607401205764
20513,9.544648602181251
20514,8.147859647868891
20515,8.018486710064131
20516,13.093506885281965
20517,7.1092786922449065
20518,19.3773373433239
20519,16.084005017071274
20520,16.12366802199576
20521,15.121877316636994
20522,23.178989692803576
20523,5.514863431278066
20524,1.7306357642360193
20525,3.437080095056059
20526,3.632706685296217
20527,2.526098103263865
20528,3.340917933166759
20529,3.480491301620825
20530,2.404190807441032
20531,2.4366489164297978
20532,18.42731228287425
20533,32.10288052068611
20534,7.3552835566807575
20535,2.910876570698688
20536,36.90666608059011
20537,10.171568194606879
20538,5.650640071025409
20539,36.72476821503463
20540,10.079012137536148
20541,5.554194640827662
20542,34.46732475266917
20543,9.157943682680674
20544,4.603767729459087
20545,32.889340139928976
20546,10.158874366785545
20547,5.933242934195643
20548,7.2003363432795515
20549,4.433311109023167
20550,10.520823973868243
20551,8.26254441628928
20552,7.080803231117377
20553,6.608058784665493
20554,8.25714592190948
20555,6.458466340033991
20556,6.480668708926684
20557,3.2145830484172273
20558,40.92087100232244
20559,6.919557439773079
20560,4.178584847052257
20561,4.728941177279312
20562,4.720491167357724
20563,39.77523293349474
20564,13.239871808627619
20565,6.629067226395024
20566,39.677536907969696
20567,13.103597074575676
20568,6.514600424077777
20569,3.4221010757822006
20570,25.390926218043436
20571,6.1509843371974275
20572,2.564118861155148
20573,30.59966441390782
20574,7.724115612987673
20575,3.251959641757873
20576,30.06525050567754
20577,6.646024256349893
20578,2.2769617085302962
20579,2.186663606200545
20580,7.6620344845050905
20581,28.95187551857702
20582,21.460688886448434
20583,29.170390994396648
20584,21.529825111276367
20585,20.237237229221677
20586,4.510848329359689
20587,1.5255580486199325
20588,6.063848901436635
20589,35.53128931434761
20590,9.336602330492282
20591,4.554513890329609
20592,32.74542236156346
20593,8.225658823209416
20594,3.7425664838853434
20595,28.966711682696634
20596,5.868212614333583
20597,1.7420449388169272
20598,10.63530389923941
20599,8.99314091765296
20600,9.840994632940323
20601,34.05899555132295
20602,8.513031926246459
20603,3.3976366920686853
20604,32.95553277698701
20605,10.533618805635369
20606,5.653274887220135
20607,35.69450600879233
20608,9.147891665064394
20609,3.0927637047003893
20610,34.67711774861528
20611,9.993783347392487
20612,3.9281656576534534
20613,36.826333335340166
20614,8.766824529524255
20615,3.700788273416096
20616,31.517837517862127
20617,8.240746772724718
20618,3.801775908858427
20619,35.7113976253572
20620,9.069298148419602
20621,3.2742098995640676
20622,32.22361941009743
20623,9.625667587371687
20624,4.599082520657197
20625,33.77415362680274
20626,10.960975651619643
20627,5.424230437231094
20628,37.068849864666745
20629,11.051670627101569
20630,6.816720194202853
20631,37.39167165634351
20632,9.264160226147439
20633,4.4844558956321
20634,36.87293511059736
20635,9.189571009595145
20636,4.0614045596429165
20637,32.01658181528139
20638,7.7479634900092185
20639,3.4176342687698145
20640,39.657718746899505
20641,14.368614682567905
20642,9.150292120397308
20643,33.951589889425144
20644,10.018340697595573
20645,5.3273442385304035
20646,35.80757566192419
20647,9.154207963553347
20648,3.1750959059766775
20649,34.923743531420776
20650,9.909081176121768
20651,3.933615911860105
20652,32.87595345912158
20653,8.602670144629998
20654,4.237940471289947
20655,30.888229624487717
20656,7.257935038896134
20657,2.8639372262705374
20658,35.74346011544043
20659,8.318598224280162
20660,3.199052699768716
20661,38.22012381900379
20662,10.448367592734783
20663,4.236321712259771
20664,36.17113520891555
20665,10.31641847312603
20666,6.063528054917622
20667,40.77458570624648
20668,13.34797356926796
20669,7.556999157918684
20670,29.600238105603893
20671,6.834826823811723
20672,2.124561903389525
20673,5.053007542438001
20674,31.922163174787844
20675,7.305828103043077
20676,3.0477702597262057
20677,2.683916113620369
20678,3.8457317250397507
20679,3.0775963853601604
20680,3.182892994513367
20681,157.75814306789658
20682,88.76026510791806
20683,178.54778318331398
20684,1.6587185215260813
20685,29.593182731786182
20686,15.07998889632768
20687,4.96804740363367
20688,24.377601929635816
20689,12.770171275309627
20690,47.03190464237652
20691,30.168738261457012
20692,35.58119688384912
20693,29.467367848373755
20694,7.260255973879507
20695,3.3039562370102207
20696,4.822934315561447
20697,5.222466320242501
20698,6.345959399104434
20699,56.70353584817348
20700,31.299280723902722
20701,7.205511581764366
20702,2.1010848097370936
20703,46.38904170897079
20704,5.478305158449823
20705,6.172253779963679
20706,15.287662536778178
20707,9.182557327923458
20708,32.66337467939011
20709,8.092883007231967
20710,3.5916175647048454
20711,33.63486687196762
20712,7.544356220229705
20713,2.7594027603709295
20714,31.5733856629023
20715,7.6389852628423425
20716,3.5484115360908164
20717,32.090892973206294
20718,7.095794153163819
20719,2.64665969595823
20720,32.734854235667584
20721,7.462000180194492
20722,2.9135596342902037
20723,31.58919636234994
20724,6.993066435001348
20725,2.5589155975588826
20726,12.076832712821675
20727,30.11740012787995
20728,4.7662382713457925
20729,29.742501514018603
20730,67.6232132638888
20731,68.0848718805289
20732,82.98770441670584
20733,38.287292847225345
20734,35.02065544546355
20735,34.19287444283382
20736,24.44195754051087
20737,37.779215246641996
20738,39.30287859510093
20739,38.41251812425148
20740,33.39098812296629
20741,8.902012010779462
20742,4.423873423262086
20743,78.17078260304345
20744,59.82528804780872
20745,54.834162838541744
20746,44.80012280572447
20747,43.94260390535553
20748,14.495431219953655
20749,9.79599918942256
20750,8.173645249368006
20751,4.135038276634327
20752,22.808670768067646
20753,11.136600229538104
20754,12.223690910531609
20755,14.63291820728254
20756,12.94693213781266
20757,6.6323624614864976
20758,4.473488350324683
20759,2.9150930722082644
20760,8.01868090586152
20761,7.990937037593447
20762,6.238485899589892
20763,32.79819877637204
20764,8.364069525706277
20765,4.045627883777779
20766,4.870610720014355
20767,36.706271596538585
20768,8.98874579836908
20769,3.8181133224657424
20770,36.24865079047091
20771,8.788522032823831
20772,3.661435307274433
20773,30.69156746211061
20774,6.55592249204287
20775,2.0579266150777444
20776,6.143955135621221
20777,1.5651685287754717
20778,4.74555932724621
20779,30.294839889378224
20780,8.379156964327992
20781,2.9676612919072545
20782,31.249782305638533
20783,6.74372599866364
20784,2.199920594037981
20785,4.773916403356626
20786,7.02724137262974
20787,21.896034297435634
20788,12.316354939448043
20789,6.60371519691794
20790,4.703443371176961
20791,3.562639952832095
20792,3.2566112691960396
20793,3.1129106674378937
20794,3.030707437618548
20795,3.458294428314171
20796,20.264924329600067
20797,36.591550208829645
20798,12.444790365474168
20799,7.154526518018612
20800,21.217119798353515
20801,42.53411590676069
20802,31.403210033684225
20803,6.329709703803605
20804,1.9105533357075113
20805,26.90104465610391
20806,5.6571771192504485
20807,1.9159815725819855
20808,13.163248917881944
20809,30.89667054244323
20810,7.383615931990652
20811,2.9047766231955734
20812,31.817253233018995
20813,7.725040409763987
20814,3.301733762554191
20815,37.81626717533045
20816,9.141105787612519
20817,3.4483604973174242
20818,39.22706513992443
20819,9.996000943590264
20820,4.031332226570575
20821,32.56587721350398
20822,8.515608087378352
20823,3.4370668010309133
20824,29.984000958750656
20825,6.054657213290918
20826,1.7412123874703063
20827,8.785421362002856
20828,5.6636617308529615
20829,4.519774760156976
20830,3.4367953957160307
20831,2.9562095808196958
20832,2.7317085883862156
20833,12.454910875503582
20834,8.237305064733913
20835,6.4378504872847095
20836,4.32868792638516
20837,3.408741568825019
20838,2.9420741125109
20839,137.00038949858387
20840,28.236512171960197
20841,26.10136824219737
20842,38.390284643921575
20843,9.00032513249487
20844,3.369315457538069
20845,13.85940517841956
20846,10.774173989604892
20847,9.593969396317734
20848,7.807158729311629
20849,31.287504295891242
20850,7.9122332522011085
20851,3.76482480789255
20852,6.112952356394468
20853,6.1521445341466325
20854,3.2513102358559847
20855,4.1871213941211325
20856,29.0340141011253
20857,6.618652647135179
20858,2.5291099567232926
20859,31.56292590124923
20860,7.315191166564828
20861,2.8401702380184486
20862,20.022945117625333
20863,5.081788338079452
20864,1.7449790879680633
20865,13.654189698912907
20866,3.599441086842009
20867,28.473669119585065
20868,5.825731295421418
20869,1.8202829981644346
20870,141.75538800176994
20871,78.3928446735868
20872,52.65884622626628
20873,40.22529311396764
20874,31.670723412750146
20875,131.5485383443698
20876,77.99560353576896
20877,54.52323247137309
20878,41.82190886269837
20879,32.68450923417396
20880,2.310375495926757
20881,7.6020524732511845
20882,5.965349918594589
20883,5.817022374005786
20884,5.021534590666414
20885,32.90679702138294
20886,8.172891915594153
20887,3.5336412310162104
20888,34.53480219927911
20889,8.891258058237169
20890,3.881085955964023
20891,38.1106035274705
20892,10.084263293921474
20893,4.843197875182144
20894,12.904677106823923
20895,55.991999395942436
20896,33.19697719539448
20897,7.916713921596727
20898,2.4301797656327833
20899,30.764221466619137
20900,7.142770142784831
20901,2.1220376250673634
20902,31.819418987076
20903,7.728509818559065
20904,2.7363272766954005
20905,35.61254417084179
20906,10.270575828727097
20907,6.043847544716229
20908,30.918972821213558
20909,6.615787588831855
20910,2.242140679281859
20911,30.654536079334598
20912,6.64676945343646
20913,2.2787160466470393
20914,36.251623010350976
20915,8.604459082914035
20916,3.3640420176680133
20917,35.21947236730695
20918,8.24025998911058
20919,3.2686020811733085
20920,31.56971896782347
20921,7.270845176458842
20922,2.7363441503526444
20923,15.792332332241601
20924,1.7377841422546068
20925,35.153172634495725
20926,8.551335469819538
20927,3.764226478027898
20928,17.544030926926656
20929,12.388214419228106
20930,11.380564426173287
20931,8.57634020102368
20932,7.477963850891222
20933,7.033905017366822
20934,6.2072680840475645
20935,11.86777427254922
20936,7.679118427177665
20937,6.035380158533746
20938,3.9174181800582
20939,3.198798744802268
20940,2.9925426682514247
20941,2.646432814682772
20942,12.613280711542686
20943,8.175677255673625
20944,6.493811368726433
20945,4.277159136116884
20946,3.5006287440952444
20947,3.2176926318431227
20948,3.1438507594750367
20949,4.291861301375286
20950,4.111577161820429
20951,3.170150899482744
20952,2.5277068646157117
20953,3.8697078997681524
20954,2.9398078299806487
20955,3.11712498485957
20956,19.079764044932464
20957,28.92927252733791
20958,6.78309787042748
20959,2.232917256732287
20960,2.612894291528197
20961,39.83305616904181
20962,11.699189284045232
20963,6.879921160152399
20964,5.960217474630568
20965,12.55759450017069
20966,12.659148816758105
20967,4.118932116904311
20968,32.19360957154067
20969,7.95839263065952
20970,3.459562923599491
20971,3.687116244434263
20972,3.333274865680307
20973,4.591908015531949
20974,4.288630015190108
20975,2.3013576020080615
20976,1.6887389969414883
20977,32.08983355276962
20978,7.149977286990312
20979,2.6856166194892843
20980,31.8165847484532
20981,8.587300698460744
20982,4.1625219358193615
20983,3.1219876634503256
20984,2.4028833833138066
20985,2.514589113934192
20986,72.99684837028664
20987,49.24426594493633
20988,41.98173384791843
20989,30.79847653354959
20990,12.57955048574012
20991,9.933294592644252
20992,9.360384528015127
20993,8.052210303036155
20994,32.096119707271974
20995,9.392269654569429
20996,5.0775613818434095
20997,36.053346958886145
20998,4.5840397893278615
20999,4.842482019298524
21000,31.7873851408822
21001,7.366764070616231
21002,2.930095425417703
21003,31.83514940779312
21004,8.304153361866593
21005,3.9920628002028646
21006,1.9711596770724826
21007,10.034673186221516
21008,11.614080247239418
21009,8.990724917755898
21010,9.494282617721424
21011,21.91795967746807
21012,31.06255458979556
21013,6.908980391827001
21014,2.3477042728306117
21015,31.50084650247256
21016,6.881436932699478
21017,2.2334764735506853
21018,2.626135190536733
21019,35.938431770495626
21020,8.922329760357982
21021,4.096818698985717
21022,48.991051212063304
21023,4.335607596345261
21024,11.040070446664378
21025,12.931055298070039
21026,127.95401830722349
21027,86.09496804992054
21028,23.487824008534076
21029,41.54727914510925
21030,41.58868872622928
21031,30.71327556181205
21032,6.6728784687379274
21033,2.3680016724592607
21034,31.473140064184747
21035,7.586734251457447
21036,3.1727545372377333
21037,32.00204722851167
21038,7.456665182966377
21039,2.987462117555788
21040,32.056057564952766
21041,7.5902950936785984
21042,3.182833675110704
21043,31.23155055843364
21044,7.429886281120927
21045,3.0384403812555965
21046,31.595222922933473
21047,7.552534170891545
21048,3.1440291724488088
21049,32.55758689657472
21050,8.37665277263805
21051,3.9766529208905266
21052,31.789695179211957
21053,7.532064418314696
21054,3.4003839435534537
21055,31.753701644645783
21056,7.55762006856943
21057,3.1493624703940784
21058,32.85598863629588
21059,7.625497168519275
21060,3.0867902414190427
21061,31.03909935875234
21062,6.642026494147218
21063,2.1832793053722845
21064,29.2508734114235
21065,9.32660603456349
21066,3.35506227992421
21067,31.127880505868717
21068,7.498372728353574
21069,3.1399811867422995
21070,32.56585446430182
21071,7.469994219920208
21072,2.9596897416078374
21073,32.00092729218734
21074,7.31950546873327
21075,2.89594077388055
21076,31.581170695052403
21077,6.999082645945615
21078,2.6498788716719273
21079,31.581170695052403
21080,6.999082645945615
21081,2.6498788716719273
21082,11.632504264062103
21083,13.204115367739528
21084,32.27354661614444
21085,7.187592665050347
21086,2.535883278450862
21087,4.517288899092697
21088,33.81020742805458
21089,10.020388429014567
21090,4.8605427786293
21091,12.379542655963432
21092,40.049038892731
21093,11.11916970499494
21094,5.04931816989803
21095,34.02852128765099
21096,9.762837510145737
21097,5.807564603550032
21098,36.12432428624189
21099,19.759733702864022
21100,12.382814897789961
21101,2.718421612011233
21102,7.835380073379138
21103,4.000756607908482
21104,7.424373806237694
21105,2.4708340437560796
21106,7.981883768539468
21107,11.4420682863489
21108,32.81441845472663
21109,7.9461293081273405
21110,3.1923664817677806
21111,6.417836220940904
21112,3.9186840479697094
21113,14.030033486858683
21114,7.205316892821403
21115,5.6951936168423005
21116,4.0486767336596605
21117,7.605399260998912
21118,8.651976813210233
21119,33.4706853224233
21120,9.224176467504396
21121,4.186389744200458
21122,31.622715780164
21123,7.333195843138548
21124,2.2768707721869155
21125,32.09085900022374
21126,7.524781655638902
21127,3.128868392526715
21128,31.76745443371575
21129,7.3367326530484736
21130,2.763103552485379
21131,5.416383585579892
21132,9.134277440599053
21133,5.7612514753365724
21134,6.276233003839959
21135,3.560716078023173
21136,7.383963559288754
21137,5.304057941019649
21138,12.442485334328872
21139,4.474794759337542
21140,31.650438806469403
21141,7.420561018448402
21142,3.264559685189555
21143,33.34998912751834
21144,8.451106663790114
21145,4.304694705603344
21146,5.800835006236419
21147,6.60683117712405
21148,33.29266690653871
21149,8.15588534330855
21150,3.395149604192406
21151,4.24246831732016
21152,4.283968246392888
21153,32.519409112863336
21154,7.670968336377205
21155,3.2171285504479394
21156,1.739302055783861
21157,18.872920234615048
21158,33.91825914250486
21159,59.10594909914272
21160,44.41715809054646
21161,37.12862212227249
21162,34.55489724572781
21163,27.251846650642488
21164,23.296117002974615
21165,21.13963963806265
21166,20.62518740899358
21167,75.47462750533867
21168,53.18221207163815
21169,49.081903423971866
21170,43.85776428116624
21171,38.462623107920706
21172,34.85459726490573
21173,33.38728761635873
21174,32.932409162081285
21175,4.480631247052704
21176,2.4800049893756975
21177,64.91162050825602
21178,28.307184207746605
21179,6.529902505994398
21180,2.5308417807910413
21181,12.156633515201255
21182,7.5007233004716065
21183,6.664030132313247
21184,4.759232354470623
21185,30.98992431721074
21186,7.444853984950296
21187,3.1100567342158745
21188,3.0943949579291528
21189,3.729372831620066
21190,3.6023417922267544
21191,1.6746975004858857
21192,4.668113578970529
21193,10.563242495597386
21194,7.217504262564016
21195,5.806654145379732
21196,4.594483148573547
21197,3.561493260723956
21198,3.4494420681595512
21199,6.145217243715269
21200,3.2234119469652334
21201,41.34679814465753
21202,24.312098547970187
21203,15.883722984626306
21204,11.436998034356465
21205,8.287031699396405
21206,55.18934659101294
21207,18.439201164524565
21208,15.35608999311827
21209,12.20783646292395
21210,11.116695087620307
21211,49.98045850992668
21212,10.402822480212052
21213,16.071883587984452
21214,15.956402364668662
21215,7.289754112487589
21216,5.498121819954417
21217,5.4906251475833106
21218,1.8811401357831856
21219,35.674427064154614
21220,11.353131917395132
21221,6.70637558113857
21222,28.613243375836877
21223,6.933450903029906
21224,3.0146213019263786
21225,1.4873553030610285
21226,3.1597322475328697
21227,31.064879002129185
21228,7.209234868452942
21229,2.5488478638923295
21230,4.009082541518108
21231,3.6294662114109797
21232,2.3517096068679653
21233,3.809078526642178
21234,7.072833535114146
21235,10.75615462771024
21236,9.868120354592348
21237,96.38321783347892
21238,65.38494726214523
21239,4.146710302480123
21240,40.333514350610585
21241,10.748228596848687
21242,119.14610219498044
21243,64.14003957941031
21244,44.969486493629816
21245,34.5768809255104
21246,29.681206454458355
21247,71.50717621555867
21248,32.889042146922556
21249,9.117797166887916
21250,5.026479656708489
21251,30.724157048484777
21252,6.825452097971449
21253,2.3774131629809245
21254,32.47636852618355
21255,9.068929141117154
21256,4.963956556178098
21257,15.79518684637818
21258,37.061158191469694
21259,8.913222653111102
21260,3.809728952355476
21261,1.1223670917724544
21262,1.789504172173641
21263,1.4766398175430107
21264,55.97875458476976
21265,33.51525937937723
21266,9.415065553443117
21267,5.270523816117822
21268,33.65028945260167
21269,9.465518859473779
21270,5.070702658623611
21271,1.831165993935077
21272,1.7346700474478505
21273,2.8308191335809276
21274,3.299309612262165
21275,8.916805133135197
21276,14.29330683279947
21277,41.34975780922865
21278,31.59590912707912
21279,7.51906402556895
21280,3.2864243347086357
21281,32.83862333340777
21282,10.067718670801096
21283,4.547605175331291
21284,33.25310882067572
21285,9.607999449707068
21286,4.077790383812644
21287,36.215018839220406
21288,31.58121380221786
21289,8.344685411401374
21290,4.0984788964975
21291,8.321020461709082
21292,5.802643931009844
21293,7.734021972476543
21294,161.19960759162058
21295,74.15837444028796
21296,61.97270156164603
21297,33.261220062019724
21298,159.79483842953744
21299,74.2885177707285
21300,62.72011922542793
21301,33.65799064459478
21302,57.02975431075679
21303,32.461233792088265
21304,8.949499458580814
21305,4.513089097190363
21306,30.224508978161815
21307,9.251973491916193
21308,4.448011915355918
21309,31.18817102253543
21310,7.369100152662842
21311,2.91734007531089
21312,32.19500269736773
21313,8.167615763415652
21314,3.830383028278235
21315,1.5253766976192793
21316,3.1859226543894215
21317,1.7236553959822247
21318,3.456607913240304
21319,2.739420470057285
21320,4.240642595717035
21321,4.031544577694321
21322,38.073963055229825
21323,9.513464439495587
21324,4.1792890454956035
21325,37.55246110244744
21326,9.139309535045447
21327,3.906826096062249
21328,4.70876176315572
21329,2.52643193086688
21330,2.887265050825415
21331,51.15358208561402
21332,4.956712485523125
21333,29.933597498319017
21334,2.1610543609907458
21335,1.871656231694549
21336,29.216650284320693
21337,3.929326339606425
21338,7.745931477071099
21339,6.337741581330306
21340,5.43075424760879
21341,5.085238738305494
21342,5.097544833302386
21343,4.184952351991511
21344,4.369995313948037
21345,31.16124278619347
21346,7.8697391179498934
21347,2.9781962579580394
21348,31.16935804793825
21349,7.170938037937792
21350,2.8213930239260088
21351,36.26425749524648
21352,8.543694679889533
21353,3.375098049170291
21354,31.0888815807549
21355,7.1592899065050855
21356,2.8240481997336673
21357,31.707477098727324
21358,6.9410736391937
21359,2.2882247533042275
21360,36.733207404306164
21361,8.411771667518016
21362,3.2824221449798063
21363,34.84775743643422
21364,8.124903769083522
21365,3.026422137359711
21366,33.9369873413732
21367,8.204104019677414
21368,3.392077428422718
21369,35.83207680421508
21370,8.642032044688683
21371,3.6851753470820894
21372,35.83207680421508
21373,8.642032044688683
21374,3.6851753470820894
21375,31.5407522854395
21376,7.639008424548654
21377,3.560599870003113
21378,1.6654587317373875
21379,1.783702257087766
21380,1.9939251402686429
21381,1.8166097412387048
21382,4.314088905208311
21383,36.67477907261012
21384,7.138991660314424
21385,2.9161855714782714
21386,35.18505531902568
21387,7.209392366188206
21388,2.8786535588589457
21389,27.21529641779571
21390,41.98552697392547
21391,29.478362354211075
21392,29.91192732541156
21393,4.449932170473316
21394,4.419040073915211
21395,29.95006389084785
21396,38.514354381740304
21397,11.236931080234191
21398,5.878233192514682
21399,31.697825721967444
21400,9.359756368699633
21401,5.3529169345868235
21402,3.405116336476236
21403,1.4737041911611448
21404,34.28509786738586
21405,8.932737362624062
21406,7.224010717816114
21407,8.399239814317735
21408,12.399721068563347
21409,3.1666234771467474
21410,5.194642022377492
21411,5.537561087050809
21412,4.089080192303501
21413,3.2318015265400093
21414,10.599529015713614
21415,2.4202331944586772
21416,52.051624780817164
21417,21.995392593652394
21418,3.1663554812960815
21419,8.285586926990621
21420,8.633445298878456
21421,35.89160116830436
21422,32.77669447759787
21423,8.654547053667478
21424,3.1339403452350805
21425,7.205240378167569
21426,33.56257378794467
21427,8.298545610176848
21428,4.098978785649391
21429,34.08761245953503
21430,9.071837953504648
21431,4.567960834117122
21432,8.477442821836242
21433,36.78067945743948
21434,9.747916064568042
21435,4.425289523290801
21436,38.42888973994553
21437,10.520934945102283
21438,5.176388287110214
21439,66.9439705636354
21440,192.2275241616108
21441,125.1146864431034
21442,81.30731789782757
21443,34.28519802235802
21444,9.710243649340633
21445,4.356824406321264
21446,35.34974331225051
21447,8.698222031096236
21448,4.433883796948931
21449,4.333664545489741
21450,42.30398957360374
21451,3.2688823057188663
21452,13.712079556062035
21453,25.798762145712857
21454,32.66878438761544
21455,9.428729406794105
21456,6.834906530264521
21457,3.982687672271357
21458,5.942901385818794
21459,16.626603941223255
21460,21.70933701291039
21461,31.302194836396257
21462,30.721158130232403
21463,4.015162055176967
21464,39.35021165852159
21465,13.120425256237503
21466,6.373234850289228
21467,33.91857350593065
21468,5.40295681858853
21469,5.471024154225985
21470,39.32442198992382
21471,33.742198851089256
21472,1.6003044237047503
21473,20.62742631992336
21474,36.956116910790676
21475,31.08922457010134
21476,17.973786739873226
21477,4.175883832239354
21478,8.59937892966433
21479,2.4633630632507373
21480,30.497888074082148
21481,4.881777611282097
21482,4.498859407279084
21483,4.013601399466284
21484,12.974685863339095
21485,8.201278913046481
21486,6.4725005753211615
21487,66.75365508090796
21488,40.49721045784415
21489,151.90808797392148
21490,53.0340312459671
21491,36.91286390990801
21492,19.34827610432879
21493,34.33284284084805
21494,8.699615828380887
21495,4.261173823637522
21496,18.149048977000206
21497,7.870180900516541
21498,9.352408623677995
21499,7.756416084735949
21500,2.6316439921091797
21501,32.67640852614281
21502,8.060132943082575
21503,3.4984180209209184
21504,9.770010376421812
21505,34.08319651892643
21506,8.669428019652415
21507,3.6702291054662792
21508,31.900171101119664
21509,7.721942235968818
21510,2.84538385312506
21511,33.03448507191571
21512,8.319198532942755
21513,3.661995741085727
21514,33.319651153582164
21515,8.126810441036316
21516,3.5294775177858266
21517,4.198748371975435
21518,4.936037395789409
21519,4.198748371975435
21520,31.540070303397457
21521,7.16246398677713
21522,2.7214859442794044
21523,31.675750513499917
21524,7.173143891164948
21525,2.73666558668108
21526,5.81363181467288
21527,5.81363181467288
21528,7.167604296048014
21529,5.857113479661262
21530,6.681517895364271
21531,129.11587942845642
21532,86.38984852290815
21533,3.9791690635498296
21534,3.417098759088267
21535,35.040689782778784
21536,10.861605088081577
21537,7.25719634153767
21538,25.09449805532103
21539,5.680959576287785
21540,1.9052031401209786
21541,25.56504262731363
21542,5.824711820630247
21543,2.1433877672657324
21544,25.242991207571905
21545,5.7136449956623405
21546,2.036349293116781
21547,26.06278918577882
21548,6.4940545028789165
21549,2.4741863167622715
21550,14.612982559370568
21551,5.643317445083822
21552,30.441599951823697
21553,6.9218239563956425
21554,2.454056059784336
21555,36.779100853179955
21556,8.280194731965716
21557,3.1728618046636385
21558,6.788608979749278
21559,56.93955702542401
21560,61.610680167688116
21561,32.71484845666908
21562,8.490302580255413
21563,3.1475670579905586
21564,31.54246110977454
21565,7.743688270469498
21566,2.5356291366932218
21567,30.673118959745654
21568,8.551158143715261
21569,3.429072438629741
21570,35.137176889284184
21571,8.495879716025009
21572,2.859865592485423
21573,30.071575068166602
21574,7.076358750853361
21575,2.8240078797177364
21576,28.28230801799661
21577,7.574014627597303
21578,3.8208250537958555
21579,30.247691009213902
21580,8.622211286115816
21581,3.6162460153043243
21582,3.422463730939527
21583,4.591321143783392
21584,5.91242819848556
21585,3.96370210224994
21586,15.915708738089087
21587,32.15855354531518
21588,14.85177569008172
21589,30.822886572166144
21590,78.59443473938367
21591,21.32122170015618
21592,9.318008633344839
21593,10.097326370994338
21594,2.0504896147238987
21595,12.474937617924018
21596,4.328204420879539
21597,6.263112545852642
21598,30.273359609229637
21599,8.565643538423934
21600,3.5495167681824795
21601,31.08541648408867
21602,6.939951217078867
21603,2.386942913761952
21604,30.747330694904743
21605,6.708718592644724
21606,2.317251498132796
21607,4.0564007284545625
21608,23.994208506135113
21609,11.09754538963981
21610,8.625554373912605
21611,11.644867454362366
21612,35.717409560566345
21613,9.104403003298563
21614,4.698016393363319
21615,6.353362618806596
21616,5.556942984577059
21617,11.665185545026008
21618,32.868720134210115
21619,8.517502214890001
21620,4.017151800956883
21621,7.805386476344266
21622,8.924943018517785
21623,6.584290881302305
21624,4.227364663938916
21625,4.809777277225195
21626,9.53621740787824
21627,16.218472054039474
21628,9.304916166691557
21629,8.791694906479721
21630,16.665550178804857
21631,8.606911739250469
21632,5.423831376375087
21633,14.069046694321754
21634,5.399377300766307
21635,10.100978409763119
21636,10.122212858919259
21637,23.80580487766407
21638,25.30423838506612
21639,14.865491867275486
21640,12.01129002836458
21641,13.05736571397701
21642,14.026290903236763
21643,14.999900496738904
21644,14.999900496738904
21645,36.85406299556609
21646,6.734259598734817
21647,7.211857006323834
21648,36.41025445044876
21649,7.523741475168753
21650,7.854717617819576
21651,7.787196244802594
21652,24.711230855535334
21653,72.85008647617057
21654,43.98649662710339
21655,10.157178844580468
21656,4.391921801736618
21657,4.243895524192168
21658,3.252884955866742
21659,7.334362176859826
21660,3.7878513297610583
21661,25.303396970979747
21662,5.62812715040639
21663,1.704259176285867
21664,30.27080073762201
21665,6.656065570470713
21666,2.429466710704805
21667,31.837130434136192
21668,7.370434206869153
21669,2.798507393932298
21670,30.744534655286603
21671,6.294008803609499
21672,1.969914390283507
21673,30.00243597112531
21674,6.33666016536161
21675,2.0822673210426874
21676,30.380881964736353
21677,6.306013286984148
21678,1.9354664160266046
21679,26.951259018039675
21680,12.96552278514466
21681,17.91113042158499
21682,18.73062539220603
21683,47.40923643609882
21684,29.57620262092088
21685,22.836340358026565
21686,25.73968499166677
21687,19.047508827493026
21688,16.54703233455952
21689,20.082007036946834
21690,33.595971733877036
21691,8.088477112316
21692,3.282122180959669
21693,5.2887260754064265
21694,1.8883487848213025
21695,37.129158992007554
21696,10.123109194521044
21697,5.391227429843183
21698,6.778301326103708
21699,6.5098556441630056
21700,3.1911137825094413
21701,1.2898396579493512
21702,16.705120490031135
21703,15.417202522287486
21704,12.226588693268406
21705,5.579558353265918
21706,7.376455292916759
21707,2.7697548678745187
21708,29.027009602316216
21709,6.571273230928661
21710,2.566851346428262
21711,17.22979854500686
21712,28.946475165318436
21713,9.74614660381575
21714,4.758883674426697
21715,4.169316654320389
21716,3.971604801919641
21717,27.215263125982627
21718,5.261953013887522
21719,41.84556383917914
21720,15.04718179401247
21721,8.016933434940594
21722,7.011668025547929
21723,31.60748649152354
21724,6.9598287365749965
21725,2.3982435158341007
21726,35.932280920366544
21727,9.418610384095206
21728,4.363045858253825
21729,37.09175854160149
21730,9.613620942112744
21731,4.929552822989412
21732,34.90811101454313
21733,11.090784766233755
21734,6.386642493057172
21735,15.115712147028066
21736,2.9179279420030166
21737,6.604702599940234
21738,5.444133975617674
21739,36.50098440843688
21740,30.60203631548895
21741,6.973182257625682
21742,2.6099503856085517
21743,35.04143206054639
21744,7.545531081661686
21745,2.233031619685972
21746,31.44951751678665
21747,6.739425525439754
21748,2.021849302308061
21749,92.56415392772261
21750,51.9138197036492
21751,37.178564050032186
21752,30.088378680405945
21753,23.580688125760446
21754,31.267493218431635
21755,7.123816133037329
21756,2.6482805085998153
21757,6.018294613496568
21758,6.67545119165358
21759,6.460682270812182
21760,7.141615019038236
21761,5.570035112822822
21762,5.5054307995669465
21763,5.2299939886411515
21764,3.2150155206693305
21765,38.148311563376055
21766,9.461544363600096
21767,4.48584396591154
21768,30.29461957562732
21769,6.423934127440126
21770,2.1408767432625426
21771,30.227205739085193
21772,6.258728690554256
21773,1.6702848011553015
21774,30.575822639588985
21775,6.742265767970122
21776,2.0039157461680968
21777,31.42783792990982
21778,8.054736107357709
21779,3.81012611376761
21780,32.35470720814679
21781,8.255040198462183
21782,3.842431600932453
21783,35.464528639237756
21784,8.966427575287748
21785,3.9158254432325226
21786,35.71722267993049
21787,8.377174470789704
21788,3.353670611223135
21789,7.0114922058546485
21790,33.00309236162157
21791,10.070546662170868
21792,5.836636382394542
21793,31.21904990826149
21794,8.784058112505944
21795,4.663885715555494
21796,3.080674283747558
21797,4.474532555013286
21798,7.431315523294812
21799,7.250869647858954
21800,5.056193806073214
21801,50.39071785332915
21802,33.54686813695504
21803,7.727556615344451
21804,3.05697748713568
21805,31.76737376446836
21806,6.908370057459196
21807,2.3625145382605774
21808,29.614724487508546
21809,6.037555216737702
21810,1.607338114185018
21811,41.53182684734018
21812,12.295604442797542
21813,47.051941899638614
21814,31.623553443132444
21815,27.82889375209223
21816,19.495408611743947
21817,17.942698387076742
21818,15.978209299257735
21819,14.470073325171354
21820,13.97351707593014
21821,4.991793989834832
21822,5.006952352849028
21823,6.364512536969096
21824,6.072887595492283
21825,5.631501316608683
21826,5.704354357867266
21827,9.802842339938945
21828,14.257764960668753
21829,7.4344802704175095
21830,5.126695373721567
21831,38.36130312557788
21832,38.11139983063683
21833,9.163803270106502
21834,3.885832674533992
21835,13.931920342073951
21836,9.331183047804295
21837,10.871237310601384
21838,10.343180234166446
21839,10.413045298152985
21840,10.989759957806719
21841,9.004889936101572
21842,10.280709909369046
21843,10.340450746377618
21844,2.6252596762687777
21845,31.606987423611216
21846,7.145974769644869
21847,2.5293820941293785
21848,31.01554541020255
21849,6.924060919489766
21850,2.4990679044824224
21851,27.300857265295626
21852,6.064543409825423
21853,2.2290888586867412
21854,32.409891069870895
21855,7.952503082760756
21856,3.1939952725046528
21857,36.113456436490665
21858,8.166914307232709
21859,2.8722405683037793
21860,30.876226583670896
21861,6.876181825394863
21862,2.099393217000736
21863,38.192122924302836
21864,9.475169590017924
21865,4.440496368121697
21866,37.532024249730696
21867,8.82357831729719
21868,3.6572346287304236
21869,38.06208439350556
21870,9.242920791930269
21871,4.293501485924962
21872,38.90029508441531
21873,40.975774620013624
21874,10.38193485853648
21875,12.487233235435202
21876,4.954937675005686
21877,6.1599929696678455
21878,32.560087314926996
21879,8.979911571097006
21880,5.171017804916735
21881,37.71909404511028
21882,10.408639477009205
21883,5.514526764339925
21884,5.134062387539469
21885,29.350218045626466
21886,7.622736757640967
21887,2.8296724247663767
21888,77.7278811957672
21889,34.23711317721927
21890,33.931677481256955
21891,17.953440883022992
21892,15.768696882261567
21893,15.943339731860902
21894,12.999155007708996
21895,31.25342027349109
21896,6.821967655024945
21897,2.341451343288182
21898,8.352874030172316
21899,7.34906653496018
21900,4.394478771111911
21901,3.2735623574667105
21902,35.17263362208182
21903,7.419367033872295
21904,2.451168550095632
21905,35.80564341826359
21906,8.550379485213607
21907,4.122358407974874
21908,5.443511435906027
21909,5.518674266382208
21910,5.032463417761613
21911,5.072335768194479
21912,3.563212519588593
21913,30.263002286236762
21914,6.430204334383895
21915,1.9040196061359738
21916,30.439313555745485
21917,6.366121882206553
21918,1.8298574417635662
21919,7.525517746233357
21920,7.37533887915316
21921,6.599461546643446
21922,7.1318431085237455
21923,3.5460529554329954
21924,11.31753184161867
21925,16.545624707775175
21926,5.058941117251829
21927,5.290543279301675
21928,4.411763056621141
21929,32.3667580911739
21930,4.605040901746878
21931,25.10222172062454
21932,32.058527727040826
21933,6.880672572047638
21934,2.3536380750837553
21935,32.475949685430336
21936,7.678073071575217
21937,3.1623700588808816
21938,36.22322908076714
21939,2.890413251349754
21940,2.9114161950768835
21941,35.97607663792297
21942,7.77803743228212
21943,2.8347139920487
21944,30.012090333107245
21945,6.480731827400122
21946,2.1837104309449136
21947,27.36293147586725
21948,3.2975566566858685
21949,30.742147261402646
21950,22.63210259041313
21951,19.767387746680654
21952,36.4230829050247
21953,7.773498354597109
21954,2.709284162791891
21955,8.056647584806498
21956,6.149279859049371
21957,6.358808640293812
21958,6.166755542119112
21959,6.267264846448837
21960,5.9126820666856625
21961,4.049564228101255
21962,10.290381740109385
21963,11.718681002400922
21964,26.530283340537704
21965,10.850778665352724
21966,18.163965800240533
21967,13.769548200407456
21968,6.822831936854763
21969,77.1212293796131
21970,65.69133826663531
21971,110.50579742374863
21972,185.92150682601732
21973,36.79040724087063
21974,8.888341854992795
21975,4.369671788979003
21976,46.11633839020806
21977,20.32063256661391
21978,15.943394677361379
21979,16.494390036152268
21980,22.48083630812463
21981,9.020688126618149
21982,45.43190650198042
21983,28.38171183234526
21984,7.5407060553087835
21985,3.8200152438603023
21986,29.973053660011047
21987,8.610423217009815
21988,4.4442016296292355
21989,34.48064340732831
21990,30.74648140090375
21991,2.706906155490749
21992,2.5430714142659223
21993,6.337504701193525
21994,3.3035556212058825
21995,3.0816790822927307
21996,21.630283100136232
21997,11.667357346340953
21998,20.57305854639055
21999,14.798921809467227
22000,11.535232772269499
22001,6.61128907065958
22002,5.656578635956744
22003,3.637723680932615
22004,5.586369001448568
22005,9.490543627950839
22006,5.38508738939296
22007,3.5294012946268216
22008,27.956647617420437
22009,6.315274157067257
22010,2.4470100293698858
22011,28.043132620167846
22012,31.972439965232233
22013,22.74345012075977
22014,13.641083255840863
22015,3.951563194128167
22016,5.143913935224907
22017,28.13384016171448
22018,8.21827734493393
22019,4.444871233226806
22020,30.03468624748545
22021,7.948573153087378
22022,4.210217565515026
22023,33.30702088996088
22024,8.2655621248678
22025,3.7994672705294814
22026,29.826848068247816
22027,7.066984336703483
22028,3.2203039408379017
22029,60.038854823518406
22030,3.0708005072437
22031,3.1450942666902764
22032,68.78237356363688
22033,4.385434971583823
22034,14.709078670454137
22035,25.60576706751227
22036,21.804408621980176
22037,18.828435037094913
22038,33.9655833608646
22039,25.684062936148102
22040,22.97941227398592
22041,18.01697325675803
22042,15.459573698903718
22043,13.961087983197189
22044,26.908384288816418
22045,19.928789116057068
22046,17.77104050409509
22047,13.767407340607134
22048,11.222682603371
22049,10.424565795953566
22050,17.740474342280443
22051,17.245385353490754
22052,9.654828658212795
22053,11.06331167898762
22054,7.218362330442835
22055,6.102308188797958
22056,4.422678714936511
22057,4.253113746202937
22058,3.744991627768883
22059,14.180075229844128
22060,9.594049118498205
22061,8.290549426084958
22062,6.020160640583857
22063,5.355879795126189
22064,4.432322631096211
22065,16.846299007248376
22066,11.277620946204564
22067,9.643655779426712
22068,7.135428291056207
22069,6.117258066314563
22070,5.235003249554897
22071,13.311686929963216
22072,8.768184614279654
22073,7.276612486189045
22074,4.976922561096238
22075,4.65048948296282
22076,4.071613332831312
22077,17.880392056984004
22078,12.402493216622643
22079,10.658084965546621
22080,7.488850641239038
22081,6.42575953352766
22082,5.826973749342033
22083,19.85899400859
22084,3.247897085359096
22085,3.079342207774268
22086,5.063841130014704
22087,36.590983632507246
22088,9.839890229391724
22089,3.866072198915742
22090,36.89790131359425
22091,9.83557675873567
22092,3.8441764758430272
22093,36.74691069787106
22094,8.960754241480924
22095,3.017649933676986
22096,2.279257928534289
22097,40.00440656258709
22098,10.037346147618237
22099,17.420564830390376
22100,25.511256128370036
22101,31.07011896278807
22102,33.09885308676866
22103,10.729486268869778
22104,6.2037778771474335
22105,32.90082919623165
22106,10.48549738673021
22107,6.027599512896794
22108,4.642427946572731
22109,28.178331189535196
22110,5.907244904173291
22111,1.8991429942532607
22112,29.142145757702686
22113,6.2360136858565
22114,2.11335895377923
22115,3.9760158654387356
22116,3.913340324232939
22117,6.673929411243639
22118,3.1856612438508116
22119,8.498742062646022
22120,59.66892567578736
22121,65.35791039890833
22122,1.4712522852578838
22123,95.75883708625182
22124,5.886721886814632
22125,3.2079685537028664
22126,30.52096470664958
22127,7.830553032939555
22128,3.615546594008467
22129,3.452739686730183
22130,3.371346844866394
22131,2.1909697217782234
22132,29.489684395265833
22133,6.304241038658835
22134,2.342827553421495
22135,32.17762760219485
22136,6.8070406450990015
22137,2.5480248555931
22138,4.136864608971325
22139,5.5308315919125315
22140,3.3808172242278474
22141,5.969073804713554
22142,4.778830080583404
22143,6.989773172681904
22144,6.377054130571059
22145,6.1406360210523
22146,6.1216416641284
22147,6.9933686796508985
22148,5.403109707562466
22149,7.049427238008719
22150,5.462029951466841
22151,6.901521322811566
22152,5.015712015546749
22153,5.661850983655977
22154,4.322002874694586
22155,5.174908884394756
22156,3.873421769049944
22157,5.693510134392733
22158,6.357424520150797
22159,32.16907337662654
22160,7.139396558776114
22161,4.838489160655376
22162,22.115965696226976
22163,1.3832774349704364
22164,86.83443099357756
22165,5.636175033033638
22166,33.83382852194685
22167,23.767547355319405
22168,22.22717257218359
22169,14.921034951816974
22170,10.47099767780391
22171,8.033650645845455
22172,6.577338774309048
22173,8.53059208783101
22174,4.613889404640455
22175,6.495991116694331
22176,6.660778689172828
22177,2.1883890062204325
22178,3.3173392628894574
22179,4.5463214482522645
22180,7.457092769916557
22181,236.64531559180352
22182,132.492881913651
22183,84.82584941529262
22184,67.14616953522162
22185,54.282242035797296
22186,7.8187003678899245
22187,6.784714621585388
22188,7.661058837295576
22189,5.445259092787932
22190,29.945136562790797
22191,8.062593696822436
22192,3.0744289899321
22193,29.767655985253505
22194,7.570031015671995
22195,2.8318518489168176
22196,33.54558752891393
22197,8.9784308190409
22198,3.0574962757574173
22199,4.084282093316591
22200,4.729515533524714
22201,58.67177749510686
22202,6.8727511285265255
22203,3.8159243888600747
22204,9.287772098011892
22205,5.383367438128937
22206,2.593701507733075
22207,2.6989414726406395
22208,2.6156948569527882
22209,9.60641081141091
22210,2.237458893143927
22211,2.194510499736705
22212,2.218918414430073
22213,2.2303764485322906
22214,3.8847699235823496
22215,4.12504517665678
22216,3.743312655046814
22217,31.4310237372134
22218,10.508338221526945
22219,5.888661542773973
22220,30.47457248262142
22221,10.62803921987797
22222,5.6076407416444605
22223,20.70729340005572
22224,15.619977490659432
22225,14.124620691526246
22226,13.378370950464376
22227,17.302056280808877
22228,27.371548451068822
22229,31.789789792896954
22230,88.24299321935524
22231,66.93185501159228
22232,24.7468593019714
22233,6.131839845754625
22234,7.170277881743497
22235,31.19835224131308
22236,6.596466170091213
22237,1.9557587561346672
22238,8.95400830663113
22239,33.31617269073247
22240,72.7422331536986
22241,1.393430423045104
22242,3.7307295826385145
22243,5.506213082559716
22244,7.024320615479924
22245,5.210795867356157
22246,2.6664391138000205
22247,1.5454611377116954
22248,20.33143257055383
22249,14.275910072072964
22250,2.7530496465738095
22251,58.114612066180634
22252,61.07471922511926
22253,2.2752997950281193
22254,3.96399813298554
22255,3.988844496246161
22256,3.868641956940656
22257,31.334669850761383
22258,8.644622551866167
22259,4.106420227636788
22260,6.61182648957904
22261,3.8133240367199677
22262,3.786968733355157
22263,6.700725279709034
22264,4.8668356552523
22265,5.221295579333159
22266,4.063711105913528
22267,5.3486126814231385
22268,8.07913223902778
22269,6.343590411256043
22270,7.4286821407150585
22271,6.458897204066059
22272,1.4009050821743212
22273,6.096899624669595
22274,4.864598498330732
22275,38.83861240592185
22276,2.3016071333910944
22277,10.663135566575741
22278,7.139191629827769
22279,4.57534587651915
22280,4.837309532016517
22281,100.80342434615187
22282,17.70043022060501
22283,5.325531557769386
22284,15.038042663362425
22285,4.048160066726589
22286,18.06617795184845
22287,20.108067341768837
22288,13.07688401072037
22289,28.10521869237173
22290,2.3679372032555137
22291,5.930095806032478
22292,5.983189089051147
22293,8.527664790354146
22294,13.863221732466336
22295,2.451525545851586
22296,1.9204316979604195
22297,4.0259077826329035
22298,11.070158527843567
22299,7.133514616972619
22300,8.38095227659683
22301,7.987874676773592
22302,41.96560866999194
22303,24.871825227987284
22304,18.69419125788854
22305,13.371479312387123
22306,11.581988332712513
22307,8.678114797962557
22308,9.790852284866064
22309,4.932070816539099
22310,4.967109793844808
22311,5.131010579957579
22312,2.3327865862801627
22313,2.4892484335154523
22314,5.138760502873629
22315,5.184996850048037
22316,9.90848992182268
22317,9.64014213063896
22318,2.917507352481585
22319,5.052205654301209
22320,29.592612143240178
22321,7.330144512002685
22322,3.2132269370812327
22323,28.5948470671986
22324,8.11363715512908
22325,4.166892785407099
22326,4.763959433850222
22327,196.15431179040166
22328,200.72769766994244
22329,5.220707031603112
22330,3.645685947143353
22331,2.7465225093052354
22332,2.8317673764659643
22333,139.12490508653985
22334,77.50778974858235
22335,42.444378089286246
22336,14.6727831208405
22337,3.5980160510921286
22338,6.481656344388865
22339,27.314122861143126
22340,12.129115926802736
22341,12.843338461291271
22342,15.610374209778433
22343,14.234085208774903
22344,8.372527774488029
22345,5.657935381167638
22346,7.338946330020476
22347,4.77962433599034
22348,7.783518902240371
22349,5.054246536493646
22350,5.611101167744991
22351,5.855536765184941
22352,3.5422926045760494
22353,7.981542481352681
22354,7.1466367384985645
22355,6.222102055303286
22356,4.741480938435082
22357,7.1406709486183955
22358,4.40960956554463
22359,5.020744967009453
22360,5.506860860541844
22361,4.968003629028798
22362,4.529770091626544
22363,5.228659129085152
22364,5.288437765426483
22365,5.691383833844151
22366,5.571043336779477
22367,5.369700538010864
22368,7.000151811148731
22369,6.643447494029608
22370,6.2303911992378715
22371,5.797556032126126
22372,5.797556032126126
22373,6.874851755850916
22374,6.0328030961101415
22375,8.359240263586287
22376,6.850962579986278
22377,5.646671153134177
22378,4.814097645678432
22379,4.800177080220094
22380,5.689324591769306
22381,5.10729108316939
22382,5.23907739441066
22383,5.10729108316939
22384,8.277437059826982
22385,4.236534719792676
22386,46.76942170821515
22387,29.427259308154976
22388,7.015284703720353
22389,6.336327070639341
22390,5.965376523539485
22391,11.198114049405714
22392,19.557200167628878
22393,6.795094245311944
22394,6.33666731248508
22395,7.043243481272762
22396,8.017467520709038
22397,6.620403314560017
22398,3.7986994335751216
22399,6.633445077316274
22400,3.7615736476155686
22401,5.410482772121181
22402,3.4993160419756126
22403,5.532291942097688
22404,5.573073991672109
22405,4.482708591551376
22406,6.365123683869378
22407,4.634633479962341
22408,6.160914210128492
22409,4.635350893092827
22410,6.65392448909378
22411,4.752526134242999
22412,5.318279720058028
22413,8.25169692636381
22414,5.459141308611201
22415,5.178560008358743
22416,5.791227883255294
22417,6.124194623218527
22418,5.1628227875736314
22419,5.454409893387426
22420,5.919780968718728
22421,5.36880333643952
22422,6.696730291280675
22423,4.662566430628207
22424,23.642519360100685
22425,16.20634544142894
22426,16.04986431458255
22427,29.385711964605512
22428,8.680394655812561
22429,4.176468567474226
22430,7.031440536112737
22431,9.976557370621336
22432,19.752623940299973
22433,35.03299874534518
22434,8.853608586891987
22435,3.680663830011928
22436,34.52626998063849
22437,8.675795395700517
22438,3.431238736352258
22439,45.43190650198042
22440,32.243111443159094
22441,62.60475554220678
22442,21.681527299460278
22443,20.686001337443372
22444,57.71738493547879
22445,27.32927542450857
22446,14.981279802151512
22447,9.955091206139166
22448,6.964109312517239
22449,6.853598088132834
22450,2.2913038476765015
22451,30.630017699984048
22452,3.914647292587893
22453,59.541048382968455
22454,45.911055891649085
22455,9.714899115569576
22456,62.89596693076465
22457,45.80376178953654
22458,62.946232221414824
22459,6.628455343700194
22460,3.924248285965424
22461,13.052256916673693
22462,12.802681562560926
22463,11.137579239001472
22464,10.768529965800784
22465,9.155098980158439
22466,5.8365299249659195
22467,8.214349457880036
22468,4.737244845227819
22469,5.851857899859545
22470,4.001226386085815
22471,5.851857899859545
22472,4.001226386085815
22473,8.462296138413354
22474,5.578738833776495
22475,4.11751536141863
22476,26.410636704556346
22477,27.61850350062506
22478,45.75388574931743
22479,18.21817626387772
22480,18.48826676118214
22481,3.3325980988140045
22482,29.90184639283273
22483,17.835226970532727
22484,43.12640656561413
22485,21.68553164944044
22486,19.572464488892663
22487,15.146701379185476
22488,13.259322371849404
22489,12.11233224774347
22490,11.877581951662755
22491,6.731734505680025
22492,1.9714913795965616
22493,13.157586465405535
22494,6.60645716562001
22495,7.523715978884418
22496,10.679975237323905
22497,10.679975237323905
22498,6.707947533882381
22499,8.294511474585406
22500,7.539913800357118
22501,5.8857009150430555
22502,33.29591611869115
22503,17.463249091941247
22504,15.121798189922362
22505,14.629414745601899
22506,17.97011608279814
22507,9.629076992794246
22508,23.591402128712325
22509,14.82374913914108
22510,22.709484001769987
22511,56.44305766267936
22512,5.907518357922536
22513,4.146195190028871
22514,8.641076685691775
22515,8.143384806800642
22516,1.9460549138245393
22517,24.038387284938047
22518,11.41479261874885
22519,5.9538782670593315
22520,4.290275214306732
22521,7.520108804950346
22522,8.000381672988004
22523,24.760036917142923
22524,56.624386690970184
22525,13.377749579075115
22526,10.144449891200377
22527,8.495036175513295
22528,23.147060260462148
22529,79.64145234903167
22530,43.724411699773256
22531,16.344678046817656
22532,11.414421158002662
22533,5.686074987270711
22534,6.943530365159778
22535,32.88214070608694
22536,6.777276019675178
22537,2.166680633963078
22538,11.017413875089042
22539,9.480814844958186
22540,7.7685666795002914
22541,11.395552196410872
22542,12.318325883145745
22543,3.227397558294507
22544,2.9322844172819686
22545,3.005012773626569
22546,2.6352885542473676
22547,2.0427278937752593
22548,2.388891401537623
22549,2.4079007716108767
22550,2.143200765715581
22551,2.206275124337646
22552,33.1540543500748
22553,8.63691079855974
22554,4.218276674548557
22555,17.446782238488666
22556,3.8628705975736075
22557,32.81339547678006
22558,574.5115372980858
22559,319.81369409841653
22560,212.62858115072328
22561,168.0574314014201
22562,140.42720637393316
22563,416.1764150489738
22564,234.16182587598232
22565,162.4896697224292
22566,139.40804510735995
22567,121.07561086773266
22568,32.06129836134344
22569,32.06129836134344
22570,27.445784616240868
22571,679.1892365306784
22572,361.4867237063461
22573,241.64139386554848
22574,192.00145571650012
22575,163.23695853035642
22576,514.3052858644525
22577,270.74717815635825
22578,183.48178291298046
22579,151.3884225909323
22580,131.7512911212807
22581,641.3008337053786
22582,347.16674082996576
22583,231.74873692655473
22584,187.29860270455248
22585,158.18065998688922
22586,28.831008425019306
22587,9.711695180841119
22588,28.723780271768348
22589,28.714628728854887
22590,30.712018034378048
22591,29.144019021908505
22592,29.609759659720623
22593,30.49442199238196
22594,7.896168434869059
22595,66.99098747782564
22596,51.63749566356103
22597,294.0566731392618
22598,176.8532411062796
22599,6.008468294844198
22600,5.864697835480651
22601,8.386593086061563
22602,8.978673301298262
22603,54.41951843143583
22604,44.57307109052425
22605,12.565661200511387
22606,11.669257393599494
22607,4.983044501735421
22608,11.019371774728087
22609,4.42763193387016
22610,3.96597141810733
22611,4.16306196451113
22612,79.26213717317025
22613,5.045185617694099
22614,5.6697804346884615
22615,33.55871873107781
22616,7.9532631511164835
22617,3.114239546337408
22618,59.80769969082069
22619,41.74313298484264
22620,29.1690260063317
22621,7.0149012505908
22622,3.025027347033115
22623,8.853476347146495
22624,3.355830990185005
22625,20.765223525363076
22626,18.722952724295663
22627,19.060858703783815
22628,3.52064636166694
22629,3.5073274130065895
22630,87.85884324133497
22631,66.6146478380924
22632,67.17168888602009
22633,11.626532425517006
22634,9.880676861246886
22635,8.360221940228795
22636,7.715006799211675
22637,4.380671211574581
22638,3.5499728452505463
22639,3.1688626901602714
22640,2.8644443775085846
22641,2.574712652191579
22642,28.755531633938713
22643,6.589969225336749
22644,2.6305749402094425
22645,58.29230130726242
22646,32.343452293334515
22647,25.744573136533564
22648,1.1878051296048295
22649,19.438189361056917
22650,4.609783651643141
22651,1.931078673765841
22652,19.840517803608574
22653,6.381451523669343
22654,3.3186019578039874
22655,5.91382326928248
22656,47.144001931875245
22657,29.60758298404799
22658,22.083152615357253
22659,15.542898415036369
22660,15.139732035260781
22661,12.749588031755263
22662,11.044044104059502
22663,23.59858628377055
22664,9.812698836044154
22665,4.504589094514291
22666,4.699154398863444
22667,12.915001908065495
22668,7.427546232009446
22669,31.455254136292538
22670,22.997472321876813
22671,21.497324501560083
22672,13.470071521530048
22673,24.021547605222544
22674,6.368561526456119
22675,8.597875456237816
22676,7.020644537214503
22677,7.993314538831724
22678,5.1476622503389065
22679,7.349468394568227
22680,3.268790449558182
22681,26.17413203140663
22682,3.7586450871957715
22683,3.700805291631392
22684,9.101947124363893
22685,21.87726942342941
22686,11.906444350400896
22687,6.238872649367234
22688,4.447308240511754
22689,3.2201302211020524
22690,2.8135623190713033
22691,2.6742308093083826
22692,2.5653382337412474
22693,20.749384358047863
22694,11.160655904737009
22695,5.400285378099142
22696,3.4769660194556065
22697,2.320729077172441
22698,1.9831184654817793
22699,1.8531881214416088
22700,1.753674095508131
22701,21.084784637171055
22702,11.34611268904567
22703,5.546785506267674
22704,3.6175521298270006
22705,2.433558751308569
22706,2.101468786383509
22707,1.9763775865211406
22708,1.8759345788447823
22709,20.588201938471066
22710,11.188512116464883
22711,5.4895431128489465
22712,3.5587084352790423
22713,2.441365307327734
22714,2.1214190993388184
22715,1.9534662869798243
22716,1.8792052171865632
22717,4.812016558142268
22718,9.350468417887372
22719,8.442993664041156
22720,4.830846362492422
22721,4.739439088626176
22722,4.42693312793816
22723,20.58394484254802
22724,11.1820515382726
22725,5.483684081422816
22726,3.5579585070337023
22727,2.4314337912261257
22728,2.10115588006211
22729,1.9687387810595787
22730,1.8888932105096266
22731,21.505355948162524
22732,11.846804671751148
22733,5.991317267891409
22734,4.043595181254816
22735,2.901526132803748
22736,2.547956584733562
22737,2.407637402955044
22738,2.3130080055423283
22739,20.771595509293643
22740,11.21842398557435
22741,5.460942449510467
22742,3.5437354836654
22743,2.382585623989168
22744,2.0522657837822984
22745,1.9231166221308946
22746,1.845246406761359
22747,21.741925286233922
22748,73.20210934880743
22749,1.6719163141235036
22750,23.298540441793634
22751,13.417626166071216
22752,7.566704558864916
22753,5.155238331665943
22754,3.744117327684969
22755,3.3847672466310375
22756,3.2555645668541313
22757,3.197957615817643
22758,20.634655133366472
22759,11.347167987468639
22760,5.69330658916336
22761,3.86998756645471
22762,2.749744362915397
22763,2.3809030634307127
22764,2.2504100532606808
22765,2.176853373534397
22766,32.14642241326242
22767,18.441430414166494
22768,11.153706705106384
22769,7.672081500975759
22770,5.177965690864938
22771,4.726337246180771
22772,4.360199280348626
22773,4.191327347352949
22774,21.884370048794686
22775,12.390698652435592
22776,6.638628600575527
22777,4.814354163857197
22778,3.657131649563323
22779,3.2967746814671206
22780,3.144858678170718
22781,3.069936539535007
22782,1.5618613680620723
22783,21.011329422979582
22784,11.486642748909102
22785,5.630162018152214
22786,3.6667166741403596
22787,2.5522447122143124
22788,2.207828710110001
22789,2.0809453771280157
22790,2.0160408820961706
22791,21.9710568621104
22792,12.382196627541912
22793,6.60737092429238
22794,4.7305302922000525
22795,3.59611137814794
22796,3.2279462328505213
22797,3.1071739041964093
22798,3.011956455303408
22799,21.213333539464976
22800,11.784055513052527
22801,6.153148269925045
22802,4.21273082850817
22803,3.147622113099753
22804,2.7603138126335303
22805,2.6595016773361895
22806,2.5571305068219576
22807,22.800535425533024
22808,13.394902546515214
22809,7.4244032957128425
22810,5.414343017946926
22811,4.378484673379291
22812,4.016936747004827
22813,3.8520550185637075
22814,3.7446191247094376
22815,21.632281170118763
22816,12.191352730714309
22817,6.459045502906244
22818,4.547061308876477
22819,3.4358426474907553
22820,3.064202071955149
22821,2.973022788818848
22822,2.874437903083294
22823,21.61753813675795
22824,12.139706543192329
22825,6.424969940533883
22826,4.4501670215343845
22827,3.32354804961384
22828,3.0016912993404903
22829,2.8842414840681094
22830,2.7916896937357176
22831,21.65122993457323
22832,12.132690725806292
22833,6.418596965846122
22834,4.549670841539755
22835,3.3813716303037236
22836,3.029849474884497
22837,2.8829507614331615
22838,2.8037774713728907
22839,21.74227037921639
22840,12.094699250358367
22841,6.299453447479477
22842,4.450977239049539
22843,3.307863144276677
22844,2.9719802121176677
22845,2.858429423223291
22846,2.7515573031534966
22847,21.15149725408467
22848,11.616227798710959
22849,5.875507027807231
22850,3.9585059199168096
22851,2.824588505060448
22852,2.509785392887199
22853,2.3641244883499937
22854,2.2846425635466847
22855,20.998644621815586
22856,11.45095598149948
22857,5.738534482542382
22858,3.835367169469884
22859,2.65744830068903
22860,2.365439717410424
22861,2.2296913125379327
22862,2.148471967270761
22863,20.998644621815586
22864,11.45095598149948
22865,5.738534482542382
22866,3.835367169469884
22867,2.65744830068903
22868,2.365439717410424
22869,2.2296913125379327
22870,2.148471967270761
22871,20.593331343761204
22872,11.077203564552981
22873,5.305872020591222
22874,3.3978293065753706
22875,2.264813245708275
22876,1.9411891257715672
22877,1.7982406059365914
22878,1.6942787076701253
22879,20.593331343761204
22880,11.077203564552981
22881,5.305872020591222
22882,3.3978293065753706
22883,2.264813245708275
22884,1.9411891257715672
22885,1.7982406059365914
22886,1.6942787076701253
22887,21.694847714904366
22888,12.651711539889607
22889,7.00600094030731
22890,5.079197040185742
22891,4.004575976600268
22892,3.660044117531515
22893,3.5165783564103554
22894,3.4775189295659126
22895,21.839057429632387
22896,12.33629040679744
22897,6.674082865104609
22898,4.796859125364069
22899,3.642398797248119
22900,3.3321883999260695
22901,3.2131774693071407
22902,3.1382183776348174
22903,21.954057179741156
22904,12.377922306853044
22905,6.5714073939718824
22906,4.623146030589734
22907,3.4961786814334457
22908,3.1594313177157054
22909,3.0093161955024814
22910,2.9182841946702966
22911,30.901151087732202
22912,18.9602125726245
22913,12.663127389817113
22914,10.25004663721141
22915,8.621666638027422
22916,8.137868502854783
22917,7.947583199877984
22918,7.732617771962849
22919,21.598625348953597
22920,12.129517882962194
22921,6.444934249367785
22922,4.704863207950652
22923,3.5826957544648605
22924,3.1807624504505188
22925,3.0403924097753126
22926,2.948899154700171
22927,19.30568575724408
22928,10.683028469523471
22929,5.517035331991309
22930,3.810607361518869
22931,2.74648609890842
22932,2.427283255260554
22933,2.2689479672334967
22934,2.1855869351032355
22935,135.2061094661537
22936,73.60231367056768
22937,51.793221061884
22938,44.02995530510933
22939,36.272290764412475
22940,21.44267537769816
22941,11.900589569848993
22942,6.064787542839907
22943,4.130686880029476
22944,3.015352068833539
22945,2.6991832157010185
22946,2.554698725362657
22947,2.4532515301876643
22948,20.439360113481985
22949,11.089767158645095
22950,5.406916439673307
22951,3.5063881084662007
22952,2.382919811376308
22953,2.09600986958693
22954,1.9377428242795953
22955,1.8597924638348515
22956,21.760282467124192
22957,11.931463342769439
22958,5.952847299032587
22959,3.9689497137634557
22960,2.8216007190940484
22961,2.5881802232953253
22962,2.4319978860649303
22963,2.3270433881488835
22964,20.09978734411154
22965,10.801154294329358
22966,5.188580783879882
22967,3.3653696945742007
22968,2.216886564817499
22969,1.848283500988048
22970,1.7081630147538756
22971,1.6500737705707027
22972,21.965460603195808
22973,12.370691822604266
22974,6.678601922561791
22975,4.7868368365824265
22976,3.6144458052900417
22977,3.2809291268938714
22978,3.1574661223033385
22979,3.084477801240429
22980,21.81021424933618
22981,12.200467768727739
22982,6.407900978879226
22983,4.54010515788497
22984,3.3085531531029924
22985,3.0261636493561808
22986,2.8812360654187543
22987,2.799916810353864
22988,21.034529107017647
22989,11.456499029643215
22990,5.682133054062544
22991,3.7970621794830444
22992,2.6174668216669708
22993,2.287779093205298
22994,2.1605500114628104
22995,2.070272140019422
22996,21.416881880705272
22997,11.990247927676629
22998,6.277598539545842
22999,4.280644648451153
23000,3.1866418291419727
23001,2.8062404876273073
23002,2.7048386579529877
23003,2.612285209642673
23004,21.422874854012026
23005,11.873496093773737
23006,6.190547849896094
23007,4.206697884389886
23008,3.075152147660669
23009,2.7722942330464297
23010,2.611053462544001
23011,2.496081598820914
23012,21.60228922724853
23013,12.003963960100837
23014,6.307160073313429
23015,4.411469655369515
23016,3.285845913736107
23017,2.9416969879184225
23018,2.7734827096797052
23019,2.6464088155149335
23020,20.991071743894235
23021,11.304875847661044
23022,5.485385268852453
23023,3.5248125501310748
23024,2.330327071430631
23025,2.0123258001214075
23026,1.8824785839975344
23027,1.7914307271093193
23028,21.928325939763766
23029,12.325082551978408
23030,6.589495722350433
23031,4.689212401232593
23032,3.516318662775449
23033,3.2239091602809955
23034,3.0808791081047096
23035,3.0036627238152986
23036,23.425945159193127
23037,13.513294840182153
23038,7.376132707862104
23039,5.374645520596559
23040,4.037093092947822
23041,3.6530093397789765
23042,3.4881243406993274
23043,3.418328701863743
23044,4.368544487732761
23045,2.7930646043862537
23046,2.784276995403419
23047,21.501601208584002
23048,11.709107460147585
23049,5.787830047028123
23050,3.825865068974596
23051,2.6295462858180816
23052,2.3525306607950762
23053,2.176153712194057
23054,2.08468317773006
23055,21.686368776494156
23056,12.106924248605068
23057,6.261289030862926
23058,4.285492596393686
23059,3.1527915022888635
23060,2.7817870879999855
23061,2.632878104353547
23062,2.5289748492318367
23063,24.84675318290633
23064,13.8689688812483
23065,7.740514695945971
23066,5.6874065445625765
23067,4.3578998719612425
23068,3.9448960012017187
23069,3.8286661880950232
23070,3.751515121729586
23071,95.70321246229432
23072,35.09486445938152
23073,22.22240526435904
23074,16.762192767037497
23075,13.471277882349957
23076,20.556938863506947
23077,11.245698353826716
23078,5.590144614342521
23079,3.6639630664359624
23080,2.5833840798042766
23081,2.228377416793778
23082,2.0741558475402035
23083,2.000270835862456
23084,3.370439095810849
23085,2.5343506621116973
23086,2.1558337128564258
23087,2.0391407464870523
23088,26.62941665467395
23089,16.31906995135355
23090,10.146706919240431
23091,8.325040690984848
23092,7.22025556253873
23093,6.84032522713116
23094,6.658015645147213
23095,6.547805126907152
23096,20.149815954273087
23097,10.950664362312768
23098,5.330354010642785
23099,3.451073055369731
23100,2.3807878548687205
23101,2.0464916867268474
23102,1.9168086239580264
23103,1.8323636499113083
23104,22.04977382081007
23105,12.355041178460795
23106,6.54094132735648
23107,4.5702945532303705
23108,3.422036288125521
23109,3.1092684239675767
23110,2.992102157781474
23111,2.861247051222228
23112,21.49388582571165
23113,12.142147043656312
23114,6.440742030470316
23115,4.539018254493432
23116,3.402121591842797
23117,3.045936368786344
23118,2.900204643964323
23119,2.8268585965424435
23120,21.639525408424745
23121,12.142569243598558
23122,6.43179140294303
23123,4.521454830039465
23124,3.4155667855119902
23125,3.066778821017254
23126,2.9126122217612584
23127,2.8515221670961903
23128,28.06161296949484
23129,17.958825209261946
23130,11.79823536230136
23131,9.054011072274816
23132,7.748830799284954
23133,7.361288332680974
23134,7.198273310393736
23135,7.090641970814576
23136,21.56950744648411
23137,12.046473819716882
23138,6.480238602257449
23139,4.397051557913693
23140,3.283089494615444
23141,2.872000711893042
23142,2.7120322813793742
23143,2.6576655032621748
23144,22.454226158426135
23145,12.599202157636121
23146,6.380486566910928
23147,4.178946584956538
23148,3.0317113112524967
23149,2.66896668857749
23150,2.5417267099292653
23151,2.4558532154616444
23152,31.2658639719557
23153,22.046982805537006
23154,15.75657331084312
23155,12.595326418607083
23156,10.752496031411011
23157,10.3778985371519
23158,10.314122797770542
23159,10.310353511251115
23160,27.02334328621806
23161,15.891990485251833
23162,9.134280802284295
23163,6.603901900175149
23164,5.3401000951526285
23165,4.925707457643938
23166,4.7712178867090085
23167,4.684065938406011
23168,26.66493572202943
23169,15.484582551592172
23170,8.759780413356022
23171,6.629869680459095
23172,5.202051316627671
23173,4.860669468886747
23174,4.680966877817408
23175,4.557200669852289
23176,33.137221578229756
23177,18.694080823472916
23178,15.070502174389569
23179,12.018158638238964
23180,8.841682625639983
23181,103.98998072928951
23182,52.22668202751234
23183,32.40244520709899
23184,30.523124818536473
23185,29.14134449756416
23186,162.0550817285339
23187,69.64247259255205
23188,44.15688679109649
23189,37.76035105832232
23190,25.73304764592489
23191,16.70827241439037
23192,3.2698665100832773
23193,2.2269315441804074
23194,9.764854515260112
23195,10.559957969848996
23196,4.751354378918807
23197,22.67472207464196
23198,33.450775124892004
23199,8.864366742919923
23200,5.205583635325745
23201,1.9935275976882403
23202,6.464117995490506
23203,22.769837435238138
23204,4.271861656824986
23205,7.266200576265896
23206,6.029339461289942
23207,6.048710824189614
23208,4.014440033712257
23209,11.941495347484178
23210,6.844880077781719
23211,6.111557584500521
23212,4.941931854884961
23213,7.831005190930591
23214,5.225489656992685
23215,5.915008381611921
23216,7.61215103971589
23217,5.669011760454212
23218,4.918378724957313
23219,8.85522561844733
23220,7.59878905236647
23221,4.412203859898831
23222,8.748286098120118
23223,6.778841004540045
23224,6.7063622594932095
23225,7.735414431694038
23226,7.974541765000689
23227,7.735414431694038
23228,7.974541765000689
23229,5.594291786694697
23230,76.30101509118919
23231,48.4270516765787
23232,36.86381233977123
23233,24.871756224725136
23234,19.011143521754303
23235,15.085165628407857
23236,12.73605934027059
23237,12.512507979851891
23238,32.91218991476917
23239,1.9601955575685093
23240,3.685664322015324
23241,9.335872924399421
23242,7.194054518606523
23243,37.17731830868021
23244,246.54659809700092
23245,75.79694307585746
23246,25.830947317016633
23247,121.1222923967273
23248,53.757805864918616
23249,33.35612385987157
23250,12.635735305324381
23251,31.139306176941698
23252,36.71519443350745
23253,13.974406776368973
23254,71.56863023482077
23255,6.1534295729985455
23256,6.671232954382858
23257,33.63218030894658
23258,33.63218030894658
23259,44.65582189251677
23260,1.9240172247937952
23261,1.7911532825523049
23262,1.6152313685776563
23263,1.6224673534656608
23264,17.237512818341006
23265,46.62195478140082
23266,30.408948304703944
23267,24.599782819199767
23268,18.03905733258735
23269,14.886871906694868
23270,12.713935089425716
23271,10.782314402605708
23272,10.622149684216733
23273,36.01320395878126
23274,23.860280483828024
23275,19.08281224935214
23276,13.82479901449544
23277,11.825694485598103
23278,10.936908127388527
23279,9.293414947223344
23280,9.072613223244975
23281,5.387265328171961
23282,82.31176322488142
23283,19.404490983274382
23284,1.9523808466894226
23285,1.9618058965470233
23286,11.470096463398862
23287,26.533156112976812
23288,20.293701578243294
23289,3.2404074525458926
23290,3.2731371661004274
23291,9.325794075141593
23292,10.48283421120431
23293,27.840750724733677
23294,32.02621350534268
23295,8.508322436638721
23296,4.391632376780834
23297,50.570510437578406
23298,6.372172443139386
23299,18.767554539453773
23300,4.339331169292333
23301,7.095683378628145
23302,1.763668177131023
23303,1.736559299346521
23304,6.847200052749893
23305,1.8248077170463328
23306,6.859948746397362
23307,6.318970657659193
23308,3.870851196616339
23309,5.76646667293671
23310,14.03870251483352
23311,5.981224946759866
23312,8.146946763875542
23313,8.12349705818114
23314,6.102628694646164
23315,6.0487326515990505
23316,7.848024638023329
23317,30.011136959528045
23318,7.6707180626096445
23319,3.4742500801721103
23320,144.95371963621852
23321,25.4492538398254
23322,4.113652599015385
23323,5.388969883284554
23324,7.985713497871062
23325,1.92130742183079
23326,59.15703665482847
23327,38.47976136806672
23328,30.08475721548213
23329,21.636374693247078
23330,17.84359934081604
23331,14.443923186483616
23332,12.565280487577846
23333,12.419468370259665
23334,27.52414869182069
23335,13.95924391778467
23336,4.4006572550411445
23337,4.213610322573947
23338,5.420383343461816
23339,4.83877893558829
23340,6.657115309595179
23341,14.550713718617596
23342,1.5567725163443356
23343,1.358706015880111
23344,52.93991408717557
23345,20.62122917330354
23346,11.57629174252977
23347,11.371024907104054
23348,14.311388924832134
23349,9.294493990907466
23350,7.081701481198726
23351,6.278251708990516
23352,2.560386602326874
23353,26.1496596923604
23354,5.676773573631811
23355,1.7095753711722286
23356,10.178737093463788
23357,10.564905759987553
23358,10.586307809716768
23359,22.916546246321538
23360,26.644038067916583
23361,17.656120414282356
23362,49.809577716885485
23363,35.14826167834163
23364,45.24364557953058
23365,31.271371769799018
23366,40.83870790504153
23367,26.412853347157103
23368,53.67098997326456
23369,35.84160614014602
23370,52.394877789381034
23371,43.76980248746394
23372,38.43182988551493
23373,34.8357397335274
23374,9.819687316928427
23375,5.390339629865778
23376,34.630311495177466
23377,9.771618478157524
23378,5.259667645802436
23379,10.709825238931689
23380,10.429859900152245
23381,27.542765743981427
23382,26.58795640952633
23383,15.757465514286627
23384,6.298515751566428
23385,3.7632578856359564
23386,6.651621279879925
23387,3.6232226124164946
23388,16.16327429403704
23389,36.51498062671489
23390,24.302204274095168
23391,18.634703882326157
23392,6.910037723726537
23393,7.492528669389035
23394,17.290835429075514
23395,5.690560255995406
23396,16.668304501939883
23397,5.4595373881677105
23398,16.861616413261487
23399,6.069025614003696
23400,19.420901514169838
23401,6.860780795575405
23402,15.116745353828541
23403,4.344223733617982
23404,20.76930243587826
23405,7.760675861584679
23406,20.255181777625182
23407,7.235797892114817
23408,14.960341294792473
23409,4.309243704997906
23410,15.103932016471465
23411,4.2172492751584345
23412,16.731727097451724
23413,5.440543660587551
23414,15.091311359825268
23415,5.750968268682423
23416,108.04855458148695
23417,70.99109731484816
23418,41.089283728993266
23419,2.859783517825417
23420,3.9083697875219197
23421,8.555360157634903
23422,7.19910469448592
23423,22.826584651213054
23424,48.18383442285938
23425,5.428818567922962
23426,4.44524645754895
23427,29.507556727796377
23428,37.24463627161639
23429,58.427384890572945
23430,24.536739764053394
23431,37.50140941956911
23432,180.27230483235797
23433,123.37582647663628
23434,93.31914022213422
23435,82.67635861947215
23436,66.0734203325825
23437,13.011560764638974
23438,5.071199735582637
23439,4.413468438841209
23440,6.69262288187813
23441,27.849030661596473
23442,35.05923718665313
23443,5.677758384769173
23444,5.193768942351251
23445,6.003893016869915
23446,2.831360878844481
23447,3.5185226834048096
23448,20.76391314259012
23449,21.787275985886954
23450,15.006569699288566
23451,13.28231382551334
23452,9.071030067603488
23453,7.219230918492009
23454,24.437099868869183
23455,16.138335414453707
23456,13.790401118515852
23457,9.487630193665227
23458,8.121001999106989
23459,6.298398688189543
23460,51.35981647040289
23461,25.18466986850361
23462,4.492423753139738
23463,28.651479028551062
23464,6.903090243486497
23465,2.678165439076035
23466,3.708852556788781
23467,5.312878665151594
23468,29.462599183836982
23469,13.324207223335456
23470,40.97745872450077
23471,19.959837757813293
23472,13.843930383826084
23473,6.912350526155638
23474,15.661260605412734
23475,44.84963583235779
23476,69.60516783654765
23477,10.349095575949422
23478,28.73417255402433
23479,3.5802807877057736
23480,28.81092097818496
23481,7.225773202729123
23482,3.509727193408462
23483,7.657587046109993
23484,8.477244468714323
23485,8.614351442109774
23486,33.552486840772474
23487,8.943991554022098
23488,4.173142879333999
23489,6.2472223707559404
23490,6.163563264496863
23491,6.24394631810493
23492,5.434690504428371
23493,9.221931941818301
23494,7.637341242529414
23495,21.24490414753714
23496,7.9361616881088395
23497,17.675340659999073
23498,8.535974553321328
23499,47.99175279513939
23500,47.83498082699002
23501,41.94513526911928
23502,50.24214060755797
23503,41.94513526911928
23504,23.45556277433986
23505,6.973059317491929
23506,6.159024926965854
23507,6.461529576349906
23508,6.167276723728753
23509,6.469939499406758
23510,7.529936569777956
23511,7.926524020571982
23512,8.18157234873295
23513,5.276268884201657
23514,5.652365913615255
23515,4.9618620967285585
23516,5.261284929624567
23517,4.8062802079864575
23518,5.021539519977873
23519,4.655073163005845
23520,4.743275435345258
23521,2.472815393896612
23522,3.7652234412704986
23523,35.142954210470805
23524,28.122438155017335
23525,27.8562382057647
23526,32.27886221679411
23527,23.55149231844037
23528,25.83534060583071
23529,28.026825873266915
23530,28.165659628177263
23531,23.8878781442206
23532,16.028098123272237
23533,14.271806287897682
23534,10.33511586866004
23535,9.126037188809574
23536,8.225490936173076
23537,19.769973903067587
23538,13.508526238442254
23539,11.746328720114793
23540,8.451285598572323
23541,7.182967139321358
23542,6.722729255191063
23543,19.769973903067587
23544,13.508526238442254
23545,11.746328720114793
23546,8.451285598572323
23547,7.182967139321358
23548,6.722729255191063
23549,18.836634538892653
23550,12.213222278470656
23551,10.38127030009699
23552,7.633176497072151
23553,6.649595483182258
23554,6.1532988265201185
23555,19.099946275551154
23556,12.355115716251177
23557,10.607749187713868
23558,7.6856627391831855
23559,7.092560667817496
23560,6.682048109261705
23561,18.947596649010734
23562,12.298953662547477
23563,10.544496762976664
23564,7.646647695875851
23565,7.028122721645662
23566,6.711995494152804
23567,18.973182309820395
23568,12.212663919791387
23569,10.338626278759767
23570,7.5536220825365
23571,6.57459768679451
23572,6.077845816481929
23573,20.602395723527522
23574,13.603528083953309
23575,11.74132169819072
23576,8.269617042439148
23577,7.146969105978719
23578,6.378302010742778
23579,18.973182309820395
23580,12.212663919791387
23581,10.338626278759767
23582,7.5536220825365
23583,6.57459768679451
23584,6.077845816481929
23585,4.905198919318966
23586,18.973182309820395
23587,12.212663919791387
23588,10.338626278759767
23589,7.5536220825365
23590,6.57459768679451
23591,6.077845816481929
23592,4.905198919318966
23593,16.43456975279778
23594,9.978400970856582
23595,8.325050405960372
23596,6.28792551131914
23597,5.117317173760634
23598,4.3727024014571905
23599,4.086462845444638
23600,23.70270490145146
23601,14.754815501857191
23602,13.065423595402935
23603,9.273198394085092
23604,7.958819365805072
23605,6.82505405957995
23606,6.428475165980454
23607,16.49932081087944
23608,13.658435403735075
23609,10.27208730651602
23610,8.68246356609607
23611,8.03823658453808
23612,7.699614565304254
23613,4.3200352767035906
23614,8.01656125776197
23615,9.78654160521815
23616,58.39351026478552
23617,45.40384598634005
23618,36.69764156922523
23619,32.658144531065886
23620,25.648378644717987
23621,22.018936780261946
23622,44.212064879134424
23623,29.869735743337856
23624,6.882745543836767
23625,6.139635305151867
23626,10.653112888887863
23627,10.509292756092945
23628,2.500508150511182
23629,17.928006160949668
23630,11.388898693533267
23631,9.559655506412675
23632,6.8613220998559
23633,6.021492672310676
23634,5.473951013337455
23635,4.617558347558746
23636,4.177911066350132
23637,17.556611459860015
23638,11.174529998398322
23639,9.431778583607448
23640,6.771295672146319
23641,5.9253483444230355
23642,5.436006755520444
23643,4.541965760058269
23644,4.103160265920095
23645,16.776198727327582
23646,9.780706350753105
23647,8.223081723903274
23648,5.883204057316357
23649,4.7984354215504155
23650,4.264877617419322
23651,3.83386383161847
23652,3.532812388377343
23653,5.083645800625619
23654,2.8547034498177517
23655,2.465361017444671
23656,8.61014580635523
23657,19.292552311533825
23658,20.118359131733687
23659,13.185581481667622
23660,2.6097191531192143
23661,2.587838131891045
23662,2.2217680067841252
23663,7.672399152493723
23664,1.8614082653190818
23665,1.6708191756611535
23666,28.075126650245174
23667,102.2383585390421
23668,123.29135172514857
23669,46.72815108630316
23670,52.15825732948073
23671,68.57694446477183
23672,20.960589466007526
23673,8.106341391500399
23674,15.3637530052402
23675,5.953571427422283
23676,15.3637530052402
23677,5.953571427422283
23678,17.231473852982496
23679,7.596006726701434
23680,11.574006082095067
23681,21.6518048763596
23682,15.095409567300006
23683,13.972067359514636
23684,9.65105878274677
23685,8.114453581967306
23686,6.985594842341485
23687,5.8360263203421345
23688,5.675598071428914
23689,18.48536475880184
23690,11.772141160682215
23691,10.142869089481332
23692,7.692954844074754
23693,6.780211128607727
23694,5.6932749057816725
23695,4.847624288820915
23696,4.466777257309237
23697,3.65568667877893
23698,49.281518320340126
23699,9.628614676988942
23700,7.3729563965444225
23701,19.078655493331876
23702,12.905489168912833
23703,34.05979973068533
23704,7.102072186876104
23705,2.0292517466346984
23706,30.742733245778076
23707,35.27799480550911
23708,5.078753940100286
23709,2.3847000617662477
23710,6.1722633779321034
23711,24.690430855459084
23712,15.810632914091297
23713,24.901626813448022
23714,15.9606595738396
23715,17.566519756229386
23716,12.074882954116445
23717,13.447705384746122
23718,39.755403857883536
23719,1.7557773205740084
23720,3.646418413999898
23721,31.433562614243137
23722,17.805624644601888
23723,4.995003387455261
23724,4.9404883448776165
23725,6.154387524813352
23726,6.489570125792774
23727,7.423678841877351
23728,7.479309898677707
23729,4.4487082370435775
23730,4.245738777538159
23731,7.181105167613962
23732,54.060342401786464
23733,4.443224935597694
23734,34.08312595737262
23735,33.294067166062604
23736,11.588573860309857
23737,23.673453003317398
23738,7.608830140102789
23739,12.95055228138947
23740,7.707548145185711
23741,6.027304146655214
23742,4.432405266944432
23743,3.52042238684792
23744,2.7878523082149553
23745,2.3883116895077277
23746,2.093789146763018
23747,5.47697386329823
23748,6.479965244358681
23749,6.886779971324205
23750,6.930080791468258
23751,19.371686109662086
23752,12.654347523978805
23753,10.826077186793011
23754,8.717152072005362
23755,7.735328992116427
23756,7.034483098809186
23757,6.751126083079438
23758,16.920128986807015
23759,1.9160594281107972
23760,120.85121905289446
23761,64.84316285064239
23762,44.21113403153712
23763,35.647424767515346
23764,28.667427956004495
23765,2.042579362139476
23766,1.726126607241147
23767,14.14725763177661
23768,6.861322370324833
23769,6.713878290879197
23770,7.150280684029802
23771,18.28574609408966
23772,5.909259132722933
23773,4.914642552350676
23774,3.5523502803937603
23775,30.272740731987255
23776,41.42643447270379
23777,41.09479384780118
23778,4.773374053651057
23779,3.938003348811872
23780,5.686051990599214
23781,5.368456676692507
23782,8.224912604266354
23783,15.908460073087193
23784,8.133525659093365
23785,3.7760168192895747
23786,5.723593176228112
23787,46.80828581628386
23788,17.079104420324395
23789,17.40418736273272
23790,13.743963537835567
23791,18.566389945949503
23792,10.133024917439425
23793,7.146530728550573
23794,6.630820514465881
23795,15.073648977295113
23796,12.403102880647463
23797,2.867985417462913
23798,3.035154904449578
23799,7.514113848382945
23800,18.2342972705292
23801,16.742751782095844
23802,17.585337875701608
23803,17.880864710417487
23804,14.892020724255623
23805,15.219244491366004
23806,3.334966386544153
23807,10.44657010397741
23808,13.523027668271643
23809,8.374591500681404
23810,23.673453003317398
23811,7.608830140102789
23812,8.985659030722465
23813,10.691198116320674
23814,8.985659030722465
23815,10.691198116320674
23816,9.87669910321904
23817,9.87669910321904
23818,22.45588225551247
23819,8.5154524390771
23820,17.60349812580489
23821,6.700231057664583
23822,4.5011110272405555
23823,32.545573756945075
23824,34.56979639555317
23825,45.95724130527369
23826,35.14849723553077
23827,33.71574010288335
23828,48.96971363294092
23829,80.78904146422568
23830,43.32252842078617
23831,30.552591591145056
23832,24.911456902623062
23833,18.75401021945927
23834,6.6368660930610615
23835,4.875489870031298
23836,7.659223270322808
23837,8.133444319934942
23838,40.27391887518258
23839,13.86715703231084
23840,5.301488960502557
23841,20.36959456305612
23842,8.366110107771805
23843,5.780109237688647
23844,16.153399471785974
23845,6.200687650383151
23846,14.768266253579858
23847,5.530559146862605
23848,81.74404650956619
23849,67.02764607806203
23850,52.12497450302091
23851,4.290680529021742
23852,2.4782623229860397
23853,9.419032247387083
23854,40.129522315083555
23855,26.73257389949257
23856,23.981662114957516
23857,19.550292129790282
23858,17.072189598413036
23859,15.484595676279927
23860,6.685366089418364
23861,20.21767335161606
23862,30.864600997871374
23863,60.97890186456778
23864,4.055160021814565
23865,15.683598983675491
23866,11.201026670344136
23867,2.516954301048738
23868,18.0763245019117
23869,20.23989044527029
23870,3.335932723381182
23871,1.2177945004501394
23872,4.119615064618386
23873,206.53999856773768
23874,5.1120342324587025
23875,247.11691154154335
23876,16.172297603776308
23877,17.237461389046597
23878,5.778939561120152
23879,12.715612907713778
23880,8.771740298172743
23881,128.0952023147489
23882,9.340747313983854
23883,25.15995996660753
23884,15.867016063279378
23885,12.778157071245131
23886,10.236709353975694
23887,6.73492996737902
23888,5.575816365584162
23889,4.8216147220469505
23890,19.12623023183722
23891,12.253450456884282
23892,10.434837752157055
23893,8.320087103858361
23894,6.299477987729923
23895,5.017674542052403
23896,4.4493451712794
23897,6.854524959662602
23898,4.3792254832436015
23899,26.74592148970082
23900,5.1439076959310714
23901,101.8351112412713
23902,56.65930447548178
23903,41.92978058052824
23904,35.505151133643764
23905,28.296779680948223
23906,75.69790088331783
23907,40.49705186234289
23908,28.472141190934142
23909,22.538133786821533
23910,17.70317800879488
23911,96.7564670553786
23912,52.85866972546451
23913,36.06582056384313
23914,29.32578147000749
23915,24.20843452800395
23916,98.99627578650068
23917,53.29476467794058
23918,36.22855501867839
23919,29.147717569525774
23920,25.056373095270523
23921,98.99627578650068
23922,53.29476467794058
23923,36.22855501867839
23924,29.147717569525774
23925,25.056373095270523
23926,38.38082701142403
23927,32.524012116621456
23928,96.81520030270872
23929,38.539229379869056
23930,27.594216047313076
23931,94.41459627109987
23932,36.95750953193779
23933,26.230668930369998
23934,4.712494253941476
23935,7.060658516680125
23936,6.11078531820407
23937,3.5066025641476486
23938,5.23255426780275
23939,4.93156556961528
23940,5.464039513409087
23941,3.285873307452045
23942,3.2412845965652815
23943,4.813390102096772
23944,6.826866248780794
23945,5.154136733438853
23946,15.413380410536568
23947,6.887786364285208
23948,3.948442861038395
23949,103.58054194419535
23950,40.071892466703865
23951,27.85406508246149
23952,9.364603773407762
23953,21.195725411999593
23954,14.874287195467872
23955,12.784718464399814
23956,9.483834076007955
23957,7.8911744312693815
23958,7.233088837122744
23959,6.922833244756875
23960,45.46034128582519
23961,5.726579199450073
23962,4.792393710830569
23963,19.75232692550439
23964,57.58038162096185
23965,49.36121650425656
23966,6.463847272056814
23967,101.05696454262596
23968,38.357961220758554
23969,25.58368541013792
23970,4.894592220157569
23971,18.18233615930257
23972,10.32506512020959
23973,8.848301772785542
23974,7.369964472550935
23975,6.096422051673285
23976,4.575092319389414
23977,93.70680652933171
23978,36.50947350483703
23979,24.355578194190187
23980,7.180067336842825
23981,29.426220171233293
23982,18.05995447583159
23983,11.114251785548296
23984,8.738445093013222
23985,7.305780874484531
23986,6.912637564146475
23987,6.747825211338517
23988,6.673536429367129
23989,23.019009459688867
23990,13.143582570715562
23991,7.109888936320727
23992,5.287647684129205
23993,3.9804526769030857
23994,3.707596345979149
23995,3.5605030830270694
23996,3.4567556217919524
23997,22.956416104340956
23998,13.446949184356315
23999,7.21638126647707
24000,5.17126793619784
24001,4.048279405553056
24002,3.7758072685527937
24003,3.5887238379320228
24004,3.5249449919513043
24005,22.270981035005097
24006,12.340242091051799
24007,6.415711390882397
24008,4.487691642359089
24009,3.3099586292322254
24010,2.965495919184939
24011,2.851580900832925
24012,2.7807850554387024
24013,29.571220852724885
24014,17.4904931236252
24015,10.09739727801595
24016,7.733789460778395
24017,6.266253010978829
24018,5.7677283451650165
24019,5.573967841252373
24020,5.530081745619279
24021,32.99432670060502
24022,21.147044569861528
24023,12.553297597696695
24024,9.427634877784085
24025,8.220719520102644
24026,7.648560588300985
24027,7.516659857783199
24028,7.4538120959342145
24029,32.71796402908436
24030,21.492862573844224
24031,13.055253936960565
24032,9.540556049618932
24033,8.358034641253981
24034,7.782084833383534
24035,7.633339885195967
24036,7.563678806964873
24037,30.17200199253271
24038,18.745677270450475
24039,11.528812455663795
24040,8.909072493411095
24041,7.511511740241709
24042,7.109175676352351
24043,6.976414243658404
24044,6.828529349108365
24045,29.708532164281223
24046,18.135414237600006
24047,11.043830398532435
24048,8.447440445092525
24049,7.041266444510822
24050,6.640270555168442
24051,6.470725510150859
24052,6.340225040331502
24053,17.694246504860274
24054,12.044177239599867
24055,8.762253444951622
24056,29.017111984986727
24057,17.342820475549544
24058,10.069884911064682
24059,7.714368612830413
24060,6.274234241973854
24061,5.722581347784546
24062,5.432230984072996
24063,5.4235416717834095
24064,23.682531402359224
24065,13.568316759853525
24066,7.459511202882643
24067,5.19212348132237
24068,3.8622969496255886
24069,3.49550312582921
24070,3.392675214254084
24071,3.3128042765382704
24072,2.2473442173926443
24073,2.0988216309338728
24074,1.8817172384902559
24075,1.817573000758234
24076,21.533713322729263
24077,11.971644490224683
24078,6.32891523025157
24079,4.393033107716466
24080,3.1924788372132658
24081,2.888807070157968
24082,2.721636678758016
24083,2.688355828018909
24084,6.739339996853722
24085,28.993512842846634
24086,16.83137246901412
24087,9.872175390538953
24088,7.533486059865479
24089,6.114167481465699
24090,5.77457960280192
24091,5.5963002370772035
24092,5.489730778936926
24093,21.677051869380303
24094,22.763589744817263
24095,12.989180012654353
24096,6.977922478725409
24097,4.879671536307916
24098,3.670018316151616
24099,3.3758621017793935
24100,3.2322783093347995
24101,3.1731397998198334
24102,29.612885344998357
24103,18.00422371094242
24104,11.061774636025039
24105,8.420337611805166
24106,6.800683128014511
24107,6.620568465718245
24108,6.187004041081122
24109,6.119302808187847
24110,408.20139245851533
24111,159.3953099561963
24112,108.39790332386713
24113,96.26358572985036
24114,94.20092880919938
24115,23.952288081188115
24116,13.377682113542836
24117,7.22486091067238
24118,5.133727663827017
24119,3.8346062094493547
24120,3.4988705702985294
24121,3.327117246217873
24122,3.23581936687236
24123,31.764044649609062
24124,8.100587269503153
24125,3.621984387766153
24126,61.92827724337645
24127,15.470791127393245
24128,21.102298906523647
24129,11.047133458027167
24130,8.629672024643066
24131,7.534412781196883
24132,21.414827727906392
24133,11.82827484398259
24134,6.097819475685624
24135,4.171585886191577
24136,2.986355838724001
24137,2.693862835968417
24138,2.5459716189248143
24139,2.4687132936629874
24140,22.850183641433183
24141,13.07270777905158
24142,7.407394470078177
24143,5.53286884595312
24144,4.363630934362924
24145,4.027806351733059
24146,3.8824547490960333
24147,3.8211218146474546
24148,149.67929316018183
24149,362.6496886872285
24150,211.8264592279273
24151,151.21291805343654
24152,109.8168344930422
24153,104.02948441576008
24154,266.65105350255027
24155,679.296319910281
24156,91.26013337982661
24157,31.983555679200055
24158,19.77558676128205
24159,15.282523715989441
24160,12.7075176151667
24161,22.174321952497298
24162,12.566549938632814
24163,6.815054364882689
24164,4.9007254098103825
24165,3.7763598944727046
24166,3.467569068386033
24167,3.322248488378946
24168,3.2350260719902986
24169,21.352542075549433
24170,11.767493882220691
24171,5.989805862625975
24172,4.026377039268418
24173,2.858577595062074
24174,2.5639698827503197
24175,2.442832489262365
24176,2.355433199112657
24177,5.54641974299405
24178,1.563942049630214
24179,1.618750873282938
24180,10.036597810596684
24181,23.850805366725414
24182,12.727130689989027
24183,6.770462041328851
24184,4.103544569942332
24185,2.8483209288769586
24186,2.5480426901443103
24187,2.40238276541696
24188,2.317252338530092
24189,21.2636190595028
24190,11.631798431726764
24191,5.791324892415621
24192,3.9053475093458427
24193,2.7187932287209744
24194,2.3933383851727617
24195,2.267308141172573
24196,2.176931071500573
24197,86.34603269016677
24198,48.10568240564458
24199,27.990780946825453
24200,25.6462205733932
24201,19.629475645202533
24202,31.40810136112841
24203,2.7692868224950367
24204,69.62543695109217
24205,4.648072597920981
24206,4.1030387448600845
24207,5.200476740214901
24208,4.681397640869353
24209,50.01767685864321
24210,6.871000308646491
24211,6.631079958526349
24212,20.77430690067906
24213,11.521022534540487
24214,6.075529060401362
24215,4.195412248117026
24216,3.0623763912005333
24217,2.7315123334696123
24218,2.6074423993073657
24219,2.5140055917893904
24220,3.3095371813141976
24221,2.1015060780768966
24222,16.4885681629277
24223,67.49234977135868
24224,42.19991282637371
24225,27.19300820718842
24226,22.320360414552734
24227,12.210467911729637
24228,6.66138022356321
24229,4.91446326048274
24230,3.676036713634826
24231,3.328502744640185
24232,3.2333883365814917
24233,9.311678928567677
24234,2.641838106274541
24235,5.8007905060330085
24236,7.148471159822524
24237,11.119449521520314
24238,8.852493286535145
24239,13.419758875355217
24240,4.754445599792508
24241,3.5308707472706065
24242,3.147210248816348
24243,3.0467484856442173
24244,8.630714251074533
24245,37.179924838480915
24246,7.63678075105296
24247,6.41724827921111
24248,5.404847836828586
24249,4.795179376035375
24250,3.2895748910484
24251,20.438763486398702
24252,3.873867141097729
24253,5.572537615329047
24254,3.055150514326078
24255,2.4358308597027447
24256,2.392280022272943
24257,2.3746646846002477
24258,5.025053529559029
24259,12.529192706885272
24260,9.278793690508
24261,8.337132729250264
24262,4.960925212740239
24263,4.1998563435412075
24264,7.953340109565445
24265,9.968288085775942
24266,14.517468894257208
24267,14.800514982548187
24268,14.918811605389728
24269,17.123371954428123
24270,12.476469156795211
24271,3.311343029391739
24272,23.572869665011325
24273,13.87240717824324
24274,7.872886006152704
24275,5.978810004829714
24276,4.707506620701601
24277,4.358303057104298
24278,4.212692753333338
24279,4.097461226667795
24280,5.050328323392668
24281,5.123878433045225
24282,11.858838669759903
24283,7.963657424525332
24284,4.419977086670294
24285,3.808349385783944
24286,20.98953020982066
24287,11.602140067934219
24288,5.935250270330016
24289,4.067534210439986
24290,2.9473712859436487
24291,2.618317413075773
24292,2.4612689999116713
24293,2.3858081222865124
24294,21.304031131265116
24295,11.804551707830193
24296,6.116511387655045
24297,4.300391698744406
24298,3.1671432313334527
24299,2.8326314548192904
24300,2.681259001691698
24301,2.610181986504976
24302,40.00485927779791
24303,4.39761784833846
24304,2.7442631167070424
24305,3.6284701943708435
24306,3.4707609931511376
24307,2.888937242295182
24308,3.773908935523909
24309,2.9425665520007227
24310,5.9093075786089315
24311,10.413651690007892
24312,7.740333294426351
24313,7.223917793265106
24314,5.475592404286614
24315,1.8760372338876623
24316,10.10946154587037
24317,5.612741255067478
24318,7.03649150201334
24319,7.850134925665495
24320,34.92565927148143
24321,24.961186330802267
24322,19.204397720153853
24323,19.36861753296663
24324,17.524975809577448
24325,16.41843756702788
24326,15.851803767535941
24327,15.377732296568578
24328,21.301841225153996
24329,11.740052217824033
24330,6.022909223654187
24331,4.098343873052386
24332,2.9871130555633294
24333,2.6500647659208094
24334,2.524349830547268
24335,2.4384842299159315
24336,21.301841225153996
24337,11.740052217824033
24338,6.022909223654187
24339,4.098343873052386
24340,2.9871130555633294
24341,2.6500647659208094
24342,2.524349830547268
24343,2.4384842299159315
24344,22.23296176777184
24345,12.61418915068969
24346,6.857746587050219
24347,4.928395049935794
24348,3.773121258302939
24349,3.417418118322882
24350,3.284278090853478
24351,3.2001403414622134
24352,20.558801257242962
24353,11.241908169412524
24354,5.52226449664051
24355,3.63122317556148
24356,2.5192237011966925
24357,2.218949742462107
24358,2.0744776004232484
24359,1.9581573218852804
24360,21.528415301759324
24361,11.853624082457475
24362,6.020192925200843
24363,4.067399188755031
24364,2.8872066195555472
24365,2.5544699372593067
24366,2.3985881570477066
24367,2.2982740347947272
24368,20.926487171378955
24369,11.485517271881687
24370,5.798277106224619
24371,3.8391735774747144
24372,2.730466394087818
24373,2.3949694336795555
24374,2.2539842101340435
24375,2.1720788047504476
24376,20.93748395245466
24377,11.455269018798878
24378,5.753380160932906
24379,3.808306183912242
24380,2.6535887114561314
24381,2.31398249519039
24382,2.175280344861841
24383,2.1113965773600176
24384,46.348951700383
24385,21.809005786201276
24386,12.220832538142687
24387,6.432417873877931
24388,4.533983508227919
24389,3.397870552545852
24390,3.0713843188107606
24391,2.9313350753540606
24392,2.856927801836939
24393,21.67953205315061
24394,12.145753255632082
24395,6.404984858695464
24396,4.5939011605263
24397,3.4178586173871883
24398,3.1012701613852043
24399,2.966086390959652
24400,2.8971079098340473
24401,21.723338819168493
24402,12.119097840897503
24403,6.338486077661063
24404,4.452072574705471
24405,3.304391511097074
24406,2.9715979482522465
24407,2.820626057125201
24408,2.7420440040147596
24409,21.723338819168493
24410,12.119097840897503
24411,6.338486077661063
24412,4.452072574705471
24413,3.304391511097074
24414,2.9715979482522465
24415,2.820626057125201
24416,2.7420440040147596
24417,21.200543817542084
24418,11.62448155832745
24419,5.892185370125112
24420,3.9784819824837743
24421,2.8490760405974065
24422,2.52423723261038
24423,2.3845634479648345
24424,2.290717798351621
24425,21.200543817542084
24426,11.62448155832745
24427,5.892185370125112
24428,3.9784819824837743
24429,2.8490760405974065
24430,2.52423723261038
24431,2.3845634479648345
24432,2.290717798351621
24433,21.789471375499446
24434,12.069020713480707
24435,6.123895766710782
24436,4.3580072242686105
24437,3.1591171385833796
24438,2.883773735265036
24439,2.724721959453845
24440,2.7036595467928572
24441,21.30219612400689
24442,11.76821444683847
24443,6.028424504940228
24444,4.085374977245687
24445,2.9596716121699047
24446,2.6173249605915347
24447,2.4999474438811786
24448,2.4068258933277313
24449,21.058645492003865
24450,11.66637016186504
24451,5.889451188523943
24452,3.9302680625057578
24453,2.795014455996221
24454,2.4553809982337604
24455,2.331210916280879
24456,2.245941691904863
24457,22.45974297886725
24458,12.70994561368071
24459,6.8136236002544885
24460,4.890963071273928
24461,3.7311180707474234
24462,3.3764039476405583
24463,3.287155414263341
24464,3.173122674756356
24465,21.638033327182185
24466,12.081421015358119
24467,6.239373676817444
24468,4.38684714719985
24469,3.274071270311056
24470,2.898847260991425
24471,2.772252913399699
24472,2.6967101883929074
24473,20.67465502167354
24474,11.28418742326426
24475,5.565760071833205
24476,3.6399714673008936
24477,2.5341974704522996
24478,2.1827483215641355
24479,2.031322052101232
24480,1.9681047204383169
24481,21.455890196652078
24482,11.882679045357287
24483,6.1107446288726015
24484,4.172663298271345
24485,3.035529921525292
24486,2.6827275639970707
24487,2.5678988521000905
24488,2.484197312257486
24489,12.740656612052526
24490,21.81970232185937
24491,12.15420027026921
24492,6.368596110140949
24493,4.445391159067235
24494,3.2892748261564027
24495,2.930081867326854
24496,2.8090632417368884
24497,2.7166413449468685
24498,21.81970232185937
24499,12.15420027026921
24500,6.368596110140949
24501,4.445391159067235
24502,3.2892748261564027
24503,2.930081867326854
24504,2.8090632417368884
24505,2.7166413449468685
24506,21.24350776247197
24507,11.650611875884017
24508,5.895802597202171
24509,3.9793599008420206
24510,2.8368836193303233
24511,2.5361274675851457
24512,2.3880563589044814
24513,2.300012133854909
24514,21.223070897258072
24515,11.702023549707166
24516,5.975691806917078
24517,4.054024553294684
24518,2.9293811884724916
24519,2.591601381912808
24520,2.4644402871381788
24521,2.382098919349122
24522,20.388988713475495
24523,10.974631346928621
24524,5.224164059295364
24525,3.3278835436825176
24526,2.1710305415841917
24527,1.8448726247354956
24528,1.69954137443613
24529,1.6191164375254978
24530,20.388988713475495
24531,10.974631346928621
24532,5.224164059295364
24533,3.3278835436825176
24534,2.1710305415841917
24535,1.8448726247354956
24536,1.69954137443613
24537,1.6191164375254978
24538,64.10773337284067
24539,43.46724372444061
24540,29.87694786593504
24541,25.67631357211451
24542,39.625509129018596
24543,27.458882871963766
24544,20.266214829885822
24545,17.920412276512508
24546,20.324376698173424
24547,10.933052593122582
24548,5.2136040951587335
24549,3.3282682446286
24550,2.217297267543434
24551,1.9028541865740674
24552,1.7530002212448494
24553,1.671083598950776
24554,20.505964083312254
24555,11.046157323035782
24556,5.346142638024179
24557,3.4201635438206015
24558,2.290051527783751
24559,1.9578149822970232
24560,1.8171008568731557
24561,1.7304284718640017
24562,20.53964618914626
24563,10.94948734280565
24564,5.172955607554434
24565,3.236438620423108
24566,2.118699259333994
24567,1.8010480842164123
24568,1.663843208495142
24569,1.5669021808075496
24570,22.568751606082408
24571,12.83942933570784
24572,7.002881752438958
24573,5.098795500205606
24574,3.923692709147144
24575,3.614064644456906
24576,3.470830016169672
24577,3.380449979088142
24578,21.52557396280684
24579,11.914860001919543
24580,6.161563063607732
24581,4.254267846086702
24582,3.10107462113961
24583,2.7815951694168843
24584,2.6417841001718534
24585,2.551009440736724
24586,21.2678229086488
24587,11.696712902735717
24588,5.984298634369785
24589,4.090406930406904
24590,2.9344521965273653
24591,2.6107800498565394
24592,2.458479480291798
24593,2.368769053496181
24594,21.682147724447812
24595,12.013520710305295
24596,6.292843662623975
24597,4.387674890399786
24598,3.233728455369598
24599,2.886814207117772
24600,2.764044995586652
24601,2.6712864064332695
24602,21.656071707306552
24603,11.998389179658293
24604,6.2842873493877685
24605,4.38301559808532
24606,3.228543966288922
24607,2.8750341421196914
24608,2.755566925774866
24609,2.6613257007685385
24610,5.398199294966291
24611,4.864255691033942
24612,3.5612492735623564
24613,3.5694824223419896
24614,3.3221294657646085
24615,20.69558798406328
24616,11.135328722297695
24617,5.334149900737321
24618,3.423203053340819
24619,2.294265043896899
24620,1.96880657536592
24621,1.812222773052919
24622,1.7228869211614009
24623,21.967942881450245
24624,12.2220283178524
24625,6.434101283508098
24626,4.543503654335863
24627,3.318343409038985
24628,3.016366968228451
24629,2.877356427371521
24630,2.808923101024547
24631,47.64606464616147
24632,21.003633297376425
24633,11.733407553245666
24634,6.036179269440288
24635,4.206513500217289
24636,3.1202689417184746
24637,2.7666918796871247
24638,2.6319754981472285
24639,2.5296528142991472
24640,21.91345028625701
24641,12.088283182742954
24642,6.148049218480512
24643,4.121512325763416
24644,2.963600696287145
24645,2.636833257417348
24646,2.504036093146239
24647,2.4037973666423023
24648,21.621225817184236
24649,11.95251693196597
24650,6.167285308596766
24651,4.256423749382144
24652,3.05537737679011
24653,2.757977373463179
24654,2.599871789091969
24655,2.5163942140173132
24656,21.518905226896354
24657,11.912260521964805
24658,6.159832088873143
24659,4.221468583667546
24660,3.0493077561670487
24661,2.762947265125729
24662,2.625675463038529
24663,2.5423137926537565
24664,21.412736777465174
24665,11.815036156921222
24666,6.071364092012169
24667,4.142020089605965
24668,2.997489450064312
24669,2.6832500965030195
24670,2.5508521517947496
24671,2.464924916945989
24672,21.440355206791512
24673,11.892064316793675
24674,6.112822679798726
24675,4.208780922612071
24676,3.0663486446753483
24677,2.7475931090492907
24678,2.615203107713282
24679,2.532710764294057
24680,21.53769123630479
24681,11.945145666179387
24682,6.152119726629226
24683,4.246471038661774
24684,3.1024420054096042
24685,2.781480317814479
24686,2.645493187158014
24687,2.5650938503545397
24688,21.70992067507855
24689,12.081045810219099
24690,6.311460238628037
24691,4.3965731903596925
24692,3.2407094458922234
24693,2.914552260538623
24694,2.7736135565095172
24695,2.6879686060630883
24696,21.453531042677145
24697,11.847860276137448
24698,6.064488465933808
24699,4.147223845128079
24700,3.007022554198378
24701,2.6942631801980497
24702,2.553521689549431
24703,2.4608569346769134
24704,20.890698996338962
24705,11.375587991363101
24706,5.657702273353576
24707,3.7168230046419035
24708,2.5561257376791526
24709,2.267529781111027
24710,2.1372298889089274
24711,2.046226204732575
24712,20.808472137830133
24713,11.237178903197766
24714,5.435445086093848
24715,3.488147692960976
24716,2.3452924558776944
24717,2.0077383544221017
24718,1.8829698470844694
24719,1.8098970668343677
24720,8.50952741964111
24721,7.01926003354141
24722,9.396074257876304
24723,8.009202641225531
24724,7.0487774420346625
24725,6.437303351233314
24726,2.845521086405803
24727,3.0000720540968997
24728,1.5941141234243803
24729,19.869107054818855
24730,10.789905438870898
24731,5.576808373256769
24732,3.9065019452386407
24733,2.814208489573935
24734,2.511955431622418
24735,2.3649622907956775
24736,2.2934965303857098
24737,23.057625894930045
24738,5.0253935913008405
24739,35.7230190966318
24740,22.0022434415149
24741,14.080796073717673
24742,12.72348347968396
24743,11.169922303342844
24744,10.872499205973963
24745,10.827339066089982
24746,4.782299664863745
24747,12.133682684447612
24748,21.70204180204415
24749,12.191467913764095
24750,6.574657869256692
24751,4.709485133242831
24752,3.5692176944412664
24753,3.2185080753080584
24754,3.0871867092740315
24755,3.0125869104010476
24756,18.60334496590547
24757,4.695425857742007
24758,1.5600737081063918
24759,21.72762751928965
24760,12.195181241557103
24761,6.521150901847484
24762,4.593692621524348
24763,3.4239794655373936
24764,3.1068763036894573
24765,2.945751085756848
24766,2.8751605876103565
24767,21.647165019886515
24768,12.050458207676664
24769,6.279805558617349
24770,4.369017208491806
24771,3.2473100279235
24772,2.935497107485501
24773,2.78125865070239
24774,2.69704339449491
24775,12.64227898943038
24776,10.826908478272696
24777,10.727004171549964
24778,8.886030136656837
24779,21.63456450478417
24780,12.130034740192034
24781,6.478367944841536
24782,4.589145940506439
24783,3.452680117556241
24784,3.1135503080270523
24785,2.9757360045886263
24786,2.9097582355284195
24787,1.9259165635885922
24788,2.166116696495864
24789,2.0486749472614525
24790,3.241699318663486
24791,4.244713207158505
24792,22.073640572444365
24793,12.477198655246351
24794,6.711205176182014
24795,4.8306777153582745
24796,3.697665511314617
24797,3.389394262576618
24798,3.240990590147443
24799,3.1531604723188558
24800,19.141493021585255
24801,10.700967173056032
24802,5.615962523768612
24803,3.774867779825499
24804,2.743794559029719
24805,2.4422331093832823
24806,2.271893281333779
24807,18.90177228082186
24808,10.701687805727188
24809,5.620727622048976
24810,3.7305308920582085
24811,2.6996789133739245
24812,2.381472389318774
24813,2.220200039942071
24814,32.833667716537846
24815,18.5426527311862
24816,11.687651673534528
24817,9.576082965536987
24818,5.12018732331775
24819,4.420323174614703
24820,3.6833723059166714
24821,3.7063218681992693
24822,3.4806836145978064
24823,3.3872180872010667
24824,14.11323741267505
24825,10.139529447865646
24826,8.592515509449555
24827,16.993242972055473
24828,14.149639496845804
24829,12.498898101007443
24830,10.384663115272426
24831,2.6444083607487014
24832,35.26667861493961
24833,23.273837258733337
24834,16.679134080142127
24835,15.5459452272483
24836,14.482865779591286
24837,13.972036353199833
24838,13.562188056472126
24839,13.518117632139292
24840,27.826186265252232
24841,16.25778289808521
24842,9.132363936505332
24843,6.729280835379027
24844,5.3604235225802075
24845,4.950379317804743
24846,4.75579726588488
24847,4.6884178990993455
24848,22.18409948130466
24849,12.53673045031185
24850,6.791140577232845
24851,4.909439857577704
24852,3.741035521550098
24853,3.419157116085305
24854,3.2834830384250457
24855,3.2040851508518386
24856,22.145456331485654
24857,12.502576118955346
24858,6.78343945873545
24859,4.904154367687912
24860,3.733992000645638
24861,3.403350312333638
24862,3.264251760440841
24863,3.185512763582623
24864,43.15520447126717
24865,23.30810375223735
24866,14.441609234369746
24867,12.170964685790366
24868,23.03626635668276
24869,13.112130683379997
24870,7.2979727307975795
24871,5.424736652613921
24872,4.22188916260665
24873,3.9372560861208785
24874,3.769596427140689
24875,3.6991205101636404
24876,48.72590104921497
24877,394.30392285710127
24878,150.25425038666026
24879,102.58784066588059
24880,86.57820108055958
24881,82.17635624338271
24882,14.798759182552875
24883,7.545760416474968
24884,4.282164171119099
24885,21.079387323005584
24886,11.447321244486288
24887,5.630986606128114
24888,3.7178216156603954
24889,2.537606083908435
24890,2.21192499863732
24891,2.075299925357894
24892,1.9814490301786993
24893,2.771927691064992
24894,2.5928003287270887
24895,4.705829347864821
24896,3.0564579914306
24897,16.41173424733115
24898,7.258650640264606
24899,9.554184902200458
24900,11.683558270976457
24901,10.670725870789703
24902,9.643384622372402
24903,7.531757869018204
24904,1.7460810556097008
24905,1.0869149867931298
24906,25.889256040542325
24907,6.3307815794268265
24908,2.7367699326606285
24909,26.73209026115502
24910,5.95048693118459
24911,1.9234142743421159
24912,18.822811796741895
24913,10.166247405549193
24914,5.3742542264782465
24915,3.058306494079475
24916,1.9232518687747089
24917,1.6059506601150075
24918,1.4751870168809957
24919,1.4001691318888403
24920,18.725256553296134
24921,10.09657584257506
24922,5.224146783959821
24923,2.954366394458654
24924,1.8586701118942432
24925,1.536661744690178
24926,1.4395217420361268
24927,1.3683354215964791
24928,23.365419541258852
24929,13.66229535456323
24930,7.429856231272418
24931,5.341868358162545
24932,3.851884792788873
24933,3.521205736645461
24934,3.4592109070835066
24935,3.4009468160816105
24936,20.89927892026959
24937,11.220758042742132
24938,5.440240796213054
24939,3.474240257174662
24940,2.280761468063436
24941,1.9611456956460074
24942,1.839149428695733
24943,1.7554386037071754
24944,20.89658050730789
24945,11.449090360521106
24946,5.735777037660597
24947,3.7524160353704272
24948,2.608098406515457
24949,2.2980677591059653
24950,2.1341585589076404
24951,2.0523459366819727
24952,21.89346316153964
24953,12.206074275053368
24954,6.348716020411337
24955,4.316329432225355
24956,3.0545593182774784
24957,2.7142398569309503
24958,2.6048470545198303
24959,2.535073573612155
24960,21.89346316153964
24961,12.206074275053368
24962,6.348716020411337
24963,4.316329432225355
24964,3.0545593182774784
24965,2.7142398569309503
24966,2.6048470545198303
24967,2.535073573612155
24968,22.99792994643644
24969,13.210669343179692
24970,7.404584261070898
24971,5.456362365852927
24972,4.309047656534524
24973,4.000364063415242
24974,3.8804596050958007
24975,3.7651868249857943
24976,22.73676129988057
24977,13.056843812475545
24978,7.228842462800174
24979,5.338999717532041
24980,4.0736887875968835
24981,3.7159919836881112
24982,3.588277960784705
24983,21.59813949415946
24984,12.061211122642149
24985,6.285035930871579
24986,4.392570074296982
24987,3.2584121168380356
24988,2.9399351955653064
24989,2.806624211157888
24990,2.71685546834361
24991,20.749178867441984
24992,11.205888323836199
24993,5.4353637943679205
24994,3.491247467245742
24995,2.3471134091315204
24996,2.0301724459664223
24997,1.8960170650266202
24998,1.8152457492930187
24999,21.834910087685174
25000,12.15199452612008
25001,6.348502101245546
25002,4.48109643585614
25003,3.3118449999516493
25004,2.981300274494186
25005,2.837239687193515
25006,2.7491288076874265
25007,21.811268385566706
25008,12.174413632302851
25009,6.394162105920748
25010,4.562147720232508
25011,3.4297222051335208
25012,3.1051666868177383
25013,2.960908938101895
25014,2.8649217636462896
25015,49.386866664173596
25016,36.450866328043205
25017,23.494799564314185
25018,14.969932633125214
25019,14.14109479867048
25020,13.439878422290143
25021,13.45106848618143
25022,13.27422446558963
25023,12.88690140467409
25024,21.230930010324055
25025,11.62138404763629
25026,6.02200114812444
25027,4.1000841972075905
25028,3.0165662186479176
25029,2.6526263938323082
25030,2.541342820125604
25031,21.638033327182185
25032,12.081421015358119
25033,6.239373676817444
25034,4.38684714719985
25035,3.274071270311056
25036,2.898847260991425
25037,2.772252913399699
25038,2.6967101883929074
25039,195.75013919723122
25040,109.66544947276117
25041,88.80614364910619
25042,82.3848486396985
25043,79.06266759432299
25044,22.980770408855648
25045,21.22619376177509
25046,11.768032447460607
25047,5.9804863764287965
25048,4.006383939614515
25049,2.879753069968474
25050,2.5425938520647593
25051,2.411262158397456
25052,2.356338543457123
25053,21.365143538085476
25054,11.896011345272164
25055,6.079526950538621
25056,4.086117113168065
25057,2.9380327138862583
25058,2.6291091267693014
25059,2.498637002245834
25060,2.4346127264532913
25061,178.3581372213694
25062,101.50105555836842
25063,79.20127410780316
25064,67.96862363346298
25065,36.44901687128057
25066,23.7620788118975
25067,15.204076940844477
25068,14.448087604521628
25069,13.87939971689169
25070,13.920946843409823
25071,13.909037620377234
25072,13.597685540386275
25073,186.46427863320025
25074,77.31168600583409
25075,48.032748190259426
25076,35.471089219777205
25077,30.355130450757343
25078,21.71643612745769
25079,12.096177226534369
25080,6.306693074312244
25081,4.3762813329995796
25082,3.2636955885175762
25083,2.954966431746002
25084,2.7976927128521885
25085,2.7049421384096153
25086,21.69226497575454
25087,12.227114484795141
25088,6.4311500827297055
25089,4.544313660102789
25090,3.449182666130085
25091,3.119259477223325
25092,2.9739401937683567
25093,2.88934952629932
25094,21.76808531393208
25095,12.114146914941966
25096,6.306509321386451
25097,4.365464141308784
25098,3.226007363150563
25099,2.8971956105183616
25100,2.7574530383645692
25101,2.6607816840706615
25102,18.68180949790716
25103,21.405904206362184
25104,11.839413271606723
25105,6.074020659657109
25106,4.1595900127111145
25107,3.0166264998713164
25108,2.688665218038983
25109,2.551464912869447
25110,2.467198350595301
25111,34.194834228005064
25112,7.853554094504703
25113,21.374884093436425
25114,11.787667780018886
25115,6.03813381004133
25116,4.0718505448063285
25117,2.923198745404852
25118,2.54904404450052
25119,2.413820980476106
25120,2.315579459919653
25121,21.285702128950398
25122,11.770731523028587
25123,5.980526015102782
25124,4.026817705523038
25125,2.891203879891264
25126,2.5644577795580084
25127,2.428328642371477
25128,2.3393301526869728
25129,21.80190340331861
25130,12.189101937157108
25131,6.407057457005445
25132,4.529082578056284
25133,3.369687001178592
25134,3.007517032328697
25135,2.8990341109847426
25136,2.819674718142543
25137,21.45500825631426
25138,11.916627463431169
25139,6.152853138011884
25140,4.175235111545586
25141,3.037487397901601
25142,2.694568741395975
25143,2.5923321290248027
25144,2.49987856666991
25145,21.27092910678609
25146,11.834724198272314
25147,6.22804641206242
25148,4.292697462427552
25149,3.135927528125684
25150,2.7845422879350794
25151,2.6880985330939495
25152,2.624262202970212
25153,21.0437111695747
25154,11.41072549616688
25155,5.509502840395541
25156,3.567319359300118
25157,2.368530185862883
25158,2.0517327238658902
25159,1.9257862652456534
25160,1.8380405108755782
25161,20.836861375858945
25162,11.339278346115348
25163,5.559572334506786
25164,3.6218856362310805
25165,2.4659498554817048
25166,2.1366368099786897
25167,1.9996589084281007
25168,1.9155591553953424
25169,20.78228521185522
25170,11.258749529587082
25171,5.527963459422159
25172,3.5791856317408994
25173,2.4467636495637026
25174,2.111245271889543
25175,1.9821469357268882
25176,1.9180643070123518
25177,21.57380285107619
25178,12.227700580197196
25179,6.418785530206257
25180,4.672213727698496
25181,3.656807547200261
25182,3.3044881718042474
25183,3.195032104205366
25184,3.1155431691280606
25185,21.730023759728343
25186,12.390253684577264
25187,6.578953721283151
25188,4.81957993244217
25189,3.8007708320739546
25190,3.453874578687937
25191,3.3456588277699066
25192,3.246929005012
25193,21.949068345556235
25194,12.622453586824046
25195,6.753358512615364
25196,4.965776982269003
25197,3.9515464921477492
25198,3.583226499049773
25199,3.456105552133837
25200,3.3679007255592572
25201,24.358155816560842
25202,13.72306114995151
25203,7.618737705094592
25204,5.510585274846412
25205,4.211477951385467
25206,3.8118656969370734
25207,3.6499394450597
25208,3.560946222917984
25209,21.630270272106237
25210,12.073838942747262
25211,6.23765682337805
25212,4.292302065857835
25213,3.164949749330768
25214,2.8464328851442584
25215,2.6964327603527902
25216,2.617624721045244
25217,20.311671608667453
25218,10.926074784978013
25219,5.18193039509304
25220,3.3020388342209306
25221,2.2155201015260793
25222,1.8854830650142285
25223,1.7347486085616537
25224,1.6641072050124839
25225,21.39352601737935
25226,11.674066604681073
25227,5.829841339389407
25228,3.889813815265539
25229,2.730349658423286
25230,2.4348055999812366
25231,2.30728472147734
25232,2.213848090136664
25233,21.05788712653146
25234,11.482117806096761
25235,5.674095342741532
25236,3.781582486517748
25237,2.61775077858643
25238,2.2864004710724948
25239,2.1588180832890984
25240,2.069364048639358
25241,7.442715708024506
25242,6.2273811964272054
25243,7.442715708024506
25244,21.16516359614349
25245,25.437979719263875
25246,45.3301700868106
25247,32.83010115374256
25248,22.644242362049496
25249,18.14798724595889
25250,14.346089942937718
25251,13.455443024507495
25252,12.977598068884383
25253,12.669000310902847
25254,2.021228915340287
25255,91.99149726582532
25256,57.92312531391303
25257,54.6344320773267
25258,12.306166472743412
25259,35.10090374518735
25260,23.453571123118365
25261,16.77933178660526
25262,14.229395430322992
25263,11.612707290427448
25264,11.10524129541336
25265,10.653119907963909
25266,21.565103361856305
25267,12.02093305823461
25268,6.2227957232701705
25269,4.342808603123622
25270,3.2290663223952656
25271,2.860918674835767
25272,2.733175716695745
25273,2.649914351211927
25274,21.935801550794103
25275,12.3298705995763
25276,6.503459529643354
25277,4.595526161081085
25278,3.474250719175947
25279,3.155327454277165
25280,3.000630161563021
25281,2.885013986638328
25282,22.31453905385565
25283,12.633606574888809
25284,6.870565389740533
25285,5.01502690274885
25286,3.8616710365291875
25287,3.5376284353272935
25288,3.377053908245416
25289,3.281353055857721
25290,21.097701200428105
25291,11.289637057231243
25292,5.591330853788555
25293,3.6473254566694155
25294,2.4695651948335215
25295,2.1572323636721507
25296,2.004802616106739
25297,1.9293992745570212
25298,21.07455878854443
25299,11.371504574013077
25300,5.520676626429594
25301,3.5416074317243633
25302,2.35445040526077
25303,2.0231455430617657
25304,1.8944538798201749
25305,1.808943726627021
25306,20.993690626185646
25307,11.320315762198458
25308,5.703672761203105
25309,3.670816858829706
25310,2.447236938535111
25311,2.1504873763515526
25312,1.9902845086147782
25313,1.9113059509976678
25314,121.7909328907197
25315,38.415025529982245
25316,21.52221211705718
25317,16.47128779143846
25318,13.267750148999529
25319,15.292608940351538
25320,40.94769803848802
25321,28.923333162468246
25322,19.42645915386429
25323,18.275538296801233
25324,16.85368149671629
25325,16.562651647382445
25326,16.24089083290314
25327,16.214216977461597
25328,8.666281535948661
25329,8.666281535948661
25330,7.813650653312912
25331,7.459051046125914
25332,11.415998573708176
25333,10.543111057640335
25334,45.786001008186076
25335,22.14253877122024
25336,13.686014952406481
25337,7.280057687762817
25338,12.316127611389952
25339,13.43549872951222
25340,1.5965705871483098
25341,1.4912271594096032
25342,2.8233805042428157
25343,2.6586637517849443
25344,2.7760549428040804
25345,3.0415188030092306
25346,2.0518129803666394
25347,1.814143528516511
25348,2.0518129803666394
25349,2.016223099879701
25350,2.016223099879701
25351,13.425717071902936
25352,10.416103826034167
25353,9.431940940714304
25354,8.023746485338151
25355,5.172904455019648
25356,3.327849136892856
25357,3.0904724329801097
25358,2.652602209080637
25359,4.928206500874316
25360,21.79309152121666
25361,12.185283193703444
25362,6.415053758407116
25363,4.470637432063739
25364,3.3003118507524194
25365,2.9927195937983564
25366,2.8531722494258966
25367,2.772530976203047
25368,5.492903780220229
25369,7.488874041640968
25370,12.834383112980563
25371,8.553733383449321
25372,7.709453486334103
25373,5.630554798568593
25374,6.303521017655948
25375,4.708253996606283
25376,4.78612197365115
25377,2.8774404347497167
25378,5.779249083836013
25379,9.054575064538689
25380,8.076986030212204
25381,26.256343623847137
25382,15.787571081459685
25383,9.449849743915895
25384,7.238595895482105
25385,5.94785994263203
25386,5.516155202188673
25387,5.310980445417476
25388,5.22816067646885
25389,21.177606303907204
25390,11.683638142758255
25391,5.8256136435296995
25392,3.8461610911252238
25393,2.744990853873319
25394,2.3849412103838423
25395,2.272082610816665
25396,2.2227194355522153
25397,20.948903572358468
25398,11.46865787341183
25399,5.669910406104723
25400,3.7590537005606235
25401,2.631482773070771
25402,2.348240821569306
25403,2.1755592378658895
25404,2.071464065864734
25405,21.040163820171102
25406,11.602895958469366
25407,5.908741060407447
25408,3.953644885797059
25409,2.836755054761182
25410,2.499153205592226
25411,2.345039659430221
25412,2.260198236882803
25413,21.12788402524056
25414,11.690452032377461
25415,6.012003582496878
25416,4.100909610705541
25417,2.9788998002621745
25418,2.6239207011045016
25419,2.4550636653166693
25420,2.3760721708921717
25421,7.175270004319196
25422,6.976642845247591
25423,20.802443720188034
25424,11.239842164705587
25425,5.467549193907058
25426,3.55232328263333
25427,2.41410002022053
25428,2.105890383730992
25429,1.9884695036576943
25430,1.881357889029497
25431,23.111309589594775
25432,13.000490900379916
25433,7.255031318929574
25434,5.237790112624246
25435,4.116694695965124
25436,3.798269541363996
25437,3.6784898005811826
25438,3.600756689160807
25439,20.713147267662347
25440,11.166595005545197
25441,5.408284632139377
25442,3.480087846247269
25443,2.3345325831875288
25444,2.004818923006381
25445,1.8794223359780482
25446,1.804264687347922
25447,9.368687686014649
25448,5.801444502670529
25449,18.964732412829928
25450,6.371204409698096
25451,21.631344040724688
25452,12.50523780797937
25453,6.674178485243771
25454,4.628605361490182
25455,3.4361135128047713
25456,3.1299593521293527
25457,3.0256537972296105
25458,2.9588560633133145
25459,20.975147724262087
25460,11.359454778492127
25461,6.149000521988211
25462,4.391161647589522
25463,3.199257302419759
25464,2.853465067178071
25465,2.7304148229212037
25466,2.67383936407508
25467,115.90600810916868
25468,61.07010954429143
25469,41.17920493314381
25470,34.908427515849425
25471,29.196509547041803
25472,20.62836135573331
25473,11.337537196473434
25474,5.63569379541783
25475,3.7064676789581967
25476,2.601198019517535
25477,2.23383964441762
25478,2.121445604462129
25479,2.025618202619321
25480,20.707508967797747
25481,11.211095803255368
25482,5.448755235020316
25483,3.5651076497741236
25484,2.413392835288677
25485,2.0741452754247782
25486,1.9180769735160328
25487,1.8454427523519858
25488,20.83312450943647
25489,11.272143672903667
25490,5.5346484729202
25491,3.6382037114171535
25492,2.458476840937063
25493,2.131304990543307
25494,1.989289018120432
25495,1.9069472416762743
25496,20.20625365863368
25497,10.86952452010101
25498,5.219999787968373
25499,3.3536350966978343
25500,2.2265191956552486
25501,1.925154293373256
25502,1.8014842613820627
25503,1.7030048719195383
25504,20.688107947999768
25505,11.170705818262412
25506,5.4041076046697665
25507,3.5484123205297005
25508,2.404240799827209
25509,2.1065380872115598
25510,2.013859597734422
25511,1.921490280876256
25512,21.294968958829383
25513,11.664590677457435
25514,5.809442204494511
25515,3.91997360267775
25516,2.751918149680845
25517,2.419858309267489
25518,2.2871563534204857
25519,2.201027242642274
25520,6.323102592293296
25521,2.153427022410828
25522,3.395428009705366
25523,3.174844388814725
25524,22.0634752272674
25525,12.143060004740356
25526,6.141051962070211
25527,4.114752655299365
25528,2.9540614848473803
25529,2.5988001499724582
25530,2.439068968509699
25531,2.3430089944381742
25532,20.163221826961788
25533,10.826916924611004
25534,5.188414487717739
25535,3.2848730174508547
25536,2.1572541247805206
25537,1.8253009842412236
25538,1.6869538892972085
25539,1.5964174098062538
25540,20.65022873637184
25541,11.324975698341598
25542,5.485372716051206
25543,3.47187325427645
25544,2.3264166371121506
25545,2.0294572853596153
25546,1.8588877088769618
25547,1.7923097531967618
25548,20.899924446941313
25549,11.406473628244733
25550,5.629920573250101
25551,3.516417174629949
25552,2.3459860930297225
25553,2.0402255995531067
25554,1.8566837281834114
25555,24.437802088485164
25556,14.234915717364865
25557,8.444927380252704
25558,6.269677812511034
25559,4.954032822926957
25560,4.571250683131808
25561,4.406945907217127
25562,4.338238755676344
25563,23.741057826558944
25564,14.388274749772128
25565,8.092790852640354
25566,6.429023898388951
25567,5.245529088285496
25568,4.830441596487708
25569,4.736972832190332
25570,4.713389226414951
25571,39.63399922018129
25572,23.583210752662417
25573,14.035646871664166
25574,10.379654027896247
25575,8.216709124220023
25576,7.280249769620138
25577,6.732270729125049
25578,21.21544049777124
25579,11.794642994222702
25580,6.154029754563374
25581,4.224261205047289
25582,3.119546775085711
25583,2.799303129952713
25584,2.648383189862882
25585,2.5213546729896943
25586,24.31733858890862
25587,14.377001954735407
25588,8.178820198327351
25589,5.478153675928918
25590,3.814354315229121
25591,3.5101422393615067
25592,3.3420030396326252
25593,3.337436170702249
25594,22.152728537213836
25595,12.585802749434638
25596,6.6384960783242075
25597,4.750001276229428
25598,3.6169956714386964
25599,3.3065821153359893
25600,3.173486336755787
25601,3.077719242534457
25602,22.10186889930418
25603,12.944142913555101
25604,7.149031873797834
25605,5.156544740224496
25606,3.8819955183515416
25607,3.5462877433899522
25608,3.385248473479746
25609,3.325188789970052
25610,26.99328153698452
25611,16.934232655143052
25612,10.948074122964512
25613,9.050941112921745
25614,7.701914622844694
25615,7.306163629350419
25616,7.157383037272928
25617,7.110652084831516
25618,2.0458861983979846
25619,1.8805987747977508
25620,1.860357754420588
25621,1.8361622133103364
25622,1.7381775403202726
25623,21.577362082129717
25624,11.999239107321092
25625,6.2496416599556825
25626,4.307665891072439
25627,3.174080150873218
25628,2.9037678141744
25629,2.7518430946413766
25630,2.658620821731078
25631,21.48625398463066
25632,11.873319250384275
25633,6.1482427709274665
25634,4.196603208302026
25635,3.103813936978992
25636,2.7560903926668314
25637,2.610468157816388
25638,2.5146683614573817
25639,20.838511057275362
25640,11.46222178130173
25641,5.771262259535835
25642,3.8004395254332364
25643,2.716756404388998
25644,2.387195213914274
25645,2.262627115561899
25646,2.176673067899047
25647,21.193708108473604
25648,11.656048402904347
25649,5.8389727395781
25650,3.889334474104575
25651,2.7592432033489493
25652,2.4210603572641096
25653,2.300158580711014
25654,2.2072209236860214
25655,23.93816278166949
25656,13.663450655487503
25657,7.428880836788286
25658,5.7085494585383305
25659,4.501382039069111
25660,4.132381600398355
25661,3.8740478371457976
25662,3.7930819572443175
25663,23.237014976499026
25664,13.443461952061508
25665,7.192101047852498
25666,5.281770909717922
25667,4.178611945340164
25668,3.855059763165849
25669,3.6622880584300797
25670,3.593765550333415
25671,26.61775068362704
25672,15.57460927415918
25673,8.634201674623785
25674,6.645059037691945
25675,5.140604105215376
25676,4.809287502566987
25677,4.623781740208457
25678,4.534120644002074
25679,9.931314263074777
25680,6.460031585714653
25681,5.592633317762795
25682,4.9507506315026015
25683,21.094134182171704
25684,11.678559478673426
25685,5.899606173322222
25686,3.907905450812599
25687,2.776629834161105
25688,2.4196183920781307
25689,2.296583409252884
25690,2.2148274034093127
25691,20.998224187217296
25692,11.62180208704298
25693,5.864818523105917
25694,3.935124342268111
25695,2.8138640109049087
25696,2.4783137679738263
25697,2.3535970730084745
25698,2.2651908908581184
25699,6.391291131746361
25700,4.16815073604123
25701,3.818870175321602
25702,3.29747137892503
25703,21.546780194639418
25704,12.031325820250123
25705,6.323729420371181
25706,4.377270558035642
25707,3.2725448645822084
25708,2.8963847700255316
25709,2.7928168341444017
25710,2.6936938742213785
25711,21.940898418161538
25712,12.673865851958796
25713,6.8972785258018785
25714,4.886552910385635
25715,3.7011442629260696
25716,3.3294392907947916
25717,3.1867309146166614
25718,3.12272066887086
25719,21.8766898199356
25720,12.623302346459731
25721,6.948913140535066
25722,5.018288252551775
25723,3.8892369421630284
25724,3.5534648697002202
25725,3.4211908947935905
25726,3.3659000896335303
25727,347.0377049009506
25728,142.7381952308831
25729,105.25033042236275
25730,89.04237770446696
25731,83.50381433386498
25732,20.70048958829407
25733,11.141105400990067
25734,5.3762914523143035
25735,3.4555196866911126
25736,2.303237414987737
25737,1.977450974454182
25738,1.854533732371681
25739,1.7586681357495537
25740,1.4545989882516364
25741,18.490587822969005
25742,10.662331876911727
25743,6.0406966676919325
25744,4.696167407292556
25745,3.7096558449866617
25746,3.421316723037039
25747,3.3154361872229874
25748,3.262017449953392
25749,6.422111524073331
25750,17.977186524756284
25751,9.85814583844683
25752,4.93817510244917
25753,3.316784960885413
25754,2.295762983626036
25755,2.030238678528439
25756,1.9636463317868182
25757,1.9198268167874608
25758,17.4148746452992
25759,9.92178409668804
25760,5.461809620958556
25761,3.7060209919502443
25762,2.6452158565554553
25763,2.388343752636834
25764,2.3345391396836574
25765,2.2830384732954885
25766,17.152511773635325
25767,9.115268060606299
25768,4.701101681815774
25769,3.3474311435863737
25770,2.434440231723683
25771,2.2084375361439625
25772,2.1049992920550604
25773,2.0576922410013205
25774,25.398878130712845
25775,13.78240971766884
25776,7.471816008754931
25777,4.823115958763945
25778,3.303575572467653
25779,2.973087288922081
25780,2.857345945606772
25781,2.759479550845481
25782,23.351253612666195
25783,12.43013117090485
25784,6.522980670638064
25785,4.217456507616225
25786,2.8365494673635463
25787,2.580208445531049
25788,2.441144204730348
25789,2.386812815122573
25790,23.109533384963363
25791,13.219709391017158
25792,7.120287258627975
25793,4.8706162856216135
25794,3.6538801547189927
25795,3.2316934336075107
25796,3.062914791697375
25797,3.006855837615915
25798,22.087139702539076
25799,12.0066145769705
25800,5.830445388847915
25801,3.66842560494818
25802,2.3620885285657356
25803,2.1096518849908965
25804,1.993692022211353
25805,1.9387235654434534
25806,1.6410414091783918
25807,26.12878363181082
25808,5.9750426404190655
25809,2.6535202808358607
25810,25.943923046623354
25811,5.595231398058124
25812,2.0700644358330327
25813,20.599398977911953
25814,11.124849770478615
25815,5.389874924484017
25816,3.511856684726091
25817,2.3855391449019634
25818,2.092146475493487
25819,1.9390917133907877
25820,1.8674947874158805
25821,8.467201104863292
25822,11.569459445182957
25823,9.396720451406217
25824,8.34291445473968
25825,6.998270910008642
25826,11.620124121189829
25827,12.38011341618136
25828,9.045507557636832
25829,7.839300222825731
25830,6.805087950786217
25831,5.2287645678644425
25832,9.122937180131451
25833,3.8560900934788744
25834,3.898968934456359
25835,18.47816059306362
25836,11.698628524385372
25837,20.24331999031881
25838,11.035008568462224
25839,5.380046981224828
25840,3.500554595045565
25841,2.373496449063971
25842,2.0700526388446
25843,1.9190682854336059
25844,1.8433013648296503
25845,3.9420148860240207
25846,0.6395671522098754
25847,7.882245505191662
25848,5.192815608802899
25849,4.145207037190674
25850,9.98209355843731
25851,13.186863081410173
25852,4.631334349601144
25853,9.032902015163396
25854,1.4927535379357102
25855,2.9968412796518105
25856,2.013859549184849
25857,1.9186314213485605
25858,8.55414295123364
25859,9.396394641861804
25860,8.176580525384143
25861,6.772002892195633
25862,9.31882864482831
25863,2.4683063007689383
25864,2.934000219086426
25865,7.869352327261883
25866,8.320250505748493
25867,10.177285116435613
25868,34.972939519768
25869,6.2298431115398225
25870,6.460740913791138
25871,6.460740913791138
25872,6.2298431115398225
25873,1.0592785685827935
25874,30.13538023503556
25875,7.623638905995477
25876,3.1710956351176742
25877,13.380342761371313
25878,4.933171536547941
25879,22.19339708750071
25880,11.989749687485933
25881,11.311981880279195
25882,8.098669990597338
25883,2.4004297124105434
25884,28.437822232550353
25885,8.01959589368205
25886,4.0586612001125975
25887,29.201429656812444
25888,7.982670608315751
25889,4.0161889926373116
25890,10.502313532403187
25891,9.5546713305819
25892,0.9120698121846196
25893,0.6565828675754148
25894,0.825611174390696
25895,4.690743086308544
25896,15.221621735083035
25897,15.185574867548635
25898,10.090940244992218
25899,6.423217091552295
25900,8.581502182249917
25901,4.887910454012008
25902,3.7242320146475083
25903,18.19743805567316
25904,16.49256129284482
25905,15.46142574309797
25906,13.592006195307183
25907,3.6789540210330864
25908,24.449194938907056
25909,12.333020075142526
25910,9.855564317926747
25911,14.913060779663521
25912,3.654749564257756
25913,2.8872390512620627
25914,3.540148202988976
25915,12.143127819236495
25916,7.370150056137337
25917,7.254088461071413
25918,11.759483416636982
25919,3.6340951250966054
25920,10.135888366536886
25921,7.951240101978465
25922,3.4124984638844325
25923,12.211707177810403
25924,6.236783968457537
25925,6.2499978694603335
25926,22.531197106819818
25927,23.171814515465027
25928,13.809544227979828
25929,14.664222425596357
25930,24.02758748626522
25931,58.31109614645797
25932,63.71073398526916
25933,27.89955412376566
25934,17.60296969626868
25935,11.151976937029186
25936,8.511370865968349
25937,6.813883835786155
25938,6.558506960972057
25939,6.291165645921984
25940,6.123459079853758
25941,10.30180307023954
25942,31.23889134928158
25943,26.98017834556815
25944,20.892644394940437
25945,11.282208841666044
25946,5.471502269252103
25947,3.523175894148658
25948,2.350419447580416
25949,2.0214382100244723
25950,1.8976527544902482
25951,1.7797859207346405
25952,5.788741522542038
25953,8.9391081564687
25954,3.960666505433658
25955,22.627616935671906
25956,12.990515461682948
25957,7.088820645729859
25958,5.1353838670678025
25959,3.916738617198889
25960,3.5783626330111984
25961,3.439297951738472
25962,3.371148575479885
25963,7.038121197910249
25964,69.11166792399959
25965,44.8693932917877
25966,39.943977294526476
25967,27.67390837345882
25968,16.59639589978764
25969,4.441300094103815
25970,3.4243628278974203
25971,22.57946738490456
25972,12.776144357570677
25973,6.981333016920031
25974,4.673477724701987
25975,3.5075836582338926
25976,3.18533576217255
25977,3.0606559187783913
25978,2.9676651974415065
25979,30.770910829476655
25980,19.108723543262613
25981,12.580727992538973
25982,9.616867050140858
25983,7.861277043932427
25984,7.5074205078585745
25985,7.430480406960792
25986,7.293132861333186
25987,2.2710425471228035
25988,6.771453106931597
25989,6.414793324450394
25990,5.5247654511232485
25991,12.7560856811116
25992,14.410771716415269
25993,6.972644364242676
25994,6.972644364242676
25995,7.587661574700552
25996,11.152434091329333
25997,11.959318007268946
25998,4.193683012493637
25999,4.237937256286185
26000,13.516634967463762
26001,10.08329579054442
26002,2.8344290675185917
26003,26.14521657538632
26004,14.729474933955338
26005,7.964774427057859
26006,5.668749755318532
26007,4.223732044681238
26008,3.8729301906189995
26009,3.731706518408863
26010,3.576514528259015
26011,30.800881611548125
26012,18.650244416827555
26013,11.502452318414237
26014,8.883243289490592
26015,7.087018544688561
26016,6.734830420050376
26017,6.477579394430153
26018,6.427788624783253
26019,9.21487321360249
26020,27.72132833781741
26021,5.977666906898756
26022,1.9116853309598532
26023,34.795919148543646
26024,21.797972603226313
26025,13.589504765891542
26026,10.476358117732453
26027,9.4488924240804
26028,9.184478984707473
26029,8.979861997163013
26030,8.900879143005294
26031,31.251944715317247
26032,18.937256793358127
26033,11.778881056504058
26034,9.197418659897181
26035,7.557590237369528
26036,7.271129074393
26037,7.022550612606168
26038,6.843323514584789
26039,115.7013957663901
26040,39.37487592529136
26041,27.17967299150449
26042,19.873507090214147
26043,16.135333348420595
26044,20.96657989033757
26045,11.433279554142898
26046,5.665917166091284
26047,3.773461676517878
26048,2.6076876706302463
26049,2.2774743656393106
26050,2.1454993843745775
26051,2.0743383960830633
26052,4.709636895409627
26053,20.98238396628212
26054,11.445697371152171
26055,5.73974043148446
26056,3.8333779621149064
26057,2.654595034379276
26058,2.3586555549480814
26059,2.219983685017839
26060,2.1399429678080146
26061,21.896640685403117
26062,12.317695423014106
26063,6.563346716005297
26064,4.578317340406678
26065,3.405284447634794
26066,3.0790080151118238
26067,2.9328987314389847
26068,2.8441292895064727
26069,21.142248065477737
26070,11.576254746800286
26071,5.789536240405236
26072,3.807426083635344
26073,2.667208597310686
26074,2.376366837409832
26075,2.2202330535010337
26076,2.1219058578647667
26077,22.038835826567464
26078,11.705455996545073
26079,6.087345138460221
26080,3.815200202449649
26081,2.6551527273411786
26082,2.3224993233632847
26083,2.1524992330292543
26084,2.078225301466844
26085,20.99704276932632
26086,11.44274915100835
26087,5.665966819856454
26088,3.6896348964510493
26089,2.552433673426695
26090,2.2561676801142254
26091,2.103799383895709
26092,2.025859090293813
26093,21.330545700287715
26094,11.411054750484308
26095,5.587980415864733
26096,3.630674814836186
26097,2.420850591258943
26098,2.097226528410416
26099,1.966735827910765
26100,1.901804610739539
26101,673.0429337398405
26102,21.13113793664568
26103,11.55568316567907
26104,5.7819366832217876
26105,3.814262696075229
26106,2.6620159489457276
26107,2.365674118806265
26108,2.2373230696186654
26109,2.142128533304731
26110,21.433487556664303
26111,12.028351226057673
26112,6.38868670144149
26113,4.485348881655211
26114,3.3905240493551085
26115,3.0218678509318213
26116,2.9265622358040444
26117,2.85987638926172
26118,3.150059976143426
26119,21.285353139290226
26120,11.893029269306034
26121,6.101050347717933
26122,4.15623393455811
26123,3.0482071592266857
26124,2.709515422468538
26125,2.5517184524648426
26126,2.506900600013692
26127,1.6990805656637826
26128,21.090770064929135
26129,11.500355910664858
26130,5.817057476874687
26131,3.954861686900239
26132,2.7776213202837656
26133,2.4247569372292346
26134,2.274717814250456
26135,2.1543444995932832
26136,9.776416437063439
26137,5.632188104065912
26138,2.845735227909517
26139,2.2094138941540784
26140,1.883790098045486
26141,23.11152749121749
26142,13.696369490035423
26143,7.8250977073789025
26144,5.975008102310879
26145,4.86894558754336
26146,4.50664960840311
26147,4.325573608980921
26148,4.218925239918294
26149,21.339836785083747
26150,11.732620935876099
26151,5.969059676656501
26152,4.041885543078187
26153,2.867218901148423
26154,2.558861056236629
26155,2.4065339561214625
26156,2.3000269152138633
26157,27.23672108148828
26158,17.439369529328218
26159,11.734247950856314
26160,9.036556731613935
26161,7.398812153699135
26162,6.921617977890813
26163,6.7882177780925765
26164,6.698508802345478
26165,21.416724637787347
26166,11.866275789050261
26167,6.1000758176069745
26168,4.159690766236797
26169,3.000420020708076
26170,2.7194010780221003
26171,2.5518742652991073
26172,2.4715215780366453
26173,1.0926428568019717
26174,309.83595323684557
26175,138.16858996426922
26176,101.22689215844437
26177,92.96658374332151
26178,88.31311318173206
26179,40.04624662601728
26180,28.99961610682848
26181,22.150328831608302
26182,19.506959117288154
26183,16.641934284637053
26184,16.046310258184604
26185,15.839866451404877
26186,15.476972093795842
26187,21.649548656985793
26188,12.11805356866298
26189,6.342763457192454
26190,4.406860969751163
26191,3.2413205743348423
26192,2.917297773773438
26193,2.738234444127788
26194,2.649883049197183
26195,18.708580540491035
26196,10.717445920884701
26197,5.963787414175631
26198,4.109256975089142
26199,3.1965656725208675
26200,2.9004070652763754
26201,2.762926203438222
26202,2.7050069296677473
26203,3.513103518467796
26204,2.711613799128662
26205,2.3808899616861336
26206,2.3310364573086244
26207,1.81768885097831
26208,1.7838650053665113
26209,1.7543308972569314
26210,1.73487015184704
26211,1.724818837355281
26212,21.732721977209195
26213,12.107997462077675
26214,6.335246114024394
26215,4.418206180290332
26216,3.255922698804464
26217,2.9766633844485533
26218,2.8224238479708266
26219,2.7416257955198113
26220,20.661260257462025
26221,11.175249582053958
26222,5.416968403090001
26223,3.481325142868185
26224,2.3391861918074808
26225,2.0127555173194187
26226,1.8734217464034402
26227,1.7954847385668564
26228,20.95162319019482
26229,11.415466466753706
26230,5.634729568079914
26231,3.7419354675824064
26232,2.5705484127296336
26233,2.237603917796362
26234,2.096156047420681
26235,2.013942808307509
26236,80.64440295626454
26237,28.8055411500236
26238,17.155708845665455
26239,12.86505626780043
26240,10.47013673679644
26241,8.797933479322854
26242,20.703909419949074
26243,11.148327970218347
26244,5.373051935573365
26245,3.463376819463221
26246,2.3010088735541956
26247,1.9749585277053927
26248,1.8521238024247424
26249,1.7541988201281247
26250,21.098438189028094
26251,11.541115340639873
26252,5.811057448183037
26253,3.9247737983790723
26254,2.759473710870758
26255,2.452328088427625
26256,2.300432217156926
26257,2.2121129048130896
26258,22.006360492385298
26259,12.385439021666059
26260,6.624448947349636
26261,4.723089544581297
26262,3.5775458233212203
26263,3.2784212893671048
26264,3.1216916589593664
26265,3.0363246419637706
26266,21.067304462513995
26267,11.541309337707418
26268,5.768921089415278
26269,3.794388479251638
26270,2.675692087373342
26271,2.3672715538079037
26272,2.2170723120546114
26273,2.1194303729555966
26274,21.15433542551173
26275,11.693200225907523
26276,6.002321618406077
26277,4.004183613713501
26278,2.8584810937679164
26279,2.52862990506355
26280,2.407236218043894
26281,2.3133537899949994
26282,21.375725948259003
26283,11.859602391077
26284,6.080024620350264
26285,4.181695542632413
26286,3.0819692410417217
26287,2.7131519914948607
26288,2.5930307158599497
26289,2.513308669030402
26290,21.42117712816986
26291,11.850249777514588
26292,6.081429431735746
26293,4.16267551193601
26294,3.0182183456854723
26295,2.691844428881284
26296,2.543669177230005
26297,2.4562792403470963
26298,21.609044216409572
26299,12.021683561463608
26300,6.231136900031622
26301,4.293223885121629
26302,3.1261385122747973
26303,2.801750025737085
26304,2.6894690644695607
26305,2.5916166354802326
26306,21.1872839142801
26307,11.698221568605588
26308,5.980742057587447
26309,4.046282295522641
26310,2.9452725226333225
26311,2.5934295738419357
26312,2.4769244591330573
26313,2.3880604138385775
26314,21.5747296334918
26315,12.015507141367117
26316,6.3126172202915125
26317,4.342532275624174
26318,3.184719413904509
26319,2.8576347588532927
26320,2.753650379585951
26321,2.633294355598017
26322,11.38786253802991
26323,8.661166639184334
26324,7.283672439319874
26325,6.76197212484725
26326,21.15433542551173
26327,11.693200225907523
26328,6.002321618406077
26329,4.004183613713501
26330,2.8584810937679164
26331,2.52862990506355
26332,2.407236218043894
26333,2.3133537899949994
26334,20.615442890849103
26335,11.216159578324323
26336,5.4256113769991465
26337,3.5182776744424125
26338,2.387991014576026
26339,2.088239436022037
26340,1.9485515726459635
26341,1.88076635293285
26342,21.57984538053099
26343,11.95156743888504
26344,6.2138948340023425
26345,4.277227933612345
26346,3.175713273564406
26347,2.8305494226170134
26348,2.6858318959701672
26349,2.590783719766571
26350,21.222926488295705
26351,11.592409930068555
26352,5.76778237484724
26353,3.847084540957826
26354,2.6626661895302277
26355,2.3262615837077583
26356,2.1858176324017418
26357,2.089063712197798
26358,20.928620201067723
26359,11.394245798511928
26360,5.593349843824245
26361,3.672362143196245
26362,2.5263421121022542
26363,2.2084588054365133
26364,2.055515924374922
26365,1.953846241162445
26366,20.124440663723412
26367,10.823754580045485
26368,5.156745240829169
26369,3.2789743827663758
26370,2.1450241511108183
26371,1.818586680945122
26372,1.6823736810993895
26373,1.5992252242038463
26374,21.491910501551864
26375,12.074132469491307
26376,6.321727728374208
26377,4.4138569524392155
26378,3.2742429296129036
26379,2.961555958403488
26380,2.8331103676787177
26381,2.7513978906620737
26382,20.55436200964548
26383,11.049237409350036
26384,5.311304804488647
26385,3.4018341520779405
26386,2.2361967852616105
26387,1.9135872190293237
26388,1.7809818562542457
26389,1.6899669476806458
26390,20.89386095145715
26391,11.273994006538633
26392,5.499262309909098
26393,3.548076130659389
26394,2.420089599108521
26395,2.096011528013964
26396,1.945722119835987
26397,1.862984020873058
26398,21.966766702799898
26399,12.341119722783393
26400,6.573139460600996
26401,4.630619109511848
26402,3.5115395539485608
26403,3.176925190887956
26404,3.0275227624806638
26405,2.9373153344124647
26406,21.663508118743156
26407,12.115682326164404
26408,6.4166937005763
26409,4.466858946186607
26410,3.353116532703705
26411,3.0494792352703293
26412,2.900353411719775
26413,2.7892362116823546
26414,22.041642208537816
26415,12.4993928489574
26416,6.811759624799745
26417,4.905263810986161
26418,3.715779193131392
26419,3.406420338504231
26420,3.2691738801796513
26421,3.1856098545905684
26422,22.549042475876522
26423,12.8451856171141
26424,7.0592767199792785
26425,5.143141766193385
26426,3.9842190955312713
26427,3.7101368125465095
26428,3.566794371588042
26429,3.4790281065981334
26430,2.672052452638409
26431,31.938620392310504
26432,7.102446640151853
26433,2.123573289271578
26434,1.9966164006669191
26435,6.440364543064478
26436,6.116109699551048
26437,11.347989520671176
26438,9.269678572209347
26439,6.830579951309679
26440,7.681490556685316
26441,3.1156629737012125
26442,28.65623396446864
26443,2.674199346704802
26444,1.618097226060685
26445,1.1778819756675993
26446,26.69395094505981
26447,5.789296674361365
26448,1.7636058198745388
26449,16.924648298545605
26450,7.663620075948938
26451,33.358834174478595
26452,20.29987352427085
26453,17.230597909186688
26454,4.572064562407653
26455,4.530226373501527
26456,14.029877093767693
26457,10.35275176653135
26458,9.258750466548593
26459,8.320632589709472
26460,7.065547637399294
26461,69.86485134645969
26462,43.706553067332464
26463,31.693792544170254
26464,23.166345165077097
26465,16.478209300916436
26466,10.729324609213162
26467,3.558904240711403
26468,3.0049574176053775
26469,6.242904670064844
26470,8.116328699657304
26471,7.183532929652497
26472,6.021085868478869
26473,47.55796555313197
26474,20.69034140479647
26475,12.398644085192325
26476,9.290297617134714
26477,7.625219548921468
26478,9.264870294281561
26479,8.16602421398478
26480,23.19265183812992
26481,12.61150686077033
26482,6.360730480068387
26483,4.619179444315525
26484,3.388835512736525
26485,3.0970575515450305
26486,3.0049504655350026
26487,2.9889699753459955
26488,22.682871995261007
26489,12.815212351657696
26490,6.553243216198157
26491,4.735769393788315
26492,3.481130266105793
26493,3.185006721492833
26494,3.0987687715796146
26495,9.14185198949758
26496,33.235825344788665
26497,20.41914539404781
26498,13.528391607640618
26499,9.887603766885288
26500,8.14939487913729
26501,7.6172781295808125
26502,7.37574016234708
26503,7.199611113247965
26504,12.445949751935343
26505,28.5359581698901
26506,6.458689194876181
26507,2.637789011249666
26508,25.349998970751194
26509,6.075167432333101
26510,2.78614099204076
26511,1.8718656162189833
26512,23.32870184952984
26513,13.420145156579798
26514,7.6252295803698384
26515,5.57000177059514
26516,4.3577953050849265
26517,3.9949334951442594
26518,3.8227397471035567
26519,3.7539904779910263
26520,23.32870184952984
26521,13.420145156579798
26522,7.6252295803698384
26523,5.57000177059514
26524,4.3577953050849265
26525,3.9949334951442594
26526,3.8227397471035567
26527,3.7539904779910263
26528,23.24087637886814
26529,13.430307689517017
26530,7.516368500295046
26531,5.665657707720152
26532,4.459626609829896
26533,4.219900492707726
26534,4.023529444290218
26535,3.9083894598153566
26536,23.234432795970527
26537,13.385952308210165
26538,7.4251587452156445
26539,5.423441047163031
26540,4.2019531411162685
26541,3.8866509082787974
26542,3.6784894575703486
26543,3.5783241783231032
26544,21.485807931939007
26545,11.91711884066356
26546,6.158812254652775
26547,4.27255211292855
26548,3.16236120436944
26549,2.810333729842017
26550,2.681620944091853
26551,2.5958847413355364
26552,20.72557281059548
26553,11.260999033707225
26554,5.532487466291591
26555,3.605114938333544
26556,2.4646389965560367
26557,2.128124390136181
26558,1.9981202372568732
26559,1.9190859421746418
26560,21.128627287282143
26561,11.675803307558578
26562,5.910971646034016
26563,3.922081430445404
26564,2.8050436105297907
26565,2.475261605826261
26566,2.328639064567884
26567,2.236722808156756
26568,21.215965663808603
26569,11.685288685331692
26570,5.917712045720572
26571,3.970925722504581
26572,2.853395496829662
26573,2.5072627283095175
26574,2.394235306959659
26575,2.3078560619003747
26576,21.8861092412534
26577,12.36297920770662
26578,6.611958199405519
26579,4.627340404821767
26580,3.435949701998612
26581,3.1042230784793667
26582,2.9784081299666414
26583,2.8930069600527815
26584,8.398516653015442
26585,21.41469766775767
26586,11.937225790983717
26587,6.271674055737647
26588,4.35160628351335
26589,3.188605570627029
26590,2.905954686994189
26591,2.727296021116978
26592,2.6529709249914246
26593,9.591612576643424
26594,6.912627130674236
26595,28.925087567906765
26596,17.006361680317383
26597,10.058049283483033
26598,7.963282085686009
26599,6.403111554110271
26600,5.906045479939505
26601,5.6761238329660095
26602,5.561975511038334
26603,24.57764541237446
26604,22.624850820798272
26605,12.971973155474961
26606,7.153258227363539
26607,5.140756356253694
26608,3.963203147998469
26609,3.661831678022078
26610,3.5058950068400394
26611,3.435444697434861
26612,24.732554601718448
26613,14.287485331472654
26614,7.934296812912567
26615,5.807871796638208
26616,4.505600132332116
26617,4.214346258850321
26618,4.024060589574285
26619,3.922216139393617
26620,24.732554601718448
26621,14.287485331472654
26622,7.934296812912567
26623,5.807871796638208
26624,4.505600132332116
26625,4.214346258850321
26626,4.024060589574285
26627,3.922216139393617
26628,25.67517832780169
26629,14.025403482848384
26630,7.638387807682972
26631,5.4585295746576525
26632,4.038645060566167
26633,3.758600515356154
26634,3.6292902649314134
26635,3.5418518769851977
26636,22.306093544956973
26637,12.67847606826633
26638,6.981466623204112
26639,5.0464109725307384
26640,3.915474087346828
26641,3.5820130690472656
26642,3.449475875326288
26643,3.367119852123519
26644,6.650584027498686
26645,4.035781269433756
26646,3.740343541851483
26647,3.411014856817329
26648,2.7939977194029497
26649,22.00473763801407
26650,12.367688479113582
26651,6.617490771527519
26652,4.718154827882895
26653,3.57509928936594
26654,3.2737313634571485
26655,3.119206523717493
26656,3.0335214269026496
26657,21.945762049404824
26658,12.286085484582106
26659,6.496011050627516
26660,4.565623294325113
26661,3.37906516553221
26662,3.0941056464434036
26663,2.9426639367503533
26664,2.859410373229697
26665,26.449903060834544
26666,15.03234830017229
26667,8.219124204436046
26668,6.039710373712216
26669,4.557907123701983
26670,4.2446890247262274
26671,4.009174096299239
26672,3.889283965482351
26673,21.75588337806912
26674,12.023944747018987
26675,6.30140438330033
26676,4.339487175749311
26677,3.182680789359953
26678,2.819841808647775
26679,2.6848304602139055
26680,2.5936823857603706
26681,30.071108381435337
26682,19.36035033264834
26683,13.385243654670719
26684,10.789490752626488
26685,9.41985379516005
26686,9.018115559545679
26687,8.801446696953937
26688,8.617876128213686
26689,31.28217137446252
26690,20.246856249781267
26691,13.899885144188358
26692,11.557172143775833
26693,10.178832537659996
26694,9.825438559317437
26695,9.647256027028263
26696,9.535740277993401
26697,26.77321303475591
26698,16.664006507412324
26699,10.603578658940238
26700,8.561726851845442
26701,7.30647203249513
26702,6.979608803823696
26703,6.886553753063542
26704,6.825016270796117
26705,36.74358919651315
26706,25.400689470495983
26707,18.951676890273525
26708,17.659076625713343
26709,16.733611456345002
26710,16.364640058495866
26711,15.778525514790811
26712,15.530964443688736
26713,26.258942296173316
26714,16.509789409268958
26715,10.53005183353529
26716,8.651483167629458
26717,7.44398787347595
26718,7.140438586384552
26719,7.0146176432420075
26720,6.999372979355268
26721,21.964741985061835
26722,12.350852923216594
26723,6.537395359074092
26724,4.561389104926859
26725,3.409439587864884
26726,3.0806668855028607
26727,2.9332074015273837
26728,2.8598700650193587
26729,42.42918342359605
26730,23.1405304817992
26731,20.86504488131599
26732,14.535545733526995
26733,12.979287364423607
26734,10.10505399078314
26735,9.661730198450737
26736,308.94628883550064
26737,141.0518302227323
26738,103.10925034297284
26739,79.9443353367284
26740,72.56422615627605
26741,27.109224027262908
26742,11.969961342719532
26743,7.689834883024365
26744,4.718110082013108
26745,3.3050504390571445
26746,2.975891373757489
26747,21.40146823570261
26748,11.767038364444694
26749,6.032457995719245
26750,4.140993202930936
26751,2.9997927243330675
26752,2.637466083193559
26753,2.4775685279421453
26754,2.401360386818486
26755,26.045067307171433
26756,16.164371363208566
26757,10.282686029523745
26758,8.51549630327881
26759,7.354842975069707
26760,7.080340592288077
26761,6.967239841196744
26762,6.9339130581469375
26763,21.339767482720838
26764,11.797557128722836
26765,6.08863618289577
26766,4.144096672861904
26767,2.979833776102474
26768,2.6938108426460556
26769,2.5297134327128923
26770,2.43923494862855
26771,34.33313629011339
26772,23.19334069616842
26773,16.293106432727193
26774,15.310281034882028
26775,14.462496521299519
26776,13.894452722656048
26777,13.537759103107378
26778,13.34100542343333
26779,34.33313629011339
26780,23.19334069616842
26781,16.293106432727193
26782,15.310281034882028
26783,14.462496521299519
26784,13.894452722656048
26785,13.537759103107378
26786,13.34100542343333
26787,30.495585913400824
26788,18.69398084571835
26789,11.16743136108677
26790,8.470956440131436
26791,7.238118446909563
26792,6.803414597412091
26793,6.712753526561578
26794,6.634171312544098
26795,21.877219718546804
26796,12.0919758932436
26797,6.198338142823245
26798,4.19605359536204
26799,3.0250005416890047
26800,2.707379631595395
26801,2.569388098511519
26802,2.433024438517214
26803,21.86176216881751
26804,12.187268519492616
26805,6.2481619757949485
26806,4.266308407171451
26807,3.113672614691118
26808,2.779492100625839
26809,2.6342069279370435
26810,2.52681591289368
26811,4.258591306018687
26812,29.16596261297586
26813,17.43930498041744
26814,10.31646254286588
26815,7.9233319661944
26816,6.4841901853557005
26817,6.118897019726906
26818,5.952655258826814
26819,5.836371622699732
26820,23.10164600074353
26821,12.856204158535014
26822,6.148367914395914
26823,4.009439451868792
26824,2.6932292957404593
26825,2.3807443227581606
26826,2.275078314240939
26827,2.1845980193291887
26828,20.978725736619076
26829,11.413756186301587
26830,5.502227231722869
26831,3.585710408680394
26832,2.455427335826401
26833,2.1184161297251656
26834,1.9638236449171076
26835,1.904528343822076
26836,40.05579337877886
26837,27.353717822310987
26838,19.25499378844497
26839,13.76505484302282
26840,11.891184385202383
26841,11.314344943378071
26842,10.943959875166456
26843,10.845782134636423
26844,26.58698520752703
26845,15.578433864803024
26846,9.173182297287392
26847,7.193512689212801
26848,6.093297417852318
26849,5.759931359692796
26850,5.621991108669894
26851,5.480369319159958
26852,21.425211040258674
26853,38.62262620818713
26854,25.146079232957046
26855,17.342735154112177
26856,13.601560847132383
26857,11.728092828952418
26858,10.985710886931102
26859,10.627632807992622
26860,10.511888474454054
26861,28.717089634771824
26862,16.684525537748314
26863,9.870827350410632
26864,7.666063711291108
26865,6.295895909782088
26866,5.952013142883544
26867,5.788290124489953
26868,5.652848193588869
26869,10.47861542237347
26870,9.305031257609604
26871,7.7440894790238
26872,7.487583707257948
26873,8.065297392927624
26874,24.947975041877758
26875,22.89181715309884
26876,21.361633623519374
26877,20.00689300542361
26878,21.526734899594615
26879,19.897860449939785
26880,19.077714588464342
26881,18.200815877802853
26882,6.799123228165364
26883,4.256622046857097
26884,3.5192885057775483
26885,2.5570141234913777
26886,8.089935129994416
26887,22.21740876694869
26888,12.654842774529472
26889,6.812192099428117
26890,4.902621860746807
26891,3.777641935963426
26892,3.4463719796220937
26893,3.3072355078744993
26894,3.204842374737887
26895,21.868041579527528
26896,11.926598068169827
26897,5.857827592319153
26898,3.878937928211138
26899,2.6563103646200004
26900,2.4121630970454278
26901,2.2656311139065464
26902,2.1528202170184567
26903,21.365839549999638
26904,11.864090983835286
26905,6.163818683798606
26906,4.268394704319819
26907,3.126947585829073
26908,2.7974415581635386
26909,2.6513012685931043
26910,2.5648177368770906
26911,21.937065669613908
26912,12.339354778073117
26913,6.558909608220436
26914,4.709029460005363
26915,3.5853927489954174
26916,3.2040471989224972
26917,3.0732063866540917
26918,2.990395660945148
26919,21.838072134977647
26920,12.081481161996287
26921,6.301955855688311
26922,4.352003217387708
26923,3.2201356931913176
26924,2.919703285871731
26925,2.798194048017958
26926,2.6928638544408137
26927,22.357030129817755
26928,12.565126353930351
26929,6.69596470488357
26930,4.693571731895628
26931,3.5311678795342223
26932,3.239699592347636
26933,3.105240620872456
26934,3.0058462015204594
26935,21.46447847408717
26936,12.123156443599582
26937,6.419086583449219
26938,4.550185939450245
26939,3.4430237707813363
26940,3.1069416764062527
26941,2.963088339905354
26942,2.891611136955036
26943,21.591755781232322
26944,12.016227681419728
26945,6.209363276507395
26946,4.2375443792074625
26947,3.134576103557002
26948,2.7894272970047203
26949,2.6503103037763625
26950,2.5597962992077505
26951,22.011726600551224
26952,12.153237784570095
26953,6.1995806487528125
26954,4.180872249869449
26955,3.01276835291131
26956,2.6285479503215012
26957,2.5023452721856776
26958,2.4154551353284597
26959,21.358927849576542
26960,11.779823191495897
26961,6.0220220711938754
26962,4.119146784861414
26963,2.9797841496637822
26964,2.6432798759927763
26965,2.5042018015479623
26966,2.416797465019279
26967,21.528352795264546
26968,11.849290687533292
26969,6.051154588170672
26970,4.129227589351762
26971,2.9413319389457597
26972,2.649602815032258
26973,2.495024736988297
26974,2.4054442556540807
26975,20.32119774421141
26976,11.04954258757052
26977,5.4727240705121485
26978,3.5656448411868285
26979,2.455978791082371
26980,2.114804017566963
26981,1.9941179697237668
26982,1.9306479993183534
26983,21.027000253316658
26984,11.681062303051798
26985,6.039163611404419
26986,4.112086048041771
26987,2.981844522225245
26988,2.620625259668974
26989,2.5214306228034604
26990,2.435104479085169
26991,5.2221577021603265
26992,5.452185686048707
26993,2.4701813948625237
26994,1.6004325599914029
26995,4.960166258785107
26996,52.33734367398877
26997,35.44536339338234
26998,26.593840283974544
26999,20.66149199241025
27000,17.32672370669392
27001,16.482958109283565
27002,16.027777121580964
27003,15.781145825125277
27004,8.664589915639683
27005,8.973339021552839
27006,1.6873007596772824
27007,1.613803245165221
27008,1.6873007596772824
27009,1.7565390093753805
27010,1.7565390093753805
27011,1.7517926155255417
27012,1.7565390093753805
27013,1.4292313038636575
27014,5.699849187117737
27015,1.5086326342084504
27016,1.4344660601339319
27017,1.3128939459072793
27018,1.5379254900334174
27019,1.3438009905332222
27020,1.4245266855342473
27021,1.2955947611916725
27022,1.234425722360013
27023,1.428171043594708
27024,2.054023339470551
27025,33.672102639302054
27026,20.960633134105933
27027,14.529445228478501
27028,12.406184250032071
27029,10.78104601487685
27030,10.406338301355099
27031,10.203421535579054
27032,9.970645931888061
27033,23.862936568110328
27034,4.899935164203153
27035,1.8780872601244538
27036,3.411664094683136
27037,2.402150868957627
27038,7.5290871264757175
27039,1.5743010755716504
27040,7.668152112585336
27041,6.4487986689221595
27042,5.497067753865035
27043,4.895455851989427
27044,10.235819850951561
27045,7.115738018736442
27046,6.381195912300988
27047,5.832599641553457
27048,3.114367556483436
27049,2.0599244946885187
27050,1.5825031996725585
27051,1.3888183735854338
27052,3.1362047385683898
27053,15.461657804851187
27054,21.849420774444322
27055,12.047842704059711
27056,6.117805026579653
27057,4.1549398078071995
27058,2.9587806480729077
27059,2.636740166372396
27060,2.4801866703238824
27061,2.3714447343889797
27062,13.08962979935656
27063,6.2445786460702095
27064,5.742338215387723
27065,4.341146557811066
27066,21.165159133883805
27067,11.725442491619614
27068,6.013052586958356
27069,3.5987798284411006
27070,2.3322946917278204
27071,2.066684118467589
27072,1.9207204529775321
27073,21.21650097809904
27074,11.650533898203772
27075,5.874352247398837
27076,3.9124009548211416
27077,2.7740773625444795
27078,2.4646615794888556
27079,2.3514815640732127
27080,2.248104086313348
27081,21.21650097809904
27082,11.650533898203772
27083,5.874352247398837
27084,3.9124009548211416
27085,2.7740773625444795
27086,2.4646615794888556
27087,2.3514815640732127
27088,2.248104086313348
27089,16.074750698365097
27090,11.210307690697489
27091,9.239031281516247
27092,8.359531224353802
27093,20.53964618914626
27094,10.94948734280565
27095,5.172955607554434
27096,3.236438620423108
27097,2.118699259333994
27098,1.8010480842164123
27099,1.663843208495142
27100,1.5669021808075496
27101,20.322402116504406
27102,10.945427037661526
27103,5.30164326889075
27104,3.4375906036912336
27105,2.268069623432525
27106,1.964358730618883
27107,1.8155605080604225
27108,1.741586638218442
27109,9.716685411722668
27110,7.662033247029255
27111,6.109140217771544
27112,21.152472504847488
27113,11.546255960525809
27114,5.773606263228398
27115,3.86630798238085
27116,2.75941117500051
27117,2.410521203903059
27118,2.264649488960052
27119,2.178392523663298
27120,21.286879444739235
27121,11.722798559669384
27122,5.93787054937119
27123,3.975774270268441
27124,2.8590784667548625
27125,2.5302901495958343
27126,2.4079049367907857
27127,2.3039775549526587
27128,28.66071451713788
27129,22.102145003024887
27130,16.75319330411227
27131,22.316370795390842
27132,12.712265617034754
27133,7.019033562730991
27134,5.102928085952595
27135,3.961015353496188
27136,3.62781516955448
27137,3.49049140836572
27138,3.4099539564379846
27139,22.316370795390842
27140,12.712265617034754
27141,7.019033562730991
27142,5.102928085952595
27143,3.961015353496188
27144,3.62781516955448
27145,3.49049140836572
27146,3.4099539564379846
27147,22.00943016339916
27148,12.377674127174298
27149,6.518829019807052
27150,4.599183415011556
27151,3.42963498652411
27152,3.090095510572281
27153,2.933375175438131
27154,2.8760707657480333
27155,22.55245974316456
27156,12.729578138291833
27157,6.778946852588421
27158,4.803460846120929
27159,3.633457150758525
27160,3.282539539395889
27161,3.150400016158333
27162,3.0808378355391275
27163,11.819331013050322
27164,21.079564113036373
27165,11.512923239527016
27166,5.76260208619576
27167,3.8372784220934886
27168,2.6812500603819887
27169,2.354662272577854
27170,2.2295787423281714
27171,2.1471677238007345
27172,23.47911797176679
27173,4.537430998485874
27174,1.3323260265335128
27175,21.307743089901173
27176,11.740396163900929
27177,6.0084584965832
27178,4.083569847389493
27179,2.9282685513667603
27180,2.616776618321504
27181,2.472254789506906
27182,2.391836618069818
27183,21.03682033591245
27184,11.452823854165578
27185,5.666560416309736
27186,3.7640934294147645
27187,2.590120627663267
27188,2.262304366790354
27189,2.1276226488915566
27190,2.052220236391321
27191,21.432679407879892
27192,11.749540040373805
27193,5.879776480860656
27194,3.962018634920517
27195,2.756736178586758
27196,2.4307358543209543
27197,2.283872761697277
27198,2.1857878291818347
27199,20.953906042088956
27200,11.459069972409829
27201,5.633583648695817
27202,3.659109198385316
27203,2.531376498518291
27204,2.231934458224446
27205,2.078421263961092
27206,1.9932397152761854
27207,20.930646652206526
27208,11.38409535472633
27209,5.654274386236066
27210,3.742234485504655
27211,2.5858113294820937
27212,2.2885308081638183
27213,2.156276188854388
27214,2.070736766271061
27215,20.930646652206526
27216,11.38409535472633
27217,5.654274386236066
27218,3.742234485504655
27219,2.5858113294820937
27220,2.2885308081638183
27221,2.156276188854388
27222,2.070736766271061
27223,20.67943730499238
27224,11.128868319106333
27225,5.358887520652049
27226,3.4428408304482883
27227,2.295227758973759
27228,1.9693448343352769
27229,1.8420390438989895
27230,1.7461319507539614
27231,10.79942631190984
27232,103.59854655253515
27233,37.38293971500226
27234,25.274742881303332
27235,19.85013302947194
27236,15.995842552207419
27237,20.49961703212354
27238,10.99891998574099
27239,5.2487291071692725
27240,3.345332044520462
27241,2.175980066173461
27242,1.861539057074394
27243,1.7320045230448133
27244,1.6499972305328856
27245,26.42384393547315
27246,15.049571041898353
27247,8.125860329890482
27248,5.927398088430412
27249,4.538159961289195
27250,4.027353369772949
27251,3.800710207513107
27252,3.67094150933964
27253,27.77277412481815
27254,15.895674559853749
27255,8.71131588548095
27256,6.444654280887454
27257,4.9271046308620114
27258,4.600340810030786
27259,4.381638961109147
27260,4.217033277621292
27261,33.02228927236595
27262,16.74729621292284
27263,8.759001015735775
27264,5.586887291114433
27265,3.844583020171418
27266,3.5487896726414716
27267,21.768081262934366
27268,12.175486823967546
27269,6.41445393861387
27270,4.516975807223217
27271,3.3386893378979923
27272,3.04929482032151
27273,2.892976234525385
27274,2.810478351036435
27275,22.418586800525798
27276,12.415142870352962
27277,6.495937911561444
27278,4.502004413074829
27279,3.3413517505917576
27280,3.0180423776348126
27281,2.8695699255980998
27282,2.821929172960631
27283,20.915200356898122
27284,11.257250814149982
27285,5.458631865802279
27286,3.4839968094502423
27287,2.2868395395393164
27288,1.9714382632429763
27289,1.8516692012678975
27290,1.7731063042248096
27291,23.473446606878845
27292,13.349796550783118
27293,7.248583073860644
27294,5.169266207009326
27295,3.9039295288393143
27296,3.6180585784994475
27297,3.472608269143936
27298,3.395865799348528
27299,32.30077118862554
27300,20.124243160091325
27301,13.127628406200479
27302,10.889476830291347
27303,9.633855384707061
27304,9.440555778137586
27305,9.340924096843926
27306,9.26434279713659
27307,29.395966527477306
27308,17.756265302674006
27309,10.68001922514869
27310,8.75662970741077
27311,7.533943528895156
27312,7.193498548228357
27313,7.162139645481592
27314,7.057070610986229
27315,21.654895413709337
27316,12.027684105041352
27317,6.2616278282569215
27318,4.336311960787604
27319,3.1418815720894644
27320,2.83712811731334
27321,2.6948868632484295
27322,2.613720767582582
27323,22.241820847412882
27324,12.620228025502696
27325,6.907734193012601
27326,4.9985488027492275
27327,3.8721667915408
27328,3.5412057734784304
27329,3.4046525433640906
27330,3.3210800106674694
27331,22.117903493740126
27332,12.51510327782309
27333,6.738749247053759
27334,4.854706705865944
27335,3.732961896372953
27336,3.4236632694198534
27337,3.282968640340003
27338,3.1950366844568565
27339,22.555242567405944
27340,12.79511516508824
27341,6.986124760765097
27342,5.071219189647056
27343,3.8662053843093425
27344,3.5798957705383527
27345,3.3944140314904683
27346,3.256101326788357
27347,22.39473832751969
27348,12.627090798178829
27349,6.845387772797655
27350,4.943444119429622
27351,3.7594434305820688
27352,3.466452250283109
27353,3.3257223979750137
27354,3.247708325510931
27355,22.214209853824794
27356,12.490763596988522
27357,6.6049015506954785
27358,4.731370972173751
27359,3.5418751527507157
27360,3.205841760833378
27361,3.0514718849570635
27362,2.9547261945612213
27363,323.8005638554446
27364,130.51544380056333
27365,88.91793012905778
27366,71.4684777887814
27367,65.04632884909407
27368,20.718607811394023
27369,11.064941416784812
27370,5.137335110225017
27371,3.2344601468930576
27372,2.100872653411371
27373,1.7725309407739456
27374,1.6190190579972408
27375,1.5352088206523735
27376,184.5008514273712
27377,93.41568287405002
27378,67.66476301456296
27379,62.52525475077958
27380,56.26480735263918
27381,22.572061762994394
27382,12.66199899873338
27383,6.830432045509258
27384,4.846731969373625
27385,3.674512679378676
27386,3.3366476351349537
27387,3.2077983114630304
27388,3.1480991620626546
27389,95.2229130856883
27390,32.891982026965415
27391,18.22308483424892
27392,13.793245952027867
27393,11.049494908420511
27394,21.0111284344687
27395,11.639342302849466
27396,5.8403903804807875
27397,3.898442247690603
27398,2.78849831373093
27399,2.4537610399566545
27400,2.3023494281317527
27401,2.2017939689477695
27402,20.724851838708226
27403,11.182026689827534
27404,5.460957624943277
27405,3.52423228444409
27406,2.3705506134133114
27407,2.049326388075099
27408,1.9034286801413112
27409,1.820522653620507
27410,21.752519608911935
27411,12.25161330069987
27412,6.491806533882235
27413,4.647072480514008
27414,3.492791424780348
27415,3.1635187118741346
27416,3.0302530570329944
27417,2.9518078696751635
27418,34.19970567617594
27419,19.602696575469853
27420,10.012535126204204
27421,5.860002446839262
27422,4.032789152312553
27423,3.3797366408133325
27424,3.080594021881981
27425,2.967365227657196
27426,17.92725851570893
27427,10.04839733891065
27428,5.224991388453104
27429,3.640782060371229
27430,2.6095882159078214
27431,2.3849141335981456
27432,2.276487439130281
27433,2.219548308061891
27434,29.18478526073774
27435,17.464441380817696
27436,10.467444768850203
27437,7.833571468973775
27438,6.400170730036353
27439,6.035950933056074
27440,5.899841683940767
27441,5.755917119205295
27442,28.1708990997013
27443,17.0319028119539
27444,10.211281522398288
27445,7.624789299873607
27446,6.148268639294476
27447,5.780452149355303
27448,5.631806542805736
27449,5.471632287703349
27450,22.901081217975378
27451,13.079099043623376
27452,7.206864530006425
27453,5.237089516232677
27454,3.9804460209925745
27455,3.674018707428063
27456,3.5673760481034495
27457,3.4999750778579037
27458,23.038161573138158
27459,13.064822528203996
27460,7.146158322215095
27461,5.244725371328008
27462,4.090727806228751
27463,3.7761209449745143
27464,3.625575056933278
27465,3.534345542055126
27466,21.091380581701728
27467,11.578298213192518
27468,5.879093363426594
27469,3.970815441124998
27470,2.784567333398737
27471,2.467271474493101
27472,2.3262810343839524
27473,2.23264457455059
27474,16.263441876621297
27475,9.213157750327863
27476,7.212944868599326
27477,6.224347528891322
27478,22.454165910154522
27479,12.641086311117803
27480,6.766473992982271
27481,4.797555806905075
27482,3.6249438806767844
27483,3.3022516326055245
27484,3.182993904702971
27485,3.089779904500045
27486,22.137276894112365
27487,12.344174353668379
27488,6.505380163411745
27489,4.544443254288661
27490,3.3837594110658293
27491,3.0762800483429396
27492,2.874722524001732
27493,2.7707224783236777
27494,21.72352639425614
27495,12.08074183016129
27496,6.339635615304335
27497,4.440802166164038
27498,3.304702891195288
27499,2.986549273074979
27500,2.7958346103196328
27501,2.6857894729518246
27502,27.760767810329455
27503,16.908980508102758
27504,9.381444311039804
27505,6.722753611589765
27506,5.478524692435202
27507,5.044072227376434
27508,4.949492188682257
27509,4.884837662118912
27510,29.60642461137824
27511,18.798147503369673
27512,11.422857348011245
27513,8.615413928315924
27514,7.271537702927841
27515,6.802626903809676
27516,6.591205582351133
27517,6.5252607681069374
27518,21.71307303053213
27519,12.41016072428212
27520,6.740469858608483
27521,4.988690061070782
27522,3.95637708583342
27523,3.604132537804932
27524,3.488868470563492
27525,3.395275045085971
27526,28.29033452277963
27527,17.387827225472655
27528,11.208099569301039
27529,9.176133723742636
27530,7.646367502820545
27531,7.620562738137643
27532,7.470962604508015
27533,7.2347725865228325
27534,30.134739553304268
27535,18.956593876777976
27536,11.894440688395191
27537,9.414356568013734
27538,7.7032373192509045
27539,7.282447290948849
27540,7.086250545893571
27541,7.076537044945947
27542,20.808982918028086
27543,11.578999916041473
27544,5.968514591295947
27545,4.11261590379692
27546,2.994031327982137
27547,2.654808653576728
27548,2.550926978904936
27549,2.4564073388096017
27550,19.53069223493076
27551,10.528303643649712
27552,5.109983878282881
27553,3.2346530560478577
27554,2.157165447980069
27555,1.819137643253238
27556,1.6971389271088901
27557,1.6578280371053973
27558,46.60808978116332
27559,20.066784335360172
27560,12.23210090452937
27561,10.305985033085875
27562,8.727095215473886
27563,21.50418713847031
27564,11.785749667178735
27565,6.02756230069172
27566,4.117957154427465
27567,2.956904888408635
27568,2.600514884704496
27569,2.461872946466275
27570,2.335924765301673
27571,34.94299150493826
27572,24.243474013197215
27573,18.021683878665026
27574,15.92711236849531
27575,13.745481053797935
27576,12.981505448879108
27577,12.2830327451256
27578,12.008598473812928
27579,20.968834251765298
27580,11.445396600074277
27581,5.738138656560518
27582,3.8325497190637563
27583,2.6537085251267936
27584,2.360880009283508
27585,2.2211326239517493
27586,2.141466230080299
27587,21.923312409990015
27588,12.337270784568549
27589,6.607512846947894
27590,4.726622559396392
27591,3.548127513717013
27592,3.2308646861186476
27593,3.0734757334368528
27594,2.988094961126404
27595,21.854523237783486
27596,12.223604887413861
27597,6.449596252738515
27598,4.554643726407558
27599,3.3846047146672738
27600,3.11138995695716
27601,2.961016402905895
27602,2.8761824873519517
27603,21.32570601570231
27604,11.75523492874057
27605,6.028858039425497
27606,4.096612651361606
27607,2.932162693994335
27608,2.6486401678083924
27609,2.504340764526
27610,2.4261258351718733
27611,21.36601686764532
27612,11.786233651285068
27613,6.060670561374886
27614,4.115701021361586
27615,2.9449927096423876
27616,2.668226842042756
27617,2.5214143698132774
27618,2.4423962277801605
27619,21.60924949440203
27620,12.003483306507043
27621,6.298807650463924
27622,4.390560809988618
27623,3.2558629452212093
27624,2.908381586270881
27625,2.785834876882171
27626,2.69544875488114
27627,21.425120714682507
27628,11.787171572935707
27629,6.077012776693339
27630,4.152871537252751
27631,2.9941741015202012
27632,2.675493718155121
27633,2.5325533622716905
27634,2.441085128655664
27635,21.294074957106986
27636,11.695874229452176
27637,5.996656120041131
27638,4.109812524966788
27639,2.9515810106835016
27640,2.6232640019325046
27641,2.470142055428675
27642,2.383035988784633
27643,21.540193797230792
27644,11.930757236651527
27645,6.174549903016414
27646,4.268483539553248
27647,3.121092941268439
27648,2.8030181741020517
27649,2.663930559093096
27650,2.575661683090628
27651,21.540193797230792
27652,11.930757236651527
27653,6.174549903016414
27654,4.268483539553248
27655,3.121092941268439
27656,2.8030181741020517
27657,2.663930559093096
27658,2.575661683090628
27659,35.56953685061196
27660,23.550967453678503
27661,17.1175730406184
27662,14.78127412421269
27663,13.05232460208692
27664,13.195779474451559
27665,12.641347835381907
27666,12.05673390305131
27667,52.10040688590405
27668,95.28091155069967
27669,62.43861442431998
27670,43.31011548964069
27671,38.27962936413017
27672,24.74135275146452
27673,19.900904553045194
27674,11.942010956077574
27675,7.283477587330681
27676,5.3272194785281535
27677,4.301180403196703
27678,4.132284187243343
27679,3.9954353437196928
27680,3.948952981743104
27681,19.869864960128165
27682,11.47297690802083
27683,6.751532311401895
27684,4.898705038285442
27685,3.8724637088633314
27686,3.534349586132721
27687,3.4322232090431353
27688,3.3818409742285462
27689,21.7214391356301
27690,12.527110390603038
27691,6.863082730334163
27692,5.094126755912209
27693,4.037038616603248
27694,3.721223856315034
27695,3.5998357413703244
27696,3.5003261717061425
27697,22.19149325397101
27698,12.927233628279506
27699,7.25263688840262
27700,5.3035366389935445
27701,4.152445726064565
27702,3.876529377165078
27703,3.6900929568552683
27704,3.633022327273865
27705,12.33704683067086
27706,20.686709894905647
27707,11.261572373391328
27708,5.494920224722345
27709,3.5680098450868427
27710,2.4243185777937284
27711,2.0967585139078424
27712,1.947378915767528
27713,1.8588571864153467
27714,22.21640678632069
27715,12.702647213692526
27716,6.700219973725513
27717,4.813735881402682
27718,3.6637628924080348
27719,3.3475175390189014
27720,3.2223991156775953
27721,3.136860783555404
27722,21.7309046963407
27723,12.44586996203167
27724,6.757984597318866
27725,4.9945132003745005
27726,3.963244798189572
27727,3.614324411116221
27728,3.502419534179537
27729,3.413221590328767
27730,21.413933994705086
27731,12.266071220190064
27732,6.595053122121183
27733,4.676190869119448
27734,3.667222895306911
27735,3.332225111844134
27736,3.193716720139586
27737,3.1138194784400643
27738,21.27292343157307
27739,11.991815435298209
27740,6.171501420069282
27741,4.319078116250459
27742,3.268351574139154
27743,2.918619154603028
27744,2.8123447715479957
27745,2.7255733245996074
27746,20.837771905628596
27747,11.385278291918038
27748,5.727564812848418
27749,3.797768076600429
27750,2.646832828324837
27751,2.3293621672778313
27752,2.1955923066629857
27753,2.1209766246088604
27754,21.98828088290256
27755,12.252367488058155
27756,6.337032726797096
27757,4.380137325548379
27758,3.115258814467887
27759,2.773420936325736
27760,2.650942312116295
27761,2.5509199749430786
27762,21.994399824384367
27763,12.283794021421254
27764,6.600211427687119
27765,4.649852156506888
27766,3.341344536370276
27767,3.039117694117134
27768,2.906955395899078
27769,2.80312019602754
27770,21.783209302403964
27771,11.546402821678237
27772,6.0637565010022225
27773,4.265113224909293
27774,3.0925761745622093
27775,2.7633731370919974
27776,2.5930453392969444
27777,2.549487379995729
27778,34.83714078113765
27779,27.911240168264328
27780,16.32626451781943
27781,9.42977075742845
27782,7.004683308237768
27783,5.5994087819719205
27784,5.202261099683054
27785,4.989390581797486
27786,4.93254068734383
27787,27.961304726170326
27788,16.391313107879817
27789,9.50044152525813
27790,7.088131562538344
27791,5.640206217611136
27792,5.397519862496312
27793,5.250999659707805
27794,5.202686991403815
27795,28.872693171958254
27796,16.95860230972622
27797,10.020070068417187
27798,7.585078171422481
27799,6.091765887494045
27800,5.653103487846822
27801,5.428003270207798
27802,5.374049475204717
27803,28.67944961118222
27804,18.610747746894198
27805,9.545175473715013
27806,6.574819209852533
27807,4.5698714977456465
27808,4.592592225173562
27809,4.36691155152574
27810,4.422717259038543
27811,28.303958383065453
27812,16.554785410420372
27813,9.510650936527163
27814,7.23080074047306
27815,5.7540914246555
27816,5.390256655037502
27817,5.194877238035041
27818,5.124404685481882
27819,21.837630852379085
27820,12.16881678609459
27821,6.403260225170595
27822,4.579373724575368
27823,3.4474887448790588
27824,3.1287212065860284
27825,2.981083133938495
27826,2.890586181960594
27827,22.160038033973496
27828,12.359423762389122
27829,6.5037199857251045
27830,4.577497640383494
27831,3.3734315235913406
27832,3.0263451989830727
27833,2.877516584118449
27834,2.8365011902224384
27835,22.261058979396353
27836,12.577093731694555
27837,6.756481477771819
27838,4.831611449789808
27839,3.6276279198229746
27840,3.3071778653596744
27841,3.1298607648626624
27842,3.0459860997663455
27843,21.371919930382475
27844,11.617201057234425
27845,5.8899519210021385
27846,4.416044871315632
27847,3.249711574787897
27848,2.8892218058572756
27849,2.671037518638293
27850,2.6037835908831957
27851,7.466532249272101
27852,49.69255455967349
27853,32.79797148189319
27854,19.539992584954234
27855,12.538682016499664
27856,8.620607825953844
27857,7.611167189696263
27858,7.090035761227805
27859,6.881057465710798
27860,27.938437163066414
27861,16.267646810998365
27862,9.31189248800801
27863,7.0368637705475665
27864,5.606010211559551
27865,5.2172386340514425
27866,5.033259654500049
27867,4.936991927343045
27868,21.677507721595795
27869,12.019296979367548
27870,6.195584942328719
27871,4.276522893534486
27872,3.1489195721709375
27873,2.8209748444383163
27874,2.6751080217720036
27875,2.633364992659051
27876,17.85944156568842
27877,16.855099418796904
27878,16.65069563510919
27879,15.60759652611813
27880,14.129177687932938
27881,16.39279305736774
27882,29.475819023297113
27883,17.81511036239817
27884,10.899505906153598
27885,8.552686013807282
27886,6.992913764208557
27887,6.771156555515524
27888,6.652655109234363
27889,6.606789943158683
27890,22.379171407214155
27891,12.85957080779406
27892,7.045985208370011
27893,5.112024870730336
27894,3.896791567875878
27895,3.5818981074118934
27896,3.433516348902418
27897,3.34943265307208
27898,29.154689543635598
27899,17.175258634495734
27900,10.652027174203758
27901,8.477619976461694
27902,6.781451362155084
27903,6.558221525541128
27904,6.375066695083027
27905,6.165190254117188
27906,28.81493178736677
27907,17.195146986908252
27908,10.67045099760987
27909,8.368290573735818
27910,6.748294442051326
27911,6.520029399780576
27912,6.349436811132081
27913,6.207158308479857
27914,29.59376097187187
27915,17.961468303620116
27916,10.955646705659609
27917,8.251704004883338
27918,6.772977516535576
27919,6.40694616352511
27920,6.244945923473954
27921,6.109060399633598
27922,23.105543292517638
27923,13.424921480759679
27924,7.698930705935455
27925,5.739558142873361
27926,4.569621911884874
27927,4.22603532603619
27928,4.078030393671813
27929,23.105543292517638
27930,13.424921480759679
27931,7.698930705935455
27932,5.739558142873361
27933,4.569621911884874
27934,4.22603532603619
27935,4.078030393671813
27936,25.03688497740459
27937,14.473251539027698
27938,8.716392346921822
27939,6.598837232125594
27940,5.293102859370056
27941,4.9377368855545285
27942,4.7645495833511475
27943,21.704562420642322
27944,12.091539888136573
27945,6.319388252185188
27946,4.4173780634391875
27947,3.2526228652594136
27948,2.9146983492691145
27949,2.7921406001185582
27950,2.717785119562463
27951,21.178174391187337
27952,11.697164162034515
27953,5.966277876065621
27954,3.9939860626275703
27955,2.8384836186351983
27956,2.5238232492905857
27957,2.400036618561563
27958,2.30400199444791
27959,20.918577232529092
27960,11.497518786347712
27961,5.8115005258095005
27962,3.85007726041796
27963,2.7289468401831547
27964,2.401573851769434
27965,2.2550906675765505
27966,2.1590698517941833
27967,22.154325527428007
27968,12.691065565725932
27969,6.950222004390746
27970,5.093263364616153
27971,3.8967036308686653
27972,3.5754152852244427
27973,3.4568763001358427
27974,21.634077342534365
27975,11.972425722021331
27976,6.246941226078537
27977,4.253099985192746
27978,3.123012274230593
27979,2.778658439967713
27980,2.6319084564302253
27981,2.5571648233966213
27982,22.82374772180784
27983,13.10061829763486
27984,7.3661078807558935
27985,5.4047274015499305
27986,4.225955761034193
27987,3.873469290363663
27988,3.7376552620510073
27989,3.6555199468106983
27990,21.329771188154705
27991,12.017284771884608
27992,6.366887945753864
27993,4.453986265557056
27994,3.3670275051762024
27995,3.0147156492081795
27996,2.893853382654085
27997,2.8008274786127316
27998,19.807433026060323
27999,2.9725550692433678
28000,24.432392274887267
28001,13.286741149967892
28002,6.909884929334266
28003,4.746640753955413
28004,3.603372348527611
28005,3.241728689480192
28006,3.039628771170241
28007,21.30971409922495
28008,11.75209027310802
28009,6.007606164134047
28010,4.077910123662736
28011,2.9548296366018283
28012,2.608616105753746
28013,2.4861851305650644
28014,2.3940287700391663
28015,2.270935989896466
28016,21.413054076713948
28017,11.856531776876711
28018,6.114503711211841
28019,4.157462809595588
28020,3.0083893828487662
28021,2.6957194065340446
28022,2.5819784875683762
28023,2.4888671505874775
28024,28.914082594550965
28025,16.789530860970377
28026,9.283033640633946
28027,6.612296139849022
28028,5.198548252358212
28029,4.819383882697496
28030,4.596226668237011
28031,4.473660265989012
28032,23.762292635649874
28033,12.894967804042523
28034,7.2819655978769635
28035,5.452055739669175
28036,4.299938829164641
28037,3.97302259640844
28038,3.8020487000831578
28039,3.7310354023150047
28040,4.468489964373807
28041,4.132528498100989
28042,3.625847861851617
28043,3.049792537037713
28044,3.0163370266701315
28045,190.92450713031246
28046,106.28867603815013
28047,79.3393806608434
28048,70.22244698379261
28049,66.02799383223862
28050,9.779527774025835
28051,4.9478258147473495
28052,4.2816526238810955
28053,2.20074057448407
28054,22.802190308608875
28055,12.803780132810296
28056,6.856643107367832
28057,4.963310324779246
28058,3.697385716240725
28059,3.324791691414738
28060,3.165686982434239
28061,3.103842788567814
28062,23.92775740209047
28063,13.970371252240193
28064,7.748065007471357
28065,5.890391631521489
28066,4.700765562885488
28067,4.328254153077765
28068,4.159688327984737
28069,4.054273237424907
28070,23.616482821664246
28071,13.650208080363242
28072,7.585851384804192
28073,5.820757977282793
28074,4.703439688488151
28075,4.367326348064009
28076,4.203037416373073
28077,4.111268064559298
28078,23.616482821664246
28079,13.650208080363242
28080,7.585851384804192
28081,5.820757977282793
28082,4.703439688488151
28083,4.367326348064009
28084,4.203037416373073
28085,4.111268064559298
28086,23.92775740209047
28087,13.970371252240193
28088,7.748065007471357
28089,5.890391631521489
28090,4.700765562885488
28091,4.328254153077765
28092,4.159688327984737
28093,4.054273237424907
28094,132.1834564245058
28095,21.897218260079626
28096,12.15955521900296
28097,6.411548248477252
28098,4.481935588914262
28099,3.2512601065611038
28100,2.9737220034776715
28101,2.818516883198251
28102,2.736468920300645
28103,82.8115559683662
28104,30.338602951023567
28105,17.371713252128885
28106,13.21565979018808
28107,10.468307416304947
28108,22.28297674608579
28109,12.526619912038713
28110,6.59388035930935
28111,4.637123623741213
28112,3.506713737844936
28113,3.1919076408277993
28114,3.0657883186541217
28115,2.9595042425658105
28116,22.633327589738276
28117,12.564983431391006
28118,6.552551122399853
28119,4.524306826469242
28120,3.338028725631133
28121,2.9934616246941865
28122,2.8546037089921015
28123,2.756427915719516
28124,22.256462484932705
28125,13.091146519140938
28126,7.546898980620879
28127,5.59647702239359
28128,4.380372049978889
28129,4.082146266603258
28130,3.9332172678202464
28131,3.8340009226309792
28132,27.935048862621663
28133,16.444789911005795
28134,9.70227780478222
28135,7.476170157497311
28136,6.15628301152963
28137,5.825274606391239
28138,5.662377553517841
28139,5.541081443977485
28140,21.37560479766672
28141,11.833025151099521
28142,6.0876583572047105
28143,4.132384205526871
28144,2.992474469587823
28145,2.678075352735893
28146,2.562836341480061
28147,2.475577162296183
28148,21.37560479766672
28149,11.833025151099521
28150,6.0876583572047105
28151,4.132384205526871
28152,2.992474469587823
28153,2.678075352735893
28154,2.562836341480061
28155,2.475577162296183
28156,23.045964695875966
28157,13.404036471670471
28158,7.681777507605389
28159,5.7551163478166565
28160,4.624355587294661
28161,4.200561291282095
28162,4.040038113952091
28163,3.9322074467291044
28164,29.087422790201266
28165,17.52595608729926
28166,10.292635851524764
28167,8.031935393649086
28168,6.541908030851335
28169,6.180012441809521
28170,6.01278877729608
28171,5.918341486155301
28172,31.407421692989026
28173,19.44746796794514
28174,12.194793428438688
28175,10.327322094448489
28176,8.801453620883112
28177,8.404973248831983
28178,8.17900688107658
28179,8.034043400331084
28180,21.30971409922495
28181,11.75209027310802
28182,6.007606164134047
28183,4.077910123662736
28184,2.9548296366018283
28185,2.608616105753746
28186,2.4861851305650644
28187,2.3940287700391663
28188,2.3255380960686027
28189,2.2093692592971403
28190,7.529032228911998
28191,7.133081360959963
28192,6.391651013291777
28193,29.012177412294957
28194,17.188078970614697
28195,10.482575450633725
28196,8.169974765674226
28197,6.515671367498114
28198,6.154270523094714
28199,5.898107853307962
28200,5.77371987575202
28201,3.5749480138415826
28202,28.62171783609967
28203,17.02233968572388
28204,9.920243081874402
28205,7.5495668419830695
28206,6.237796977497839
28207,5.823227771797001
28208,5.651654110822962
28209,5.5286152363693315
28210,29.55696531351387
28211,17.630292517992245
28212,10.561396100760984
28213,7.922514534027869
28214,6.447724089487819
28215,6.040125286413449
28216,5.8603325174073575
28217,5.758706746100894
28218,27.800593076581265
28219,16.20415488507901
28220,9.294229003627457
28221,7.037645656318388
28222,5.6360620741671354
28223,5.248286040427495
28224,5.040693047606203
28225,4.9523629571522365
28226,28.212233191815383
28227,16.512401604576617
28228,9.418882808053448
28229,6.989272179835622
28230,5.615109686304364
28231,5.117040427530645
28232,4.998568336689283
28233,4.936050881279774
28234,60.471753740055235
28235,40.6851965120753
28236,33.09557692538326
28237,24.197120738128604
28238,19.455129803057627
28239,17.532335852752595
28240,9.051597338925372
28241,5.241594168334324
28242,4.466025647121172
28243,2.752547414700869
28244,2.3566999898073586
28245,9.427041093000955
28246,5.511340245843268
28247,4.7166166905236295
28248,3.383218443362856
28249,2.8430363124234663
28250,2.7332426611173193
28251,24.071406274585073
28252,13.492259558386925
28253,7.184504451992512
28254,4.573897059702652
28255,3.3688856863039915
28256,3.035810819587638
28257,2.9103941733286343
28258,2.839113262770888
28259,110.54967455112887
28260,53.28621379479297
28261,40.21552057542386
28262,28.540752620269377
28263,23.39384780564196
28264,12.969387638401903
28265,6.995815014594692
28266,5.306159984974027
28267,4.094026296203089
28268,3.7291920984393756
28269,3.5796126623350037
28270,3.4948890885844595
28271,23.110865759585387
28272,13.212475846350937
28273,7.321839163239664
28274,5.3107118180412956
28275,4.134087586188869
28276,3.805017657280546
28277,3.6630303115118457
28278,3.5942047423669012
28279,28.318788467568375
28280,16.691301745841926
28281,9.433388462339014
28282,7.092676172767947
28283,5.712494863427002
28284,5.270432764723713
28285,5.011497480235952
28286,4.9369969377653895
28287,25.35409075248821
28288,14.559247658247967
28289,8.587352709057713
28290,6.581315547475768
28291,5.342416646494532
28292,5.013421141325093
28293,4.820082636984105
28294,4.741262497684212
28295,23.334761197327765
28296,13.85344983679822
28297,7.969850325217081
28298,5.9044015651234485
28299,4.7451067400122025
28300,4.352796072624495
28301,4.187108664357102
28302,4.148260358406706
28303,29.08590665193274
28304,17.102179075131176
28305,9.809226257880203
28306,7.429379428792373
28307,6.079341608200297
28308,5.701599655368413
28309,5.4823084150020565
28310,5.360178345726048
28311,21.300659681306847
28312,11.774361974981245
28313,6.131279291318736
28314,4.198756551435616
28315,3.049051502669087
28316,2.6686617530657424
28317,2.534136455431754
28318,2.482622665893021
28319,22.463339872892366
28320,12.475501989326586
28321,6.563793044432007
28322,4.574241242447966
28323,3.3866090417308152
28324,3.036407064337983
28325,2.904787233893707
28326,2.8209579597659085
28327,22.148203101119346
28328,12.69433656506979
28329,6.958803001836023
28330,5.136558396880595
28331,3.9926233794352415
28332,3.6552068528404043
28333,3.5056174448588915
28334,3.4283425634019893
28335,21.664425527140388
28336,12.078057687187096
28337,6.328517419942358
28338,4.4145460313144484
28339,3.3000281932690916
28340,2.9604110572103997
28341,2.819668597366216
28342,2.729138589466615
28343,29.462203895942462
28344,17.468528398212797
28345,10.389188788252099
28346,8.043399281088691
28347,6.495337170776944
28348,6.152328377415729
28349,5.968842373927721
28350,5.856256960058669
28351,126.9913419780627
28352,45.190292522215096
28353,31.020959529188815
28354,23.36492314186423
28355,19.016660401791476
28356,35.94709787778334
28357,23.202111155128964
28358,14.634673417993422
28359,9.959941250497536
28360,8.078504274190651
28361,7.564554352070347
28362,24.644441564541594
28363,14.052776628826246
28364,7.706941228695725
28365,5.678645954300431
28366,4.3931229781674945
28367,4.053784290103693
28368,3.9276927088037548
28369,3.8608110779172904
28370,15.554808075984715
28371,10.891209011459129
28372,10.089044977245624
28373,8.410192330323643
28374,20.915200356898122
28375,11.257250814149982
28376,5.458631865802279
28377,3.4839968094502423
28378,2.2868395395393164
28379,1.9714382632429763
28380,1.8516692012678975
28381,1.7731063042248096
28382,85.8491918304496
28383,31.985708120176273
28384,19.2969972050569
28385,13.941018478609177
28386,11.343105663756855
28387,21.866334121826704
28388,12.208058025326693
28389,6.438692703168618
28390,4.471965324330995
28391,3.3489209121455312
28392,3.046159058959645
28393,2.915228148135753
28394,2.805595472776226
28395,31.787500705575766
28396,20.265009521893305
28397,14.07431111781999
28398,11.223783319108971
28399,9.932416902356858
28400,9.696155538177154
28401,9.345138428363391
28402,9.147149012245645
28403,23.011455903492024
28404,13.181717424170685
28405,7.27674718245801
28406,5.265231936714134
28407,4.070097727200149
28408,3.6243359182037946
28409,3.5163560626515475
28410,3.440756227242753
28411,118.60344803597914
28412,45.93044830990047
28413,31.666981578672626
28414,24.571711383446907
28415,19.88340119139582
28416,32.45062170313407
28417,20.202697986177967
28418,13.122737203000273
28419,11.200027153696986
28420,9.6417041915087
28421,8.987834490907542
28422,8.560784304660833
28423,8.399132015136153
28424,31.194270835701065
28425,20.586459332707186
28426,14.29415978804183
28427,12.963267975273611
28428,11.929112598074187
28429,11.811649130976722
28430,11.608906011205255
28431,11.434690650518045
28432,22.37048270890922
28433,12.635795331706802
28434,6.878385623215962
28435,4.99438234078958
28436,3.8651293123720754
28437,3.56438843329259
28438,3.4236677184667066
28439,3.2774288523203867
28440,94.14983236233856
28441,34.25582368398745
28442,20.253257921623433
28443,15.783474562517348
28444,12.864737555513846
28445,20.75796370575862
28446,11.414628831679192
28447,5.744786868766123
28448,3.819517190936907
28449,2.661094699421118
28450,2.3374249664455693
28451,2.176820812154909
28452,2.103438097913198
28453,22.16047298014951
28454,12.276193968041387
28455,6.203808537485951
28456,4.311708849913681
28457,3.068303864522128
28458,2.6768234497984733
28459,2.5721891144996487
28460,2.513176840859119
28461,22.784504880891067
28462,12.765694585082926
28463,6.76739239614702
28464,4.726739549638223
28465,3.4856994843381184
28466,3.178753495270428
28467,3.0339841985674303
28468,2.9569941775154054
28469,27.129041761013788
28470,15.478206938657596
28471,8.43411614715542
28472,6.020045859802437
28473,4.671550907194456
28474,4.282024057492722
28475,4.079838149425415
28476,3.945049208825343
28477,23.330385459715142
28478,13.410696684192153
28479,7.363630336684913
28480,5.304591915400465
28481,4.097576953986805
28482,3.7354444981631603
28483,3.6100734856679804
28484,3.5244983678831625
28485,21.747814923197073
28486,12.02826847193263
28487,6.324025189575193
28488,4.322664785265974
28489,3.171052416601236
28490,2.8348839191764723
28491,2.7055331173461425
28492,2.608093824721305
28493,26.81879648994854
28494,15.600991518232679
28495,8.857539485055604
28496,6.714753782775196
28497,5.329109937845282
28498,4.9580872348105585
28499,4.816887027574156
28500,4.725055128099945
28501,25.680210711274356
28502,15.665914877148765
28503,9.832566634986211
28504,7.56802330905973
28505,6.369657244391623
28506,6.019415439171602
28507,5.895257624706457
28508,5.807278544633312
28509,29.272550285281792
28510,18.031784836440444
28511,10.963815118554031
28512,8.191510227870088
28513,6.809491675120123
28514,6.387677739763868
28515,6.190185028971447
28516,6.074202353994088
28517,22.07927387331031
28518,12.35687184643578
28519,6.55704034287977
28520,4.5982655727879544
28521,3.397558466801475
28522,3.088779835007812
28523,2.9420409845548705
28524,2.8952706655364526
28525,23.70234207733403
28526,13.502597602576833
28527,7.412394910807274
28528,5.335361538677001
28529,4.157123015655014
28530,3.828699330344033
28531,3.6676676364666427
28532,3.5674135085084813
28533,23.501536615407918
28534,13.046018335973343
28535,6.9099545578451345
28536,4.851533350289401
28537,3.648231394799404
28538,3.2947212170363174
28539,3.120405143508987
28540,3.0336227927648856
28541,21.749360646672457
28542,12.233952852764682
28543,6.472748859416038
28544,4.504896576704918
28545,3.380752484758001
28546,3.0596572005712686
28547,2.957317124916736
28548,2.8628402332819016
28549,20.85057611025798
28550,11.432312856847496
28551,5.762470884795057
28552,3.77878270571927
28553,2.6491972397965635
28554,2.343057578455579
28555,2.1914400736694697
28556,2.0973714919748807
28557,21.4449181450667
28558,11.895625812904788
28559,6.2126584883421865
28560,4.256891493851532
28561,3.0813848255246494
28562,2.748986190312459
28563,2.5957463209928284
28564,2.53908288568098
28565,21.408059047009754
28566,11.749780786780686
28567,6.040231894169763
28568,4.067004129515327
28569,2.920069076443193
28570,2.643755622886211
28571,2.4923138091041586
28572,2.3998925363718393
28573,24.4477413610158
28574,5.84866517432446
28575,1.8211470521349722
28576,23.780624960827524
28577,13.417111439332803
28578,7.201584005868164
28579,5.162093002573064
28580,3.918180616034668
28581,3.59552724478163
28582,3.436166624360256
28583,3.2892808714476405
28584,23.513112303937397
28585,13.451798103823066
28586,7.419660512993838
28587,5.453291784880668
28588,4.297144947947221
28589,3.9094228030056555
28590,3.7757871030456718
28591,3.7109786955530186
28592,23.010421911811914
28593,13.280660682264646
28594,7.001046991223243
28595,5.069383040012052
28596,3.7266194003618125
28597,3.406518988467399
28598,3.2605809498848055
28599,3.2088601856642454
28600,22.52657839592828
28601,12.736581380372586
28602,6.9607269902718025
28603,4.955203073830604
28604,3.755471569876682
28605,3.443859158188741
28606,3.291870495908565
28607,3.235954649788745
28608,21.91216810764489
28609,12.111814123815115
28610,6.362466588327775
28611,4.3745578004356105
28612,3.1966507732734386
28613,2.9243313619612583
28614,2.7491326062436654
28615,2.6525921594039428
28616,21.442289362008182
28617,11.840542654370186
28618,6.1014873532436456
28619,4.171157122469037
28620,2.997354210934653
28621,2.7034525667301077
28622,2.556498967777444
28623,2.478165523769619
28624,36.459435753301946
28625,24.694268325899333
28626,18.611917808090602
28627,19.017673769389216
28628,17.221477969852266
28629,16.562065789090195
28630,16.330202602107686
28631,16.04620395779765
28632,29.248659441092457
28633,17.681160903129403
28634,10.926079069211637
28635,8.710487506218373
28636,7.133403793679633
28637,6.755320642007556
28638,6.504804015274752
28639,6.313645190972271
28640,22.602321831141225
28641,13.211362504932065
28642,7.309566745860553
28643,5.237816673882056
28644,4.130855127080176
28645,3.794919966885914
28646,3.642284912650166
28647,3.52586141211593
28648,22.230758389683896
28649,12.643571156304748
28650,6.679509193923709
28651,4.776094766970241
28652,3.6297568360326933
28653,3.324398408244657
28654,3.1938609477163187
28655,3.101027301594237
28656,28.90956641942837
28657,17.239024432273716
28658,9.973674821320303
28659,7.613537099955773
28660,6.192160373898568
28661,5.681614198378263
28662,5.597710930620104
28663,5.528833984110686
28664,28.005547542474808
28665,16.533724344092803
28666,9.401942130074213
28667,7.00983680910554
28668,5.602496916437614
28669,5.218974407025792
28670,5.044489785961062
28671,4.964056856895804
28672,20.73240037562848
28673,11.453400957714823
28674,5.6784927196203085
28675,3.7250454671324453
28676,2.6296048596914834
28677,2.324098747543746
28678,2.1706908284942967
28679,2.08776171470445
28680,27.86112284608714
28681,16.277053151717332
28682,9.307941968336944
28683,6.874851238328335
28684,5.498973415937293
28685,4.9787854115573325
28686,4.859027231356448
28687,4.793720213123167
28688,22.786675621117624
28689,12.844045352816147
28690,6.775635182346594
28691,4.768331206281151
28692,3.5755737214286523
28693,3.321352251170648
28694,3.20927995510937
28695,3.1417889742925915
28696,22.31506549219842
28697,12.343600073277985
28698,6.442352519498914
28699,4.416950489963639
28700,3.275034576746959
28701,2.951189260528567
28702,2.7853503287747947
28703,2.69551136292403
28704,29.43865911321619
28705,18.99448093960048
28706,12.180200959322699
28707,9.486609780803482
28708,7.992094816975866
28709,7.725587262364444
28710,7.549397657883045
28711,7.460484397781574
28712,22.89714159273218
28713,13.119658794150919
28714,7.00863741339559
28715,5.04536625595685
28716,3.8697646761268736
28717,3.5248135321625464
28718,3.379038689369884
28719,3.316255433064325
28720,145.63554944554892
28721,53.638193184073806
28722,34.92509028254734
28723,27.372936143740073
28724,23.904371570920905
28725,22.611646624324944
28726,12.129327811993335
28727,5.898673145103327
28728,4.05531784879689
28729,2.893847275384546
28730,2.5953441367704073
28731,2.4305303256975197
28732,2.3759636191098013
28733,22.421979154737514
28734,12.81833338423097
28735,7.147107699333867
28736,5.16131458847954
28737,4.018856146436291
28738,3.7178358977629897
28739,3.5868111978895447
28740,3.4907711634154603
28741,6.421106170072263
28742,22.164614508393264
28743,12.528567986760123
28744,6.800567782098266
28745,4.839819719093805
28746,3.6906203249519898
28747,3.392675143596449
28748,3.2420078449458987
28749,3.161064406655788
28750,182.06862269697592
28751,117.63004051635026
28752,90.31676721253028
28753,62.15516842017204
28754,50.923069645073916
28755,22.132483660702565
28756,12.4374629983594
28757,6.655759841920871
28758,4.778663296541724
28759,3.6605356960219964
28760,3.3548787795407695
28761,3.215708123671164
28762,3.139722365891895
28763,21.465553287209822
28764,11.834124956014573
28765,6.1010733725772734
28766,4.212481170117737
28767,3.0320780996096617
28768,2.709953435916638
28769,2.5573081363139383
28770,2.467041883650404
28771,21.612749949129075
28772,12.027757487813869
28773,6.260808296473843
28774,4.330850732302765
28775,3.24215771717283
28776,2.9537264135597443
28777,2.8117583799228525
28778,2.726924902397186
28779,21.612749949129075
28780,12.027757487813869
28781,6.260808296473843
28782,4.330850732302765
28783,3.24215771717283
28784,2.9537264135597443
28785,2.8117583799228525
28786,2.726924902397186
28787,23.187486404965792
28788,15.621395863804059
28789,7.22628747258757
28790,4.9393430102302744
28791,3.4103296509515713
28792,2.840310620986929
28793,2.579678925107304
28794,2.523963063827913
28795,25.200919720219837
28796,17.993139341528476
28797,8.0700253434056
28798,4.879805779476799
28799,3.2964886319208277
28800,2.7102476528226713
28801,2.4928147040604243
28802,2.434713265514524
28803,21.19745808371453
28804,11.671779792096988
28805,5.947280695118477
28806,3.9979493085930016
28807,2.86267564629787
28808,2.493488291701542
28809,2.351070307375766
28810,2.2574885451758115
28811,21.788597697358213
28812,12.156656634144685
28813,6.4307646414292465
28814,4.532735957618822
28815,3.3719384299304775
28816,3.0342439451323298
28817,2.904191820479881
28818,2.821990552726445
28819,21.190347602203552
28820,11.604152369123813
28821,5.835957847784719
28822,3.9217050325668494
28823,2.7661170956107486
28824,2.461089520309077
28825,2.331267527255367
28826,2.2413262969764434
28827,21.90548678234344
28828,12.21867342092304
28829,6.351178911721386
28830,4.448015711241444
28831,3.2605092426768394
28832,2.935644749365623
28833,2.8115585418579228
28834,2.7168527013458137
28835,47.24337082286224
28836,23.960649428736687
28837,14.097118225714437
28838,8.11242725827292
28839,6.100520172227701
28840,4.956054577328459
28841,4.624771937871062
28842,4.474374926251643
28843,4.399175889250988
28844,22.89905363844766
28845,13.306224343624244
28846,7.210167772098713
28847,5.152674322755479
28848,3.9940295919428364
28849,3.7133757860776693
28850,3.544040387213326
28851,3.4318820426595447
28852,21.98091635357329
28853,12.144197732530552
28854,6.325142255980489
28855,4.423317340119118
28856,3.2006014759817476
28857,2.8420304894120227
28858,2.704838003097404
28859,2.623638472264746
28860,22.38464183316604
28861,12.668209933147722
28862,6.722170003473105
28863,4.794232222045812
28864,3.5948516531361863
28865,3.3038845980885383
28866,3.1455045917715383
28867,3.068556783471542
28868,21.940007893371206
28869,12.236209533598693
28870,6.432328785120998
28871,4.509093245259629
28872,3.3616737409183783
28873,3.0247869778982373
28874,2.8481415020947702
28875,2.7649838388064034
28876,22.829266705152246
28877,12.873904954298053
28878,7.018861033301237
28879,5.089561530618189
28880,3.846489937147462
28881,3.460070109100415
28882,3.3421585890471324
28883,3.281016682904222
28884,127.83750102034114
28885,91.98938659738401
28886,78.57793141179039
28887,22.005806918405852
28888,12.464908856209531
28889,6.834313062282931
28890,4.900601656655669
28891,3.7484007563316957
28892,3.46388449542789
28893,3.317644426952302
28894,3.2297124685802943
28895,24.327801251861366
28896,13.841416526731672
28897,7.795932101781606
28898,6.048105799386573
28899,4.8016623716208615
28900,4.4461633992843845
28901,4.218003349097859
28902,4.098065185891251
28903,23.096186483712057
28904,13.18827596895672
28905,7.1894175516836425
28906,5.164321582098288
28907,3.9645638248966053
28908,3.5982438686306075
28909,3.4451378833624835
28910,3.363065567558666
28911,22.63022189550212
28912,12.570887922059985
28913,6.519454804101327
28914,4.568200288384496
28915,3.4050360645252464
28916,3.1070420440275326
28917,2.9563754595044314
28918,2.8625605731599624
28919,22.713759321186597
28920,12.754026499657982
28921,6.7786172242559
28922,4.7725259821801576
28923,3.583245948111963
28924,3.2187535517898525
28925,3.0726365709206434
28926,3.0091562583174407
28927,21.30219612400689
28928,11.76821444683847
28929,6.028424504940228
28930,4.085374977245687
28931,2.9596716121699047
28932,2.6173249605915347
28933,2.4999474438811786
28934,2.4068258933277313
28935,21.306477337467108
28936,11.752842247255586
28937,6.009944510066713
28938,4.078849025614593
28939,2.954373735835886
28940,2.6079064472144133
28941,2.4861032360715556
28942,2.3934906451779794
28943,23.11055924990976
28944,12.699465937332384
28945,11.68128135812572
28946,9.811603147933525
28947,20.704691564706476
28948,11.163750885933066
28949,5.441139660170116
28950,3.533352990563917
28951,2.3769820202826666
28952,2.0486249749965806
28953,1.920300688534043
28954,1.8358071795680937
28955,21.531018168119985
28956,12.004603725060782
28957,6.249957206884442
28958,4.304506956599592
28959,3.1521538045920363
28960,2.8099922362464835
28961,2.6805915710841104
28962,2.586291187327305
28963,21.257525421638526
28964,11.75665727126166
28965,6.052622045370711
28966,4.1671646155904805
28967,3.040035480562576
28968,2.699721350366894
28969,2.5790890195303118
28970,2.4980509139234566
28971,21.699718808636348
28972,12.122114661965186
28973,6.338097476370627
28974,4.553108380476832
28975,3.419124872322172
28976,3.0242968614108703
28977,2.8915966553266563
28978,2.799981738037429
28979,3.1702917323774136
28980,2.436876182243285
28981,2.1966671626992063
28982,2.1486245633059218
28983,2.0117884580484975
28984,10.084767479154218
28985,8.64194081771756
28986,7.900215245268219
28987,7.232481499125319
28988,8.543195695399955
28989,5.983880333281954
28990,4.8360546372253985
28991,3.7036636188304346
28992,20.868076702725926
28993,11.331924324754242
28994,5.580566794037113
28995,3.687935923694241
28996,2.5152376252258133
28997,2.1915725135224253
28998,2.059841277153312
28999,1.9688534881759514
29000,21.886333731619413
29001,12.212153639677268
29002,6.449866790936398
29003,4.513977639730191
29004,3.315305693619273
29005,2.998540799829067
29006,2.8632998913209895
29007,2.785954766379639
29008,26.816500194518916
29009,14.664051983836089
29010,7.993243648997739
29011,4.488486408958018
29012,2.741858652483512
29013,2.1854152462797303
29014,27.967180930530102
29015,16.123087172504587
29016,8.98385725066526
29017,6.493912535857667
29018,5.182247153867315
29019,4.742401486414854
29020,4.600943705114878
29021,4.526437215264257
29022,29.73222477646568
29023,17.632397998626313
29024,10.385403485648267
29025,8.019595178780147
29026,6.560957534786104
29027,6.249083707812407
29028,32.811176021669766
29029,18.661142250553784
29030,10.68853072456205
29031,7.736237096287983
29032,6.230649267052857
29033,5.889059101825477
29034,26.617778818473255
29035,15.622851998009686
29036,9.057736477814753
29037,6.792455851813994
29038,5.443296156516031
29039,5.073801246753139
29040,4.891792903574388
29041,4.8061581435713725
29042,28.19914714155967
29043,17.02672238869117
29044,10.137361799396007
29045,7.755058539071099
29046,6.268687055543204
29047,5.917410515453197
29048,5.783414492984739
29049,5.698150633079607
29050,24.607352125858732
29051,14.554679641201801
29052,8.206127657713763
29053,5.723376626151245
29054,4.329023644478233
29055,3.9048138193450472
29056,25.206984001754208
29057,15.124761493062778
29058,8.936500281238445
29059,6.6908892482153295
29060,5.51323975844862
29061,5.15878063967237
29062,5.042900648498126
29063,4.947420264966304
29064,27.671174099743208
29065,16.028589690151414
29066,8.915723043000948
29067,6.600349987970307
29068,5.25320568560351
29069,4.818116895229547
29070,4.596706085573864
29071,4.489536563220347
29072,25.99792767669339
29073,15.68196283557284
29074,9.36720546381408
29075,7.249712647037774
29076,6.112638369160727
29077,5.750141475960464
29078,5.616376731680363
29079,5.524151315864643
29080,27.198271186678483
29081,16.77161094058953
29082,10.640013612875293
29083,8.395094722452066
29084,6.943253389038234
29085,6.55895303930426
29086,6.3773848228814884
29087,6.320943067745304
29088,27.684808101143823
29089,17.566782704672057
29090,10.842731763115152
29091,8.109060742567546
29092,6.9574558606228765
29093,6.600472586923911
29094,28.11410981221741
29095,16.779296776238155
29096,10.007670129240559
29097,7.559755208676049
29098,6.095796807731389
29099,5.735857973168376
29100,5.574661548163892
29101,5.462873356209131
29102,26.192457836285108
29103,14.94445226434365
29104,8.346503260630833
29105,5.866501607475726
29106,4.643158988082816
29107,4.249978328336176
29108,4.104224426607227
29109,4.0178799712682505
29110,28.939343147012842
29111,17.24949566332817
29112,10.212217596157592
29113,7.95917993982615
29114,6.441732790446267
29115,6.1086471845239005
29116,5.910718708188961
29117,5.792468328611731
29118,28.450865141878584
29119,16.53945918942344
29120,9.512893798885091
29121,7.203883237813126
29122,5.6721106411729885
29123,5.226164781895109
29124,5.09256044025693
29125,4.987058487104269
29126,26.96544863401514
29127,16.03553058388067
29128,9.315577731233901
29129,7.032498232163333
29130,5.750904583745386
29131,5.410434411957638
29132,29.167210221943325
29133,17.431895250037694
29134,10.10593548340874
29135,7.689578944052392
29136,6.220943257836556
29137,5.816984531243021
29138,5.666728591620281
29139,5.596062314337807
29140,28.6090250721601
29141,17.649294707520994
29142,10.766258957054013
29143,8.353803057630337
29144,6.7699633023327745
29145,6.477332100959567
29146,6.2504877786442945
29147,6.149150120935993
29148,26.60205959761364
29149,16.02420432119979
29150,9.677541851296017
29151,7.544422101078312
29152,6.303935141973573
29153,6.058581439327263
29154,5.908316417600881
29155,5.799034327708582
29156,21.409965129664165
29157,11.959592106380754
29158,6.2532942776234215
29159,4.337715018832684
29160,3.160505436034272
29161,2.8739666193709397
29162,2.7059545057107965
29163,2.6661130650112126
29164,22.953849318466414
29165,13.142008822049752
29166,7.262624850318703
29167,4.967023189816538
29168,3.7957508075517405
29169,3.4450215953256964
29170,3.2965628260532105
29171,3.234327603182585
29172,27.714717485723668
29173,16.348936544170595
29174,9.293666366221792
29175,6.826491629335518
29176,5.414863378879776
29177,5.029617310538994
29178,4.877975696835107
29179,4.7540584666418475
29180,27.808409283881204
29181,16.354123439937904
29182,9.285728397486613
29183,6.953772169971606
29184,5.497605687204397
29185,5.075753112870833
29186,4.89661121126725
29187,4.778748268922213
29188,28.21490071381301
29189,16.249829491102368
29190,9.243835747702631
29191,6.741117524862197
29192,5.368200736234422
29193,5.009564182489714
29194,4.817606052060073
29195,4.718964148433961
29196,29.380728862180604
29197,17.303451204912676
29198,9.67472510906098
29199,7.217336306258142
29200,5.902336518179202
29201,5.588219299201799
29202,28.681706600330823
29203,16.757959049902666
29204,9.67066747948008
29205,7.434390614805948
29206,5.942050881538237
29207,5.534891856458781
29208,5.342868998252206
29209,5.242083770414554
29210,29.32693690355208
29211,17.27248699450954
29212,9.63679141099962
29213,7.193988644445188
29214,5.8673647132699145
29215,5.515680247223778
29216,25.262420010235154
29217,15.091764141728843
29218,9.048372579690067
29219,7.036482101592741
29220,5.894400857864865
29221,5.492032800987227
29222,5.34950816310463
29223,5.281354080301053
29224,25.384068519656644
29225,15.133261499695989
29226,9.081329569030729
29227,7.117496828535584
29228,5.964307578566672
29229,5.5734524604687925
29230,5.438979480291336
29231,5.372841651761025
29232,26.018270164349083
29233,15.94077728082526
29234,9.377679562835645
29235,6.951118738758979
29236,5.599526384621469
29237,5.3536976505070575
29238,5.291464481072905
29239,5.177223511317364
29240,26.721178945913017
29241,16.844145393674673
29242,10.591677135749066
29243,8.344703413033798
29244,7.091558705783899
29245,6.729512057850718
29246,6.599813168615498
29247,6.484073509302066
29248,27.75086888903781
29249,16.01050586045676
29250,9.002240451401958
29251,6.5323240568900856
29252,5.059865905788864
29253,4.617331291570433
29254,4.371427688746776
29255,4.194157404352925
29256,26.28868871656173
29257,15.856695134538166
29258,9.433648708353143
29259,6.958700072439766
29260,5.780054924461436
29261,5.274349513970836
29262,5.186406432790775
29263,5.147822773757705
29264,25.492041546761254
29265,15.530838103703395
29266,9.588051990822821
29267,7.510853596573039
29268,6.295985012010818
29269,5.921909137305859
29270,5.784837532719805
29271,5.6718486451383905
29272,28.480174349421297
29273,17.124132203664054
29274,10.460936036096808
29275,8.068549164817082
29276,6.542657875635026
29277,6.225764449223167
29278,6.067345572813391
29279,5.958071197264157
29280,21.619233833451002
29281,11.956174402453154
29282,6.0668740269144115
29283,4.146854877580065
29284,2.9851735958345094
29285,2.680360299716922
29286,2.544781080827533
29287,2.459774561453911
29288,22.79672532377054
29289,12.659802857382646
29290,6.701506535271355
29291,4.685073782873616
29292,3.5261735656651454
29293,3.14775578788751
29294,2.977561276878046
29295,2.93630571298254
29296,26.758701554459297
29297,15.257926802840986
29298,8.332820147284394
29299,6.149620641695007
29300,4.7078988734546465
29301,4.371535175861634
29302,4.1347811339761655
29303,3.9913773347772152
29304,26.553221883650973
29305,15.08971315194335
29306,8.237014878148907
29307,6.051090679868761
29308,4.578914690679679
29309,4.258572806032705
29310,4.031205433452357
29311,3.9123598792687053
29312,11.815404331122163
29313,25.460159037176005
29314,14.895577836741992
29315,8.947055322590185
29316,6.943121599866676
29317,5.6694969129382
29318,5.374604847770127
29319,5.230540360109385
29320,5.145062621624749
29321,26.505472259176454
29322,15.429011449781461
29323,8.516517150889406
29324,6.3600857209822905
29325,5.087902436691769
29326,4.753632399829464
29327,4.683364423970039
29328,4.545780803685435
29329,60.40160419832143
29330,32.86749800680791
29331,16.655840938939065
29332,10.485448657925028
29333,7.957742834750732
29334,7.370284087000484
29335,21.190347602203552
29336,11.604152369123813
29337,5.835957847784719
29338,3.9217050325668494
29339,2.7661170956107486
29340,2.461089520309077
29341,2.331267527255367
29342,2.2413262969764434
29343,20.94187720218564
29344,11.425452172773099
29345,5.689230640182611
29346,3.8141653329538245
29347,2.673333502727641
29348,2.3634201844054648
29349,2.217008854055105
29350,2.1338748654115793
29351,21.80094666131101
29352,12.202191474400902
29353,6.411747284539537
29354,4.517559654271695
29355,3.363352057560582
29356,3.040212568422892
29357,2.8939830187976874
29358,2.8170431205340467
29359,22.100670902882925
29360,12.350313784014677
29361,6.496584911405751
29362,4.583870609492917
29363,3.4076189887002157
29364,3.1270122397700266
29365,2.9778275894168686
29366,2.895064228175781
29367,22.103074160391312
29368,12.352899210563557
29369,6.486807671713932
29370,4.583400744218104
29371,3.4064411920475486
29372,3.124260508947649
29373,2.975766289270221
29374,2.8931838639798224
29375,21.59205969520284
29376,11.972822129865376
29377,6.209822187657183
29378,4.30402076170483
29379,3.1671925854229093
29380,2.84546726903257
29381,2.7002592363503792
29382,2.611797698720232
29383,21.44283095548254
29384,11.894641337231654
29385,6.118022947510864
29386,4.2131418630172774
29387,3.072239297232679
29388,2.751873697214081
29389,2.618985428538052
29390,2.533648445869505
29391,21.125874878776454
29392,11.475328717140092
29393,5.66087285673899
29394,3.7562935439432845
29395,2.5966696131385802
29396,2.261591089139083
29397,2.132500574649134
29398,2.0338475183369216
29399,29.46675583167485
29400,17.27015532075082
29401,9.742842167730705
29402,7.310464498411032
29403,5.887263276396808
29404,5.462900740823089
29405,5.242835238112174
29406,5.144827345320729
29407,25.311835878045326
29408,14.635144859304708
29409,8.128087993747558
29410,6.186371502224267
29411,4.819946673040342
29412,4.453133320681238
29413,4.232641263225483
29414,4.1127457604397435
29415,272.2314304938724
29416,108.79913007009424
29417,81.00247658065041
29418,65.17083913948201
29419,60.4992306005507
29420,22.715755023375685
29421,13.131489270481877
29422,7.298642689569336
29423,5.463814231246678
29424,4.335966794481661
29425,3.953347639567432
29426,3.7807334852958254
29427,3.6948202917173703
29428,22.279536810229033
29429,12.663865376306385
29430,6.970927090124892
29431,5.03809689186296
29432,3.9107277100834636
29433,3.573676472681383
29434,3.439603226177169
29435,3.3567757649148406
29436,22.28734447585504
29437,12.643224232056005
29438,6.929938039947482
29439,4.578685894449358
29440,3.542269797990205
29441,3.235109258472994
29442,3.1033460900767382
29443,3.08057596317103
29444,22.111504724960497
29445,12.498526751896428
29446,6.7763478691919925
29447,4.888254525707098
29448,3.72752649929566
29449,3.4046841389109526
29450,3.2722099168622725
29451,3.1907207534438857
29452,23.48503347738781
29453,13.086706414907448
29454,6.769734803925516
29455,4.641010640343449
29456,3.411673396938173
29457,3.094627105531834
29458,2.971898409237298
29459,2.871438978599838
29460,21.29888327545262
29461,11.734988690838076
29462,5.980095052148656
29463,4.052613618358484
29464,2.9321822020063064
29465,2.607150883682648
29466,2.4666156238315233
29467,2.3773096892382144
29468,21.990836569024246
29469,12.280597500241967
29470,6.5277710450616615
29471,4.63815185788955
29472,3.514625685397747
29473,3.196823200029892
29474,3.046499997560061
29475,2.964198781361934
29476,21.716533170160567
29477,12.07720634362752
29478,6.343849864941797
29479,4.422220171950433
29480,3.319886835355977
29481,2.9593080654721966
29482,2.8351270081678766
29483,2.742652212507848
29484,21.651112030939082
29485,12.107027196627056
29486,6.366621211941196
29487,4.430119484466071
29488,3.233995965386592
29489,2.902235582785073
29490,2.7626357549631892
29491,2.6901842570082914
29492,26.33288105221701
29493,14.891127712211812
29494,8.016046539060794
29495,5.842178492402149
29496,4.436022147384534
29497,4.033023220925626
29498,3.8395909945962745
29499,3.726033379208255
29500,23.023473901153455
29501,12.74796111950609
29502,6.787765349595205
29503,4.82618919328828
29504,3.640130901166787
29505,3.278736943707817
29506,3.1456321767135402
29507,3.1038894447915553
29508,27.42997069790456
29509,15.650464446004047
29510,8.593743313788005
29511,6.330394512262524
29512,4.815979152457543
29513,4.454832393449818
29514,4.215816336798305
29515,4.094049280850786
29516,21.48284946929381
29517,12.00188981034478
29518,6.2012274924152635
29519,4.225192013000082
29520,3.095367019862374
29521,2.737704341222334
29522,2.6332960042851004
29523,2.5394779501890348
29524,27.884180486655154
29525,15.943910092797271
29526,8.941350792447269
29527,6.529932711504891
29528,5.173232111115695
29529,4.706389206452417
29530,4.544537153175286
29531,4.447316232186019
29532,31.35303615529785
29533,18.569956740330877
29534,10.969102325655307
29535,8.495412381259905
29536,7.109947892123746
29537,6.876898193571705
29538,6.603538238591403
29539,6.375963178646346
29540,35.991636815260236
29541,22.684561593401778
29542,15.324433754840173
29543,12.601354166895227
29544,10.564229774658177
29545,9.990200242238934
29546,9.652098757789762
29547,9.55771566361408
29548,21.424706481704582
29549,11.82675015628324
29550,6.059127486320056
29551,4.16938436234676
29552,3.043432961402611
29553,2.7262702445144913
29554,2.5702891191334465
29555,2.489294160106146
29556,22.18683522097772
29557,12.531444333216223
29558,6.776096495706629
29559,4.8616437544398945
29560,3.6987365371694905
29561,3.3828420645724977
29562,3.208770159709683
29563,3.1411509011588166
29564,21.638732346861417
29565,12.00543901571499
29566,6.246289026078994
29567,4.315927857353117
29568,3.1800705919289864
29569,2.8600116801828035
29570,2.716024922553161
29571,2.631187031769581
29572,21.74602234375788
29573,12.014403910901535
29574,6.211809771761347
29575,4.287668356636872
29576,3.115832080151849
29577,2.833705308350148
29578,2.6809832150791637
29579,2.597132004301801
29580,21.26008520565839
29581,11.555883804922411
29582,5.77496885657343
29583,3.847362957366226
29584,2.7251541078440686
29585,2.396052366768703
29586,2.249845553301813
29587,2.1791153120256928
29588,21.337326202107228
29589,11.740783558012353
29590,6.009003215781624
29591,4.122943649989288
29592,2.9986780448777584
29593,2.665084682572248
29594,2.514990854291238
29595,2.4362505782766997
29596,21.749200122007842
29597,12.041361119002012
29598,6.235915020913682
29599,4.2825230082046595
29600,3.1195652451674754
29601,2.818198398557666
29602,2.669531518521265
29603,2.586490688605804
29604,21.283992861208134
29605,11.714661066436543
29606,5.992808824388708
29607,4.038450154024032
29608,2.8688656936873125
29609,2.5860114435246135
29610,2.4423907046708084
29611,2.3701409164094396
29612,21.286550939881977
29613,11.744269394144114
29614,6.00626251723484
29615,4.073614342807623
29616,2.944206348564373
29617,2.6272698401863
29618,2.4911766291851634
29619,2.403289751656308
29620,21.286550939881977
29621,11.744269394144114
29622,6.00626251723484
29623,4.073614342807623
29624,2.944206348564373
29625,2.6272698401863
29626,2.4911766291851634
29627,2.403289751656308
29628,47.7411530921762
29629,29.844889363029775
29630,22.42543659314252
29631,22.744452718033887
29632,12.66154814825267
29633,6.538263434930503
29634,4.546414501090921
29635,3.3556000844802636
29636,3.0124913479573587
29637,2.8582120167460685
29638,2.8137877617306915
29639,27.53899160686788
29640,15.795455834454637
29641,8.78439733640974
29642,6.524367411944133
29643,5.00318274581366
29644,4.7187951219903415
29645,4.464644266399239
29646,4.295048775623293
29647,27.788302773610088
29648,15.65287584701756
29649,8.384158924955678
29650,5.940811483214995
29651,4.507352632413038
29652,4.116613674738843
29653,3.9303790294298606
29654,3.7353534284641
29655,31.474172877821673
29656,18.483047074561757
29657,11.128435118964113
29658,8.837294939991944
29659,7.529984366140599
29660,7.049230138412462
29661,6.918290166976728
29662,6.77207079447969
29663,23.719206591400873
29664,13.584959547721132
29665,7.568692690544275
29666,5.700407480226193
29667,4.317745559218422
29668,3.707785104991876
29669,3.5595692972709627
29670,3.4357641421045497
29671,24.218706345879262
29672,14.11325767081496
29673,8.20040453877592
29674,6.250212202007127
29675,4.9918931325669895
29676,4.67673420292699
29677,4.550514619045971
29678,4.426887961712123
29679,26.894451405811743
29680,15.430183016480875
29681,8.620745285114118
29682,6.273248726740304
29683,4.871416358155992
29684,4.483997314287773
29685,4.415304680167889
29686,4.2751544503011605
29687,27.958794425846722
29688,18.69170608052168
29689,13.477768553561155
29690,12.036755884153227
29691,10.825801439054114
29692,10.353027993395663
29693,10.205885992860201
29694,10.075782490940863
29695,14.029528306024002
29696,31.647035694359325
29697,21.633214421989372
29698,12.053770590379097
29699,6.327742173739529
29700,4.4142868161723205
29701,3.315111071028649
29702,2.9584143789966166
29703,2.824045919762346
29704,2.7352003096911153
29705,21.550558513456807
29706,11.956964994113171
29707,6.2033445287578415
29708,4.272904287302391
29709,3.1662044676690426
29710,2.8282436549455907
29711,2.6846060346110554
29712,2.58759631752645
29713,226.11295217259905
29714,141.29883088649981
29715,109.8197449367193
29716,97.67300088649169
29717,82.265713638554
29718,21.79481176466468
29719,12.161167771472297
29720,6.368989605690052
29721,4.470418230540553
29722,3.3234637107043246
29723,3.01076651007347
29724,2.8708334308376062
29725,2.7915076207221268
29726,21.905311496279786
29727,12.354277377012348
29728,6.581245301852523
29729,4.706720312573897
29730,3.564276938206843
29731,3.270403426827876
29732,3.1242798414778687
29733,3.0395201977990296
29734,21.648356415805793
29735,11.93233565904592
29736,6.111472340641573
29737,4.195763412617065
29738,3.0193919045608886
29739,2.7140890478944684
29740,2.5498443834022115
29741,2.4449333696066167
29742,22.304298317144184
29743,12.709335343511082
29744,6.812806959782393
29745,5.0087158733156985
29746,3.8775832642339547
29747,3.5340924496046155
29748,3.391365973101439
29749,3.3237941932733004
29750,21.71894458200498
29751,12.304061990594205
29752,6.517772877230343
29753,4.662260636016725
29754,3.6387420806579094
29755,3.3121569741223564
29756,3.175365116043843
29757,3.0967241221797885
29758,21.06928081251577
29759,11.498630373590075
29760,5.714564575213794
29761,3.7878285720581917
29762,2.662084349645143
29763,2.3204733494503387
29764,2.1726072388264046
29765,2.0955978994133284
29766,20.65141579437757
29767,11.65323350926835
29768,6.138755188648517
29769,4.3141344661902545
29770,3.1643695103774157
29771,2.8020567120168356
29772,2.6777137118934045
29773,2.592105867469841
29774,20.717114713253807
29775,11.649607824742905
29776,5.922585637404135
29777,4.099020557358329
29778,3.0250786825856335
29779,2.6629448969991967
29780,2.526171151614829
29781,2.4571466739970473
29782,21.900592365452574
29783,12.566499657306398
29784,6.846943513964965
29785,5.027987062980636
29786,3.8694222411108603
29787,3.419945498560811
29788,3.299751889294074
29789,3.2513615409165624
29790,22.08490735849932
29791,12.294080852772417
29792,6.468544453452905
29793,4.540766014498533
29794,3.352157309421571
29795,3.079148291316927
29796,2.9168810300557686
29797,2.837419170995961
29798,21.755537899106223
29799,12.154182789473314
29800,6.380656386759384
29801,4.455989494215712
29802,3.300919309753926
29803,3.0184944356777197
29804,2.857853265920134
29805,2.773291031906748
29806,21.554531053170713
29807,11.966911058798804
29808,6.188942587551987
29809,4.300056880850617
29810,3.15376948926851
29811,2.8396667385345284
29812,2.6826740511984872
29813,2.603413876471168
29814,21.071227378906976
29815,11.550031139565881
29816,5.802456424237635
29817,3.883396865058697
29818,2.759219903965036
29819,2.4448773858103916
29820,2.307340201962639
29821,2.2250911599691454
29822,21.071960355141048
29823,11.538248832625918
29824,5.7999909054693735
29825,3.882991948806769
29826,2.766810421870222
29827,2.4530160648281516
29828,2.315832719263581
29829,2.2345786222812594
29830,20.754255639344308
29831,11.226741485892894
29832,5.467298475650587
29833,3.5473433006649255
29834,2.4023607914586287
29835,2.089711395636934
29836,1.963903219502035
29837,1.873231226859361
29838,21.187329195481066
29839,11.64808898242484
29840,5.873490824906241
29841,3.951004435656694
29842,2.808838054491579
29843,2.4953667372814983
29844,2.355284131163122
29845,2.272390428335644
29846,21.63048354508144
29847,12.031336773478552
29848,6.271922161035214
29849,4.317019521313119
29850,3.208950543352369
29851,2.911784285971183
29852,2.7668528526610414
29853,2.672321727853507
29854,21.580224013282173
29855,11.968736961204025
29856,6.216572729105141
29857,4.283266486741883
29858,3.1807453364897933
29859,2.8293679793592137
29860,2.685853021765853
29861,2.586224259485282
29862,21.032568249162697
29863,11.487955752663998
29864,5.771289961777352
29865,3.856086902413005
29866,2.7193553745827312
29867,2.395811267772555
29868,2.24966862356398
29869,2.1693224832704376
29870,14.795036692412472
29871,13.432262535452718
29872,11.030799496800643
29873,9.500960214422195
29874,20.182728095703396
29875,11.658148110503067
29876,6.499450444738958
29877,4.771611932119101
29878,3.633661080407341
29879,3.430528954460889
29880,3.2810656225581
29881,3.223707897239354
29882,20.22866873921357
29883,11.694477918496379
29884,6.551601899830961
29885,4.816862010817932
29886,3.659801170050991
29887,3.460302571952566
29888,3.315528638613809
29889,3.2516830026462173
29890,20.927329587757292
29891,11.471639378725357
29892,5.8359775501016395
29893,3.9084391893928285
29894,2.794113427099991
29895,2.4488148599952346
29896,2.344412910348131
29897,2.2803151583637424
29898,21.36872151484737
29899,11.701392145575793
29900,5.91332131690688
29901,3.919805166242595
29902,2.7724507322294416
29903,2.4459048052212746
29904,2.330052196286969
29905,2.2331756134976586
29906,21.96173867466189
29907,12.264873253022671
29908,6.4768055622239356
29909,4.498151322377047
29910,3.3990501602617704
29911,3.109219374041311
29912,2.9875466787253853
29913,2.875145055581814
29914,21.864309832135138
29915,12.180941342263726
29916,6.419654506299086
29917,4.435319075652871
29918,3.3292695186785375
29919,3.0120073420190607
29920,2.881849724090995
29921,2.767439989029775
29922,21.943741457718573
29923,12.23688732008121
29924,6.460037782015735
29925,4.497036027698574
29926,3.396446069631098
29927,3.120904124246517
29928,3.008019104172508
29929,2.898263921138124
29930,22.028610830311937
29931,12.309644788772193
29932,6.545717814833102
29933,4.55715037353877
29934,3.424063401005487
29935,3.1336061866620297
29936,3.008891863201067
29937,2.9159804007422463
29938,22.026144100860318
29939,12.284277630140268
29940,6.485604395779394
29941,4.519768634649618
29942,3.4243050385663643
29943,3.1459552073452803
29944,3.035780627842581
29945,2.922548369274242
29946,21.248164535375228
29947,11.894908751803655
29948,6.1888376260390165
29949,4.2849367176454045
29950,3.1489675040461695
29951,2.814139311613049
29952,2.684789232146314
29953,2.5765208931719727
29954,21.868256220790116
29955,12.335571250575535
29956,6.529884332741523
29957,4.605390316184964
29958,3.4471094572754972
29959,3.100676682061216
29960,3.0004990557760536
29961,2.9092554269075745
29962,11.961799030109852
29963,9.609687707157327
29964,7.964588097146877
29965,21.821206194172504
29966,12.246327054893131
29967,6.47467634820745
29968,4.561130265284513
29969,3.326904862973169
29970,3.030927488667026
29971,2.8961493887340506
29972,2.820449449037954
29973,61.59971540417763
29974,25.81359453092777
29975,15.006385503107635
29976,12.486359396942722
29977,10.125716897941148
29978,20.094214073605542
29979,11.826850044939738
29980,7.154184959285262
29981,5.252393097154144
29982,4.234433245718647
29983,4.09871333942557
29984,3.962589319796926
29985,3.880713588648441
29986,21.071915901832504
29987,11.492699106847114
29988,5.681358068366139
29989,3.777466296174879
29990,2.5914769343886546
29991,2.25842136465625
29992,2.1168265885757185
29993,2.036489682881613
29994,24.95730120452884
29995,13.919191683141925
29996,7.445309316293315
29997,5.248752155704651
29998,3.842214186847085
29999,3.431276001524571
30000,3.228313042449203
30001,3.0967792718685976
30002,24.559152651565128
30003,14.029297377719013
30004,7.672110074838888
30005,5.743552112914025
30006,4.441445583174913
30007,4.178411946731066
30008,4.027116596108682
30009,3.9023996535986156
30010,22.731915022856263
30011,13.013836951741899
30012,7.0343100072150015
30013,5.035123664506551
30014,3.758320472075363
30015,3.4632878853182527
30016,3.306624448426884
30017,3.2073030043993995
30018,21.634366567462063
30019,11.976999460599963
30020,6.229350930686977
30021,4.33194437505484
30022,3.1881517300311986
30023,2.8575070670971727
30024,2.7002094029655206
30025,2.6185655503864487
30026,18.002146150973807
30027,9.803387011529574
30028,4.70980789735367
30029,3.0421922477589134
30030,2.143173634422048
30031,1.856840874371081
30032,1.7666555003965883
30033,1.712024868360008
30034,18.28297341337207
30035,10.014939826484342
30036,5.0620652220838185
30037,3.422403769440077
30038,2.3780505828261513
30039,2.110527741810225
30040,2.039280103959463
30041,1.995480564099633
30042,30.44736534457566
30043,20.54576126680817
30044,14.394171380638921
30045,12.38969378445246
30046,11.184117141647985
30047,10.949227170131216
30048,10.814961251259895
30049,10.620849038868279
30050,31.287196607485253
30051,20.544999541912347
30052,14.843637547011483
30053,12.6644756080907
30054,11.232386472935083
30055,10.820194256942612
30056,10.743752749497576
30057,10.55566449913547
30058,2.3566219016104193
30059,20.59453510050172
30060,11.567066544578719
30061,6.037143892654408
30062,4.168917177721455
30063,3.2294841263545315
30064,2.872261200292583
30065,2.7904799941785123
30066,2.731957276310525
30067,21.341463042612965
30068,11.73718226123515
30069,5.809041584806167
30070,3.6506898944107915
30071,2.437343427894271
30072,2.1773165898217
30073,2.0388510713202397
30074,1.9694401376319424
30075,145.4596313739302
30076,90.96235845255393
30077,65.10170781233074
30078,51.85003284856635
30079,40.682534859923635
30080,25.537250090132112
30081,15.17492828253468
30082,9.326239277407815
30083,7.219056215688982
30084,5.90386342661387
30085,5.560986731514324
30086,5.425227038852723
30087,5.307876103926569
30088,19.05262252126827
30089,10.081173338696546
30090,9.223227687479294
30091,5.809642827751838
30092,23.00821152697053
30093,13.338477337816302
30094,7.127661361562248
30095,5.083793265450242
30096,3.9698388428751366
30097,3.6491096594507364
30098,3.447873549608235
30099,3.364700009803503
30100,38.84969319729607
30101,26.347874487583425
30102,18.811023837509346
30103,18.76312658557389
30104,17.998389493296088
30105,17.33286382331987
30106,16.848452434009044
30107,16.79238096768782
30108,36.21256157039734
30109,23.98851593418283
30110,16.82483190483122
30111,14.45215816685102
30112,12.809464916426021
30113,12.074767179321604
30114,11.784639849698666
30115,11.793995406634144
30116,20.65397663598252
30117,11.41511438568082
30118,5.796652822683484
30119,3.9583865578409014
30120,2.9333356976745906
30121,2.544522750558876
30122,2.4309170557349984
30123,2.3694073713187254
30124,20.476227494672866
30125,11.006117430283078
30126,5.205274559981891
30127,3.1806274378160295
30128,2.039666312345555
30129,1.7469291149961035
30130,1.637513479524384
30131,1.5605010491612537
30132,21.486044103137274
30133,11.595987009024029
30134,5.617192143233996
30135,3.504549736398466
30136,2.259500973518727
30137,2.0130317057370437
30138,1.885447129283923
30139,1.8335562193065322
30140,4.648435065990019
30141,5.264766984592164
30142,5.169549460626912
30143,5.365949297528999
30144,5.347516461011187
30145,5.907804529084935
30146,9.246500200409569
30147,6.40849747060018
30148,5.146199080611673
30149,4.506829806059297
30150,6.37787922132674
30151,1.5077580440933203
30152,1.3415488470488461
30153,44.27851185453725
30154,40.51782155592652
30155,79.02572292228838
30156,6.488949499686122
30157,2.4952198110132064
30158,2.106277997293562
30159,24.503176415762212
30160,14.411292826809547
30161,8.174624640075354
30162,5.860460130950182
30163,4.572433583152916
30164,4.173155947958696
30165,4.0255948710592895
30166,3.9637091196490473
30167,27.738418633575936
30168,11.620928207576885
30169,7.773924143571589
30170,6.0916351305302925
30171,5.984029645036609
30172,7.861884641772864
30173,6.9538884612749
30174,5.990593419728567
30175,5.820614492594948
30176,21.159494859162585
30177,6.003850916075135
30178,20.75420620591968
30179,63.63506339039275
30180,32.99278901254494
30181,22.48675302914151
30182,11.28356387679023
30183,10.197169433650483
30184,8.483092601656596
30185,6.420152789322346
30186,77.25316909629565
30187,72.44965851238612
30188,43.859307482029244
30189,118.20515469282199
30190,83.79389049362028
30191,80.57855164994585
30192,78.73747065920912
30193,18.768883541519457
30194,8.75392567267465
30195,20.953784700471395
30196,10.458612576206706
30197,6.998095054687679
30198,4.243589009891985
30199,6.330074107532305
30200,8.72177425706598
30201,13.635876557687826
30202,79.46371564833044
30203,17.36124494414687
30204,21.165062404594604
30205,6.982716192776439
30206,5.873616185506277
30207,5.666983474685608
30208,4.727917615085651
30209,12.220270791013833
30210,7.716052974953068
30211,3.369645181795372
30212,3.5354439273811153
30213,4.502694052358752
30214,2.2820653458939466
30215,52.64882826392342
30216,42.00746579089428
30217,34.090335507422544
30218,20.43187367495016
30219,12.608264029656237
30220,9.187150821929942
30221,6.674599267770195
30222,6.20759615689896
30223,5.849414233928291
30224,5.7352121811691354
30225,14.389071970113775
30226,19.33651150974255
30227,9.89105002965173
30228,6.779896918246656
30229,30.39476083741782
30230,6.380351081493156
30231,5.43651431362906
30232,7.82548097995975
30233,11.501118264228609
30234,44.87111840863848
30235,55.36596549229869
=======
1,23.282793045043945
2,13.352705001831055
3,7.365309238433838
4,5.586447715759277
5,4.402024745941162
6,4.071446418762207
7,3.9351248741149902
8,3.8302574157714844
9,21.83160400390625
10,12.23234748840332
11,6.491164207458496
12,4.530364036560059
13,3.403928518295288
14,3.087136745452881
15,2.931161880493164
16,2.8613831996917725
17,29.284786224365234
18,17.215450286865234
19,9.909305572509766
20,7.705320835113525
21,6.13734769821167
22,5.780486106872559
23,5.582422733306885
24,5.438455104827881
25,23.31205940246582
26,13.38219928741455
27,7.440600872039795
28,5.761806488037109
29,4.6417388916015625
30,4.297698974609375
31,4.1525797843933105
32,4.05658483505249
33,22.3736629486084
34,12.595213890075684
35,6.735477447509766
36,4.83555793762207
37,3.6936569213867188
38,3.4195210933685303
39,3.2784781455993652
40,3.1943955421447754
41,10.059617042541504
42,52.66520690917969
43,14.689440727233887
44,55.90605545043945
45,40.31026077270508
46,30.259735107421875
47,31.43297576904297
48,31.654705047607422
49,29.795032501220703
50,28.275327682495117
51,28.071718215942383
52,65.75109100341797
53,39.804988861083984
54,32.4002685546875
55,9.008838653564453
56,4.151484489440918
57,19.53827667236328
58,17.774499893188477
59,10.467689514160156
60,7.574521541595459
61,6.809964179992676
62,5.013020038604736
63,23.21053695678711
64,13.564116477966309
65,7.967820167541504
66,5.899716854095459
67,4.674667835235596
68,4.389247417449951
69,4.1998820304870605
70,4.116804122924805
71,18.555694580078125
72,7.897836685180664
73,7.368288040161133
74,5.2791032791137695
75,20.421188354492188
76,20.647483825683594
77,11.385629653930664
78,5.758854389190674
79,3.821016550064087
80,2.7500510215759277
81,2.419978141784668
82,2.27565860748291
83,2.193162441253662
84,14.68794059753418
85,25.742292404174805
86,21.900386810302734
87,19.608827590942383
88,17.6860294342041
89,22.92915153503418
90,12.90980339050293
91,6.837348461151123
92,4.841396808624268
93,3.633465051651001
94,3.309356212615967
95,3.1563050746917725
96,3.070307970046997
97,5.322475433349609
98,23.117996215820312
99,12.870037078857422
100,6.675259590148926
101,4.547101974487305
102,3.31644344329834
103,2.979794979095459
104,2.8323073387145996
105,2.7671573162078857
106,27.707868576049805
107,15.77310562133789
108,8.766791343688965
109,6.239360332489014
110,4.818587779998779
111,4.4423418045043945
112,4.216076374053955
113,4.075796127319336
114,6.138154983520508
115,6.3886871337890625
116,20.109130859375
117,13.671317100524902
118,11.713254928588867
119,10.270181655883789
120,55.79696273803711
121,36.610816955566406
122,30.938777923583984
123,22.2213191986084
124,17.69992446899414
125,9.485204696655273
126,4.735377311706543
127,3.0845742225646973
128,2.1218438148498535
129,1.8132805824279785
130,1.7174983024597168
131,22.765357971191406
132,32.75056076049805
133,19.09782600402832
134,15.985610961914062
135,13.646759033203125
136,3.7531754970550537
137,12.979537963867188
138,11.768545150756836
139,8.54063606262207
140,8.086556434631348
141,3.0096309185028076
142,26.470802307128906
143,14.906033515930176
144,8.066998481750488
145,5.779009819030762
146,4.344239711761475
147,4.004570960998535
148,3.8985893726348877
149,3.801776647567749
150,18.81049919128418
151,27.41457748413086
152,16.30781364440918
153,9.833333969116211
154,7.360377311706543
155,5.983452320098877
156,5.706292152404785
157,5.549924373626709
158,5.465051651000977
159,84.71424865722656
160,60.470115661621094
161,55.493141174316406
162,52.15285873413086
163,45.776390075683594
164,38.950626373291016
165,32.582786560058594
166,27.28998565673828
167,25.625728607177734
168,13.72514533996582
169,7.798810005187988
170,4.648577690124512
171,3.2063560485839844
172,2.893738031387329
173,2.7802155017852783
174,2.705554485321045
175,25.092243194580078
176,14.692422866821289
177,9.100265502929688
178,24.62161636352539
179,7.222649097442627
180,5.760982990264893
181,58.96717834472656
182,25.149005889892578
183,16.35895538330078
184,10.032591819763184
185,29.157093048095703
186,18.821996688842773
187,13.22118091583252
188,10.656060218811035
189,9.27087116241455
190,8.750845909118652
191,8.533604621887207
192,8.483272552490234
193,1.6851738691329956
194,1.7181825637817383
195,21.77017593383789
196,12.215204238891602
197,6.469120502471924
198,4.4832305908203125
199,3.377838373184204
200,3.0800693035125732
201,2.9294240474700928
202,2.855135440826416
203,21.508193969726562
204,12.002655029296875
205,6.285828113555908
206,4.291264057159424
207,3.2235631942749023
208,2.911760091781616
209,2.7517075538635254
210,2.676851749420166
211,21.528966903686523
212,11.931795120239258
213,6.243793487548828
214,4.251796722412109
215,3.189997434616089
216,2.871610403060913
217,2.7113704681396484
218,2.6369690895080566
219,21.18079948425293
220,11.71794319152832
221,6.052443504333496
222,4.067266941070557
223,2.9705803394317627
224,2.6500158309936523
225,2.488854169845581
226,2.416714906692505
227,21.66556167602539
228,11.97382926940918
229,6.266761302947998
230,4.267529487609863
231,3.2081875801086426
232,2.8913445472717285
233,2.732151985168457
234,2.6562018394470215
235,21.66556167602539
236,11.97382926940918
237,6.266761302947998
238,4.267529487609863
239,3.2081875801086426
240,2.8913445472717285
241,2.732151985168457
242,2.6562018394470215
243,18.59123992919922
244,11.443239212036133
245,10.285942077636719
246,8.353196144104004
247,23.779218673706055
248,13.460837364196777
249,7.306663990020752
250,5.178926944732666
251,4.007665157318115
252,3.664217948913574
253,3.5138559341430664
254,3.4317214488983154
255,28.834152221679688
256,24.217721939086914
257,13.563989639282227
258,7.139961242675781
259,5.0089874267578125
260,3.761517286300659
261,3.4154441356658936
262,3.257448434829712
263,3.155600070953369
264,18.660486221313477
265,34.62630844116211
266,21.686525344848633
267,14.125381469726562
268,12.25381088256836
269,9.822702407836914
270,9.526474952697754
271,9.442811012268066
272,9.326301574707031
273,3.015981674194336
274,6.907595634460449
275,22.631139755249023
276,12.518616676330566
277,6.5791144371032715
278,4.5937700271606445
279,3.353059768676758
280,3.014354944229126
281,2.856841564178467
282,2.7503087520599365
283,4.507752418518066
284,4.432494640350342
285,19.457958221435547
286,13.890759468078613
287,7.1681623458862305
288,6.616631031036377
289,22.683385848999023
290,12.971570014953613
291,7.029706954956055
292,5.110177993774414
293,3.9062633514404297
294,3.559427499771118
295,3.409748077392578
296,3.322313070297241
297,22.209007263183594
298,12.334534645080566
299,6.4072065353393555
300,4.444657802581787
301,3.285923719406128
302,2.969853162765503
303,2.8146257400512695
304,2.7253849506378174
305,1.2932831048965454
306,40.60605239868164
307,22.690658569335938
308,12.909614562988281
309,6.9211506843566895
310,5.108170032501221
311,3.914912223815918
312,3.5669260025024414
313,3.4291067123413086
314,3.3210396766662598
315,25.561410903930664
316,16.238969802856445
317,7.459657669067383
318,4.350085258483887
319,2.6908888816833496
320,2.3391687870025635
321,2.23006534576416
322,2.133110523223877
323,3.3813416957855225
324,25.293825149536133
325,14.839689254760742
326,8.379827499389648
327,6.679891586303711
328,5.505077362060547
329,5.229612827301025
330,5.10373592376709
331,4.99444580078125
332,26.10264778137207
333,15.321229934692383
334,9.011087417602539
335,6.986379623413086
336,5.62727689743042
337,5.216712951660156
338,5.0276618003845215
339,4.881899833679199
340,26.10264778137207
341,15.321229934692383
342,9.011087417602539
343,6.986379623413086
344,5.62727689743042
345,5.216712951660156
346,5.0276618003845215
347,4.881899833679199
348,35.443763732910156
349,14.145833015441895
350,9.099148750305176
351,6.2093706130981445
352,5.387241363525391
353,3.855365514755249
354,1.9403895139694214
355,21.880374908447266
356,11.184537887573242
357,10.251348495483398
358,8.852386474609375
359,5.071260452270508
360,4.29165506362915
361,12.05882740020752
362,13.252884864807129
363,28.396467208862305
364,20.036128997802734
365,16.935901641845703
366,13.24155330657959
367,12.223320960998535
368,10.906557083129883
369,32.837562561035156
370,22.226428985595703
371,12.474635124206543
372,6.651325225830078
373,4.744237899780273
374,3.6263279914855957
375,3.329369068145752
376,3.179856538772583
377,3.0941977500915527
378,77.46121215820312
379,47.5029182434082
380,39.415496826171875
381,32.23677444458008
382,25.463054656982422
383,26.2976016998291
384,15.671257019042969
385,9.335594177246094
386,7.302306652069092
387,5.926379680633545
388,5.651885986328125
389,5.540043354034424
390,5.450000762939453
391,27.913583755493164
392,16.692392349243164
393,9.661672592163086
394,7.4460368156433105
395,6.003706455230713
396,5.6453776359558105
397,5.491390705108643
398,5.412259578704834
399,26.824974060058594
400,16.13913345336914
401,9.771493911743164
402,7.67005729675293
403,6.266174793243408
404,6.006219387054443
405,5.860963821411133
406,5.755857467651367
407,24.42412567138672
408,14.273701667785645
409,8.340813636779785
410,4.1779561042785645
411,2.764451026916504
412,26.604459762573242
413,15.919964790344238
414,10.25755500793457
415,8.024801254272461
416,6.423605918884277
417,6.116351127624512
418,6.0352606773376465
419,5.744821548461914
420,27.22189712524414
421,16.784515380859375
422,10.993021011352539
423,8.764429092407227
424,7.23938512802124
425,6.913114547729492
426,6.761478900909424
427,6.590485095977783
428,27.22189712524414
429,16.784515380859375
430,10.993021011352539
431,8.764429092407227
432,7.23938512802124
433,6.913114547729492
434,6.761478900909424
435,6.590485095977783
436,27.845050811767578
437,16.72073745727539
438,10.282529830932617
439,7.718173027038574
440,6.336582660675049
441,6.094225883483887
442,5.918332099914551
443,5.818098545074463
444,32.85936737060547
445,18.87845230102539
446,11.476919174194336
447,8.848608016967773
448,7.431197166442871
449,7.313940525054932
450,7.270079135894775
451,7.121411323547363
452,20.519987106323242
453,11.172907829284668
454,5.497674942016602
455,3.555680513381958
456,2.3782148361206055
457,2.0336506366729736
458,1.8823286294937134
459,1.821458101272583
460,21.99700164794922
461,12.242351531982422
462,6.3713297843933105
463,4.373724937438965
464,3.1873891353607178
465,2.882134199142456
466,2.742443084716797
467,2.673675298690796
468,12.422809600830078
469,10.901498794555664
470,10.67789077758789
471,9.986883163452148
472,8.886320114135742
473,28.53399658203125
474,16.91623306274414
475,9.792315483093262
476,7.619540691375732
477,6.09279203414917
478,5.712286472320557
479,5.522927761077881
480,5.411294460296631
481,29.553434371948242
482,17.586204528808594
483,10.253629684448242
484,8.0067138671875
485,6.440780162811279
486,6.052207946777344
487,5.860018253326416
488,5.753770351409912
489,4.694892406463623
490,18.050495147705078
491,9.963522911071777
492,8.094900131225586
493,7.0765275955200195
494,22.654558181762695
495,12.769383430480957
496,6.919910907745361
497,5.110439300537109
498,3.902500629425049
499,3.628861665725708
500,3.4967260360717773
501,3.4050896167755127
502,21.77515411376953
503,12.20850944519043
504,6.477625846862793
505,4.53528356552124
506,3.4074249267578125
507,3.0958590507507324
508,2.9402809143066406
509,2.8695881366729736
510,21.776195526123047
511,12.089405059814453
512,6.426631450653076
513,4.411718368530273
514,3.2053918838500977
515,2.8840994834899902
516,2.7287282943725586
517,2.676093578338623
518,8.839383125305176
519,7.698145866394043
520,5.554617404937744
521,7.92756986618042
522,27.912418365478516
523,16.02962303161621
524,9.009720802307129
525,6.515578746795654
526,5.075013160705566
527,4.75693941116333
528,4.531586647033691
529,4.438173770904541
530,16.841732025146484
531,9.897090911865234
532,9.47539234161377
533,8.504552841186523
534,218.8800811767578
535,125.74095916748047
536,52.60905075073242
537,22.172460556030273
538,16.239395141601562
539,11.537576675415039
540,3.5945818424224854
541,27.7172908782959
542,5.912938117980957
543,1.6982498168945312
544,1.348527193069458
545,9.194584846496582
546,7.382892608642578
547,6.037391185760498
548,5.020144462585449
549,6.7347822189331055
550,5.72202205657959
551,5.6618804931640625
552,5.263156890869141
553,5.086297035217285
554,3.819549798965454
555,11.90345287322998
556,3.727449893951416
557,2.3107690811157227
558,2.918998956680298
559,4.454517364501953
560,0.8317791819572449
561,12.51397705078125
562,11.203115463256836
563,42.4930419921875
564,22.019420623779297
565,14.464837074279785
566,8.34798812866211
567,6.3585686683654785
568,5.324368953704834
569,5.026888847351074
570,4.844461441040039
571,4.756127834320068
572,22.32464027404785
573,13.637527465820312
574,8.02087688446045
575,5.982071876525879
576,4.982828617095947
577,4.698732376098633
578,4.553081512451172
579,4.478448390960693
580,22.06879425048828
581,12.367081642150879
582,6.5503315925598145
583,4.66866397857666
584,3.5161805152893066
585,3.233821392059326
586,3.0834200382232666
587,3.0001962184906006
588,20.43848419189453
589,11.183349609375
590,5.580395221710205
591,3.6362740993499756
592,2.484316110610962
593,2.1440696716308594
594,1.9980171918869019
595,1.9331732988357544
596,22.06879425048828
597,12.367081642150879
598,6.5503315925598145
599,4.66866397857666
600,3.5161805152893066
601,3.233821392059326
602,3.0834200382232666
603,3.0001962184906006
604,21.55178451538086
605,11.988190650939941
606,6.306535720825195
607,4.289528846740723
608,3.159417152404785
609,2.8183887004852295
610,2.6731863021850586
611,2.6051688194274902
612,21.334901809692383
613,11.846614837646484
614,6.172367572784424
615,4.149164199829102
616,3.010592460632324
617,2.6736843585968018
618,2.520409345626831
619,2.446556568145752
620,21.415157318115234
621,11.890023231506348
622,6.218409061431885
623,4.205089569091797
624,3.0754592418670654
625,2.7411398887634277
626,2.586380958557129
627,2.518946886062622
628,47.9552001953125
629,24.5422306060791
630,19.21750259399414
631,14.58066177368164
632,13.332130432128906
633,13.74035930633545
634,54.68510437011719
635,21.78955841064453
636,16.280729293823242
637,14.483680725097656
638,14.530319213867188
639,24.849029541015625
640,13.879688262939453
641,7.6107683181762695
642,5.2388596534729
643,3.7680537700653076
644,3.526749849319458
645,20.589153289794922
646,11.418052673339844
647,5.867264747619629
648,3.919484853744507
649,2.8778181076049805
650,2.5361416339874268
651,2.373882293701172
652,2.3105363845825195
653,23.033432006835938
654,12.793513298034668
655,6.66500997543335
656,4.615490913391113
657,3.4220755100250244
658,3.108719825744629
659,2.952950954437256
660,2.8628292083740234
661,2.8770153522491455
662,10.318669319152832
663,8.154385566711426
664,7.118975639343262
665,6.542302131652832
666,3.0430362224578857
667,1.638230562210083
668,1.5603926181793213
669,2.7848799228668213
670,21.767330169677734
671,10.178574562072754
672,7.114665508270264
673,21.85486602783203
674,12.07370662689209
675,6.192422389984131
676,4.198368072509766
677,3.0515503883361816
678,2.7240238189697266
679,2.5669825077056885
680,2.454572916030884
681,29.097606658935547
682,5.807777404785156
683,1.6724576950073242
684,15.259981155395508
685,11.349615097045898
686,28.384788513183594
687,17.657333374023438
688,14.981586456298828
689,13.103673934936523
690,10.247931480407715
691,3.2244715690612793
692,21.054141998291016
693,11.464831352233887
694,5.717871189117432
695,3.7300329208374023
696,2.5410585403442383
697,2.19118332862854
698,2.03190541267395
699,1.9653280973434448
700,23.56246566772461
701,12.763043403625488
702,6.664944648742676
703,4.532657623291016
704,3.279160976409912
705,2.982999324798584
706,2.872067928314209
707,2.795382022857666
708,23.033432006835938
709,12.793513298034668
710,6.66500997543335
711,4.615490913391113
712,3.4220755100250244
713,3.108719825744629
714,2.952950954437256
715,2.8628292083740234
716,6.181697368621826
717,10.355998992919922
718,8.705275535583496
719,7.390376091003418
720,7.176742076873779
721,30.898662567138672
722,21.70537567138672
723,14.537910461425781
724,13.805249214172363
725,22.183931350708008
726,17.301359176635742
727,14.630929946899414
728,13.416619300842285
729,23.799346923828125
730,13.327811241149902
731,6.952908515930176
732,4.824651718139648
733,3.6053009033203125
734,3.227415084838867
735,3.0601449012756348
736,2.948646306991577
737,23.600147247314453
738,13.362543106079102
739,7.237637042999268
740,5.240653038024902
741,4.006176948547363
742,3.663975238800049
743,3.5246148109436035
744,3.446913719177246
745,22.99850845336914
746,12.938360214233398
747,6.840407371520996
748,4.814313888549805
749,3.625842571258545
750,3.2526960372924805
751,3.114192247390747
752,3.005255937576294
753,3.4812235832214355
754,5.265955448150635
755,14.028948783874512
756,8.897679328918457
757,6.728745937347412
758,5.566817760467529
759,3.5697946548461914
760,2.9370079040527344
761,2.8578693866729736
762,2.709097385406494
763,30.49340057373047
764,21.09066390991211
765,6.554071426391602
766,5.674771308898926
767,2.270179271697998
768,2.3355345726013184
769,1.3878744840621948
770,9.08634090423584
771,16.962268829345703
772,13.290247917175293
773,20.347427368164062
774,12.846973419189453
775,11.85701847076416
776,8.833301544189453
777,7.2440032958984375
778,10.18906307220459
779,5.8322601318359375
780,4.989020347595215
781,2.998748779296875
782,3.144402503967285
783,12.0462646484375
784,4.209901809692383
785,3.6251139640808105
786,2.907597303390503
787,2.5930771827697754
788,29.728878021240234
789,17.469608306884766
790,12.745783805847168
791,12.208309173583984
792,23.459617614746094
793,13.442235946655273
794,7.601254463195801
795,5.690314769744873
796,4.400947093963623
797,4.023506164550781
798,3.8682479858398438
799,3.7583248615264893
800,28.758567810058594
801,17.314205169677734
802,10.786025047302246
803,8.103134155273438
804,6.519325256347656
805,6.178089618682861
806,16.54736328125
807,10.317161560058594
808,8.2777681350708
809,7.376190662384033
810,5.982010841369629
811,4.166131496429443
812,3.8772222995758057
813,20.729690551757812
814,11.392656326293945
815,5.668728351593018
816,3.7550041675567627
817,2.5398480892181396
818,2.2399325370788574
819,2.141667127609253
820,2.0585777759552
821,170.5815887451172
822,119.78585815429688
823,92.76033782958984
824,76.3408203125
825,214.95364379882812
826,151.0083770751953
827,116.89439392089844
828,80.1270751953125
829,323.3162536621094
830,162.1874542236328
831,108.78828430175781
832,83.4218521118164
833,69.06709289550781
834,63.1461067199707
835,29.387527465820312
836,18.35769271850586
837,11.220836639404297
838,8.88425350189209
839,7.302579879760742
840,6.913895606994629
841,6.720267295837402
842,6.632066249847412
843,6.381834983825684
844,2.3509435653686523
845,4.0168776512146
846,13.182709693908691
847,17.16837501525879
848,11.875398635864258
849,10.214066505432129
850,8.68879508972168
851,9.949759483337402
852,2.8223607540130615
853,18.173572540283203
854,13.64479923248291
855,12.466113090515137
856,11.479334831237793
857,10.165176391601562
858,5.211640357971191
859,4.995206832885742
860,4.643610954284668
861,4.688002109527588
862,58.38481140136719
863,192.12039184570312
864,107.279052734375
865,77.97869873046875
866,73.35908508300781
867,63.91581726074219
868,348.3992919921875
869,202.37640380859375
870,177.53948974609375
871,115.5389175415039
872,24.137310028076172
873,5.559126853942871
874,1.9038536548614502
875,23.39015769958496
876,13.852226257324219
877,7.884180545806885
878,6.055789947509766
879,4.896880626678467
880,4.541056156158447
881,4.400291919708252
882,4.310906410217285
883,23.678983688354492
884,14.01358413696289
885,7.807538986206055
886,6.100498676300049
887,4.94066047668457
888,4.569905757904053
889,4.421328067779541
890,4.3248515129089355
891,21.972087860107422
892,12.411886215209961
893,6.608532428741455
894,4.7374725341796875
895,3.5975780487060547
896,3.268364667892456
897,3.144892692565918
898,3.0576250553131104
899,27.744762420654297
900,16.56473159790039
901,9.629607200622559
902,7.477986812591553
903,6.009097576141357
904,5.661930561065674
905,5.500145435333252
906,5.3941779136657715
907,3.819570779800415
908,10.846035957336426
909,9.762616157531738
910,6.725744247436523
911,6.2379255294799805
912,21.214622497558594
913,12.264938354492188
914,6.926188945770264
915,4.893113136291504
916,3.7867069244384766
917,3.395413398742676
918,3.2918734550476074
919,3.153071403503418
920,22.04574203491211
921,12.744653701782227
922,7.030741214752197
923,4.795426368713379
924,3.7170004844665527
925,3.331444263458252
926,3.216170310974121
927,3.0846238136291504
928,19.22764015197754
929,12.412874221801758
930,7.080857753753662
931,5.180905342102051
932,4.150782108306885
933,3.9096689224243164
934,3.7809672355651855
935,3.7390737533569336
936,19.901792526245117
937,8.686370849609375
938,9.454475402832031
939,6.619298934936523
940,6.065964698791504
941,5.422091960906982
942,12.846515655517578
943,10.910889625549316
944,7.6990814208984375
945,6.094182968139648
946,4.919058799743652
947,10.9096040725708
948,8.820611953735352
949,28.939653396606445
950,17.222070693969727
951,10.151958465576172
952,7.9868903160095215
953,6.342137336730957
954,5.97554349899292
955,5.776403903961182
956,5.679567813873291
957,28.614999771118164
958,16.98883819580078
959,9.865945816040039
960,7.703650951385498
961,6.163547515869141
962,5.764610290527344
963,5.578885078430176
964,5.478182315826416
965,25.900651931762695
966,15.592698097229004
967,9.10639476776123
968,7.297614574432373
969,5.995224475860596
970,5.680290699005127
971,5.552658557891846
972,5.465216159820557
973,27.705150604248047
974,16.22219467163086
975,9.195319175720215
976,6.809476375579834
977,5.442907810211182
978,5.084397315979004
979,4.886505126953125
980,4.798497200012207
981,27.503929138183594
982,16.200422286987305
983,9.280233383178711
984,7.020644187927246
985,5.643573760986328
986,5.260915279388428
987,5.06897497177124
988,4.950263977050781
989,2.984713554382324
990,1.9656569957733154
991,3.0042331218719482
992,2.760608196258545
993,1.8068456649780273
994,1.656969428062439
995,58.00647735595703
996,24.01502227783203
997,13.475500106811523
998,7.38172721862793
999,5.2251434326171875
1000,3.8069729804992676
1001,3.5467309951782227
1002,3.443958044052124
1003,3.356729030609131
1004,24.422327041625977
1005,13.96296501159668
1006,7.496768474578857
1007,5.488669395446777
1008,4.239943981170654
1009,3.881033420562744
1010,3.7270641326904297
1011,3.6453959941864014
1012,31.604816436767578
1013,19.140165328979492
1014,11.318941116333008
1015,9.165796279907227
1016,7.796196937561035
1017,7.479372978210449
1018,7.162540435791016
1019,7.07072639465332
1020,27.865009307861328
1021,16.435810089111328
1022,9.454662322998047
1023,7.163259029388428
1024,5.762212753295898
1025,5.385108470916748
1026,5.203370571136475
1027,5.089999198913574
1028,3.7042219638824463
1029,5.443020343780518
1030,133.54559326171875
1031,10.65992546081543
1032,64.5250473022461
1033,45.05097579956055
1034,28.762592315673828
1035,18.87697982788086
1036,11.828001976013184
1037,8.973090171813965
1038,7.519894123077393
1039,7.211790084838867
1040,7.018929481506348
1041,6.942111492156982
1042,31.2352352142334
1043,19.195981979370117
1044,12.2128324508667
1045,9.59893798828125
1046,8.448521614074707
1047,8.130582809448242
1048,7.9379143714904785
1049,7.836296081542969
1050,2.688418388366699
1051,28.66627311706543
1052,17.053226470947266
1053,10.321975708007812
1054,8.3050537109375
1055,6.791829586029053
1056,6.499372959136963
1057,6.318447113037109
1058,6.20847225189209
1059,6.691657543182373
1060,5.968051910400391
1061,1.8717657327651978
1062,1.646320104598999
1063,2.1951026916503906
1064,45.44815444946289
1065,38.418052673339844
1066,29.493427276611328
1067,4.857605934143066
1068,29.901050567626953
1069,18.127832412719727
1070,10.949198722839355
1071,8.848784446716309
1072,7.323970317840576
1073,6.870825290679932
1074,6.679065227508545
1075,6.630431652069092
1076,2.347695827484131
1077,26.2784366607666
1078,27.96147918701172
1079,16.46656036376953
1080,9.538010597229004
1081,7.331804275512695
1082,5.848398208618164
1083,5.506702899932861
1084,5.314180850982666
1085,5.188509464263916
1086,2.8459391593933105
1087,2.5015015602111816
1088,2.1647047996520996
1089,2.039294719696045
1090,9.221595764160156
1091,8.034870147705078
1092,7.5078840255737305
1093,7.373971939086914
1094,19.945476531982422
1095,18.15377426147461
1096,18.35916519165039
1097,22.14153289794922
1098,12.436842918395996
1099,6.626827716827393
1100,4.750901222229004
1101,3.580075740814209
1102,3.298328399658203
1103,3.1537225246429443
1104,3.0720698833465576
1105,22.31488800048828
1106,12.551671981811523
1107,6.733448028564453
1108,4.833256244659424
1109,3.6884679794311523
1110,3.387136936187744
1111,3.2440004348754883
1112,3.160181999206543
1113,12.189952850341797
1114,10.435783386230469
1115,7.136053562164307
1116,5.60264253616333
1117,4.439904689788818
1118,17.062339782714844
1119,6.1093339920043945
1120,9.730080604553223
1121,7.781538486480713
1122,19.210811614990234
1123,21.543964385986328
1124,4.6224236488342285
1125,1.4367971420288086
1126,20.727577209472656
1127,11.66032600402832
1128,5.928225040435791
1129,3.9843695163726807
1130,2.958704948425293
1131,2.6042118072509766
1132,2.468376636505127
1133,2.39735746383667
1134,32.52649688720703
1135,21.088029861450195
1136,16.70595932006836
1137,23.858308792114258
1138,13.332260131835938
1139,7.008159637451172
1140,4.937126159667969
1141,3.679901599884033
1142,3.329813003540039
1143,3.162848711013794
1144,3.0701112747192383
1145,3.0258328914642334
1146,4.693343639373779
1147,2.7720818519592285
1148,27.793752670288086
1149,6.785285472869873
1150,2.8979060649871826
1151,8.046344757080078
1152,4.813614368438721
1153,24.454029083251953
1154,6.118305206298828
1155,2.327742576599121
1156,9.191621780395508
1157,5.1713948249816895
1158,4.833248138427734
1159,3.7910351753234863
1160,23.585750579833984
1161,13.02912712097168
1162,6.7227654457092285
1163,4.673565864562988
1164,3.429405689239502
1165,3.0992753505706787
1166,2.9418723583221436
1167,2.8608906269073486
1168,27.204280853271484
1169,15.56743049621582
1170,8.669146537780762
1171,6.3170576095581055
1172,4.937723159790039
1173,4.642332077026367
1174,4.426287651062012
1175,4.33604097366333
1176,28.036584854125977
1177,16.08411979675293
1178,8.978184700012207
1179,6.516563415527344
1180,5.051872730255127
1181,4.712496757507324
1182,4.493864059448242
1183,4.382279872894287
1184,90.3255844116211
1185,56.105018615722656
1186,46.074790954589844
1187,42.11821746826172
1188,39.34744644165039
1189,35.4998664855957
1190,22.91167640686035
1191,12.821634292602539
1192,6.712100982666016
1193,4.628066062927246
1194,3.3588027954101562
1195,3.0513224601745605
1196,2.9101366996765137
1197,2.876263380050659
1198,7.462459087371826
1199,2.1091527938842773
1200,2.2881686687469482
1201,8.849421501159668
1202,27.5336971282959
1203,16.199466705322266
1204,9.350116729736328
1205,7.228448867797852
1206,5.715787887573242
1207,5.346812725067139
1208,5.149503707885742
1209,5.01873779296875
1210,30.617420196533203
1211,18.08005714416504
1212,10.390621185302734
1213,7.917181491851807
1214,6.517862319946289
1215,6.08671236038208
1216,5.889978408813477
1217,5.792777061462402
1218,5.8330078125
1219,1.0935677289962769
1220,1.232816457748413
1221,2.161339282989502
1222,3.6420671939849854
1223,5.243277549743652
1224,6.587658882141113
1225,23.290584564208984
1226,14.008504867553711
1227,7.837088584899902
1228,6.018540859222412
1229,4.799663543701172
1230,4.425792217254639
1231,4.2812395095825195
1232,4.173112869262695
1233,29.82305908203125
1234,18.039392471313477
1235,10.647945404052734
1236,8.577062606811523
1237,6.923712730407715
1238,6.51457405090332
1239,6.284061908721924
1240,6.21640157699585
1241,28.193050384521484
1242,16.891250610351562
1243,9.923700332641602
1244,7.849111080169678
1245,6.272283554077148
1246,5.907833099365234
1247,5.692487716674805
1248,5.589413166046143
1249,79.22039031982422
1250,45.777095794677734
1251,36.612674713134766
1252,28.308555603027344
1253,57.83658218383789
1254,27.56623077392578
1255,15.969468116760254
1256,9.038078308105469
1257,6.578739166259766
1258,5.187511920928955
1259,4.851040363311768
1260,4.631841659545898
1261,4.527845859527588
1262,1.4176034927368164
1263,1.3957520723342896
1264,22.116090774536133
1265,12.580665588378906
1266,6.671524524688721
1267,4.75313663482666
1268,3.5986251831054688
1269,3.267936944961548
1270,3.14556622505188
1271,3.059183359146118
1272,22.4260196685791
1273,15.286642074584961
1274,13.192063331604004
1275,12.079338073730469
1276,23.77584457397461
1277,14.358293533325195
1278,8.806445121765137
1279,6.611509323120117
1280,5.460269451141357
1281,5.115578651428223
1282,4.966492176055908
1283,4.885150909423828
1284,10.05421257019043
1285,26.48959732055664
1286,15.587754249572754
1287,9.156435012817383
1288,7.08223295211792
1289,5.705549716949463
1290,5.290349960327148
1291,5.100175857543945
1292,4.951938152313232
1293,6.551538467407227
1294,16.72754669189453
1295,27.340112686157227
1296,16.194372177124023
1297,9.513312339782715
1298,7.2950873374938965
1299,5.951770305633545
1300,5.539910316467285
1301,5.343570709228516
1302,5.195927619934082
1303,25.781103134155273
1304,15.15997314453125
1305,8.825157165527344
1306,6.679642200469971
1307,5.439891338348389
1308,5.053889751434326
1309,4.846158027648926
1310,4.70514440536499
1311,25.781103134155273
1312,15.15997314453125
1313,8.825157165527344
1314,6.679642200469971
1315,5.439891338348389
1316,5.053889751434326
1317,4.846158027648926
1318,4.70514440536499
1319,453.5211486816406
1320,26.00339698791504
1321,14.71548843383789
1322,8.005919456481934
1323,5.667178630828857
1324,4.2863383293151855
1325,3.9759466648101807
1326,3.8815579414367676
1327,3.7615609169006348
1328,24.855012893676758
1329,16.55754852294922
1330,10.14626693725586
1331,7.866078853607178
1332,6.584523677825928
1333,6.3259429931640625
1334,6.159750938415527
1335,6.102322101593018
1336,37.82511901855469
1337,29.8116455078125
1338,27.044540405273438
1339,49.82773208618164
1340,27.774707794189453
1341,16.442123413085938
1342,9.514250755310059
1343,7.234483242034912
1344,5.713460922241211
1345,5.374264240264893
1346,5.197052001953125
1347,5.066830158233643
1348,11.801876068115234
1349,14.699110984802246
1350,10.411418914794922
1351,6.6291375160217285
1352,8.58291244506836
1353,6.271562576293945
1354,5.247393608093262
1355,4.839698791503906
1356,2.7849581241607666
1357,22.553180694580078
1358,12.709314346313477
1359,6.834620475769043
1360,4.9958600997924805
1361,3.8160617351531982
1362,3.5250797271728516
1363,3.3778884410858154
1364,3.296132802963257
1365,22.39986228942871
1366,12.644288063049316
1367,6.882682800292969
1368,4.998129367828369
1369,3.760044574737549
1370,3.4956085681915283
1371,3.3606204986572266
1372,3.283290147781372
1373,34.44633483886719
1374,7.31552791595459
1375,2.5095255374908447
1376,22.50472068786621
1377,12.622660636901855
1378,6.654082298278809
1379,4.668191909790039
1380,3.540329933166504
1381,3.2256789207458496
1382,3.104999303817749
1383,2.9960684776306152
1384,22.413496017456055
1385,12.695427894592285
1386,6.73994255065918
1387,4.843231201171875
1388,3.6605215072631836
1389,3.3276078701019287
1390,3.191915512084961
1391,3.089773178100586
1392,23.81777000427246
1393,13.54845905303955
1394,7.408434867858887
1395,5.329157829284668
1396,4.096433162689209
1397,3.7716286182403564
1398,3.6407341957092285
1399,3.559035062789917
1400,25.900127410888672
1401,15.124579429626465
1402,8.603238105773926
1403,6.523373603820801
1404,5.147006988525391
1405,4.840043544769287
1406,4.680131912231445
1407,4.579122543334961
1408,13.367847442626953
1409,7.7299370765686035
1410,6.424225807189941
1411,4.464393615722656
1412,3.780620813369751
1413,2.9230153560638428
1414,4.984756946563721
1415,30.141572952270508
1416,18.227771759033203
1417,11.868639945983887
1418,9.458006858825684
1419,8.192028999328613
1420,7.984134674072266
1421,7.907503604888916
1422,7.85075044631958
1423,28.558467864990234
1424,18.658533096313477
1425,11.4909086227417
1426,8.634482383728027
1427,7.1324920654296875
1428,6.764651298522949
1429,6.56040096282959
1430,6.470645904541016
1431,28.181198120117188
1432,18.498905181884766
1433,11.399273872375488
1434,8.444549560546875
1435,6.953777313232422
1436,6.565319061279297
1437,6.373198509216309
1438,6.291708946228027
1439,3.1615848541259766
1440,23.13951873779297
1441,13.29664134979248
1442,7.321610927581787
1443,5.553200721740723
1444,4.362581253051758
1445,4.000141620635986
1446,3.864210605621338
1447,3.7737843990325928
1448,37.14142990112305
1449,10.785667419433594
1450,5.450962543487549
1451,21.311439514160156
1452,134.28387451171875
1453,19.967924118041992
1454,46.3373908996582
1455,7.46714448928833
1456,7.877567768096924
1457,51.62813186645508
1458,33.93544387817383
1459,26.24862289428711
1460,22.043365478515625
1461,21.701204299926758
1462,21.771076202392578
1463,21.250225067138672
1464,46.31023025512695
1465,7.849040508270264
1466,12.852072715759277
1467,9.481955528259277
1468,8.804646492004395
1469,7.574026584625244
1470,13.833934783935547
1471,8.179128646850586
1472,86.70243072509766
1473,24.77056884765625
1474,15.003141403198242
1475,8.875588417053223
1476,6.749938011169434
1477,5.641530990600586
1478,5.344109535217285
1479,5.20015287399292
1480,5.123909950256348
1481,2.5202252864837646
1482,4.495901107788086
1483,5.758208274841309
1484,19.92650604248047
1485,10.891280174255371
1486,5.340079307556152
1487,3.4288148880004883
1488,2.3245248794555664
1489,1.95701265335083
1490,1.7911142110824585
1491,1.6973520517349243
1492,12.781719207763672
1493,9.135955810546875
1494,8.060940742492676
1495,6.944478988647461
1496,18.32404327392578
1497,12.71157455444336
1498,10.731318473815918
1499,9.472281455993652
1500,5.434840679168701
1501,2.668513774871826
1502,3.6199145317077637
1503,10.275202751159668
1504,27.361316680908203
1505,16.05727767944336
1506,9.28258228302002
1507,7.119277000427246
1508,5.644614219665527
1509,5.281627655029297
1510,5.096592426300049
1511,4.978832244873047
1512,26.001893997192383
1513,15.77355670928955
1514,9.42660140991211
1515,7.203241348266602
1516,6.063684463500977
1517,5.7714996337890625
1518,5.61625862121582
1519,5.544490337371826
1520,22.511825561523438
1521,12.852555274963379
1522,6.992028713226318
1523,5.224374771118164
1524,4.0640153884887695
1525,3.7168025970458984
1526,3.567258358001709
1527,3.4641380310058594
1528,14.191072463989258
1529,3.450225353240967
1530,27.873550415039062
1531,15.83248233795166
1532,9.27520751953125
1533,6.689962863922119
1534,5.272385120391846
1535,5.023233413696289
1536,4.905197620391846
1537,4.803491592407227
1538,11.393892288208008
1539,5.0225372314453125
1540,8.637799263000488
1541,6.476693153381348
1542,5.862325191497803
1543,5.123110771179199
1544,22.584775924682617
1545,17.65460205078125
1546,6.9007415771484375
1547,58.386260986328125
1548,79.03404235839844
1549,4.098493576049805
1550,3.94343638420105
1551,6.698965549468994
1552,25.94118881225586
1553,15.254322052001953
1554,8.847813606262207
1555,6.781329154968262
1556,5.462466239929199
1557,5.046597480773926
1558,4.853448867797852
1559,4.6976318359375
1560,25.94118881225586
1561,15.254322052001953
1562,8.847813606262207
1563,6.781329154968262
1564,5.462466239929199
1565,5.046597480773926
1566,4.853448867797852
1567,4.6976318359375
1568,27.343971252441406
1569,15.992717742919922
1570,9.080123901367188
1571,6.7350544929504395
1572,5.379144191741943
1573,5.0039215087890625
1574,4.807621955871582
1575,4.68511962890625
1576,27.343971252441406
1577,15.992717742919922
1578,9.080123901367188
1579,6.7350544929504395
1580,5.379144191741943
1581,5.0039215087890625
1582,4.807621955871582
1583,4.68511962890625
1584,9.801261901855469
1585,23.029035568237305
1586,13.14639663696289
1587,7.088583946228027
1588,5.2968668937683105
1589,4.089182376861572
1590,3.7369723320007324
1591,3.591376543045044
1592,3.4889516830444336
1593,22.763835906982422
1594,13.005842208862305
1595,7.079336643218994
1596,5.302000045776367
1597,4.120685577392578
1598,3.7695255279541016
1599,3.6179206371307373
1600,3.513113498687744
1601,5.269113540649414
1602,6.535372734069824
1603,11.2916259765625
1604,9.717731475830078
1605,8.294377326965332
1606,6.976753234863281
1607,22.761762619018555
1608,12.93824577331543
1609,6.941545009613037
1610,4.928668022155762
1611,3.8560032844543457
1612,3.491999626159668
1613,3.3763222694396973
1614,3.2972843647003174
1615,10.70450496673584
1616,7.8287353515625
1617,7.237268924713135
1618,6.432611465454102
1619,17.70535659790039
1620,12.561637878417969
1621,7.07008171081543
1622,6.663100719451904
1623,2.1854381561279297
1624,23.670154571533203
1625,13.507469177246094
1626,7.454807758331299
1627,5.638350009918213
1628,4.456940650939941
1629,4.101232528686523
1630,3.9411940574645996
1631,3.869175910949707
1632,56.42327880859375
1633,33.61762619018555
1634,25.075895309448242
1635,19.537649154663086
1636,25.706758499145508
1637,5.5886054039001465
1638,2.16801381111145
1639,21.126781463623047
1640,11.841238975524902
1641,6.122430801391602
1642,4.177058219909668
1643,3.0188965797424316
1644,2.6759836673736572
1645,2.5274081230163574
1646,2.4424936771392822
1647,4.589937210083008
1648,3.776055335998535
1649,4.7389421463012695
1650,4.091732025146484
1651,4.175743103027344
1652,12.99432373046875
1653,27.69305992126465
1654,16.63089370727539
1655,9.617916107177734
1656,7.690120697021484
1657,6.234580993652344
1658,5.912487983703613
1659,5.786320209503174
1660,5.675321578979492
1661,27.27442741394043
1662,16.3448543548584
1663,9.452604293823242
1664,7.219837188720703
1665,5.723074913024902
1666,5.387075901031494
1667,5.205116271972656
1668,5.072701930999756
1669,20.727216720581055
1670,11.432321548461914
1671,63.39928436279297
1672,23.601028442382812
1673,14.185226440429688
1674,7.932136535644531
1675,5.665446758270264
1676,4.535282135009766
1677,4.1523590087890625
1678,4.050144195556641
1679,3.948009967803955
1680,3.320840358734131
1681,6.027583599090576
1682,21.946958541870117
1683,12.319742202758789
1684,6.4443535804748535
1685,4.502047061920166
1686,3.356079578399658
1687,3.0452516078948975
1688,2.9057326316833496
1689,2.8148951530456543
1690,6.900400161743164
1691,11.797834396362305
1692,7.158143043518066
1693,7.24001932144165
1694,6.656415939331055
1695,23.586261749267578
1696,13.160183906555176
1697,6.863023281097412
1698,4.7933669090271
1699,3.5056893825531006
1700,3.171161651611328
1701,3.0121328830718994
1702,2.9170546531677246
1703,23.586261749267578
1704,13.160183906555176
1705,6.863023281097412
1706,4.7933669090271
1707,3.5056893825531006
1708,3.171161651611328
1709,3.0121328830718994
1710,2.9170546531677246
1711,21.138954162597656
1712,14.305183410644531
1713,13.33932876586914
1714,11.681258201599121
1715,19.133148193359375
1716,11.40293025970459
1717,9.523548126220703
1718,7.735191345214844
1719,54.83439636230469
1720,59.310054779052734
1721,2.491381883621216
1722,24.627336502075195
1723,13.668963432312012
1724,7.08946418762207
1725,4.837013244628906
1726,3.544403076171875
1727,3.177992343902588
1728,3.0083565711975098
1729,2.9388041496276855
1730,6.809597969055176
1731,7.205404281616211
1732,5.661985397338867
1733,1.2857221364974976
1734,25.396888732910156
1735,14.472575187683105
1736,7.934554100036621
1737,5.72987699508667
1738,4.365021705627441
1739,4.074163436889648
1740,3.9756722450256348
1741,3.870971202850342
1742,26.74017333984375
1743,15.164698600769043
1744,8.269887924194336
1745,5.917656421661377
1746,4.486991882324219
1747,4.1477766036987305
1748,4.057561874389648
1749,3.9547791481018066
1750,26.297420501708984
1751,14.90610122680664
1752,8.086694717407227
1753,5.787044525146484
1754,4.366149425506592
1755,4.043748378753662
1756,3.9571382999420166
1757,3.848679542541504
1758,14.912491798400879
1759,9.45786190032959
1760,8.066987037658691
1761,5.852209091186523
1762,2.897611618041992
1763,14.894953727722168
1764,11.136009216308594
1765,6.311552047729492
1766,5.710367679595947
1767,8.116796493530273
1768,6.521346092224121
1769,6.144110679626465
1770,5.107931613922119
1771,7.9828996658325195
1772,6.2979512214660645
1773,5.569888591766357
1774,4.87983512878418
1775,15.745810508728027
1776,56.75040054321289
1777,27.823299407958984
1778,16.106494903564453
1779,9.50717544555664
1780,7.3602681159973145
1781,5.827447891235352
1782,5.4437575340271
1783,5.278944969177246
1784,5.165740966796875
1785,31.993417739868164
1786,19.643068313598633
1787,11.691987037658691
1788,9.738811492919922
1789,8.149845123291016
1790,7.665939807891846
1791,7.567069053649902
1792,7.715928554534912
1793,31.089609146118164
1794,18.619884490966797
1795,10.891605377197266
1796,9.072286605834961
1797,7.273142337799072
1798,6.71193265914917
1799,6.528364181518555
1800,6.528876304626465
1801,7.618250846862793
1802,4.955235004425049
1803,4.307340145111084
1804,3.0552921295166016
1805,3.15993332862854
1806,2.4494833946228027
1807,2.270132064819336
1808,5.3454508781433105
1809,11.128395080566406
1810,25.037784576416016
1811,25.163616180419922
1812,19.976333618164062
1813,17.65823745727539
1814,16.0851993560791
1815,27.471332550048828
1816,15.909083366394043
1817,8.98151969909668
1818,6.4944281578063965
1819,5.045370101928711
1820,4.725394248962402
1821,4.506354331970215
1822,4.408123016357422
1823,27.443845748901367
1824,15.928085327148438
1825,9.117671012878418
1826,6.62741231918335
1827,5.3494768142700195
1828,5.039145469665527
1829,4.866913318634033
1830,4.763129711151123
1831,26.600486755371094
1832,15.446396827697754
1833,8.601832389831543
1834,6.370919227600098
1835,4.960606575012207
1836,4.676804065704346
1837,4.529785633087158
1838,4.424612522125244
1839,6.933274269104004
1840,5.9684739112854
1841,22.324926376342773
1842,12.390351295471191
1843,6.458479881286621
1844,4.502693176269531
1845,3.3078136444091797
1846,2.9808237552642822
1847,2.827895164489746
1848,2.7395832538604736
1849,17.579532623291016
1850,33.61643600463867
1851,28.27869415283203
1852,10.685909271240234
1853,11.284605979919434
1854,11.951801300048828
1855,4.230560779571533
1856,4.0824151039123535
1857,3.9797158241271973
1858,3.7889482975006104
1859,26.407028198242188
1860,14.940017700195312
1861,8.227301597595215
1862,5.88246488571167
1863,4.471004962921143
1864,4.157033443450928
1865,4.055789470672607
1866,3.9296271800994873
1867,2.5778181552886963
1868,2.7174391746520996
1869,29.13791847229004
1870,7.290468215942383
1871,2.5059237480163574
1872,28.449146270751953
1873,16.30292320251465
1874,9.079910278320312
1875,6.5694499015808105
1876,5.090117454528809
1877,4.773118495941162
1878,4.681739807128906
1879,4.572181701660156
1880,19.58770751953125
1881,4.939060211181641
1882,1.6441961526870728
1883,1.2582961320877075
1884,27.154525756835938
1885,16.249103546142578
1886,9.529082298278809
1887,7.447721481323242
1888,6.195571422576904
1889,5.83588981628418
1890,5.664650917053223
1891,5.539597511291504
1892,22.505048751831055
1893,12.494754791259766
1894,6.543098449707031
1895,4.574728012084961
1896,3.3964595794677734
1897,3.077073097229004
1898,2.916844367980957
1899,2.8252294063568115
1900,26.42719268798828
1901,13.744263648986816
1902,12.058576583862305
1903,10.280858039855957
1904,29.371753692626953
1905,17.791648864746094
1906,10.611729621887207
1907,8.502473831176758
1908,7.01148796081543
1909,6.660831451416016
1910,6.47976016998291
1911,6.327690601348877
1912,22.25998878479004
1913,12.621380805969238
1914,6.739719867706299
1915,5.008259296417236
1916,3.866611957550049
1917,3.5183911323547363
1918,3.397636651992798
1919,3.2918388843536377
1920,22.736980438232422
1921,12.626594543457031
1922,6.55931282043457
1923,4.5610785484313965
1924,3.3306424617767334
1925,3.012732744216919
1926,2.86271595954895
1927,2.7680907249450684
1928,29.042768478393555
1929,17.697956085205078
1930,10.8536376953125
1931,8.559978485107422
1932,7.285105228424072
1933,6.9301862716674805
1934,6.762462615966797
1935,6.677035808563232
1936,18.59830665588379
1937,12.312204360961914
1938,7.048984050750732
1939,5.072916507720947
1940,4.073597431182861
1941,3.819517135620117
1942,3.6999692916870117
1943,3.6453371047973633
1944,18.59830665588379
1945,12.312204360961914
1946,7.048984050750732
1947,5.072916507720947
1948,4.073597431182861
1949,3.819517135620117
1950,3.6999692916870117
1951,3.6453371047973633
1952,153.12200927734375
1953,71.0285873413086
1954,47.77804946899414
1955,41.411354064941406
1956,34.727813720703125
1957,27.978290557861328
1958,17.356657028198242
1959,10.437807083129883
1960,7.454074859619141
1961,6.112581729888916
1962,5.6645002365112305
1963,5.464177131652832
1964,5.352721214294434
1965,28.182907104492188
1966,17.910676956176758
1967,11.524429321289062
1968,8.771506309509277
1969,7.5706329345703125
1970,7.112664222717285
1971,6.841392993927002
1972,6.573659420013428
1973,18.36627960205078
1974,11.318120002746582
1975,27.071388244628906
1976,15.849664688110352
1977,9.046565055847168
1978,6.895262241363525
1979,5.4445648193359375
1980,5.0667338371276855
1981,4.89272928237915
1982,4.756793975830078
1983,2.702626943588257
1984,5.948375701904297
1985,12.730081558227539
1986,10.837095260620117
1987,3.620997428894043
1988,3.411139488220215
1989,8.085539817810059
1990,6.841567039489746
1991,6.283790588378906
1992,30.57525062561035
1993,2.000566244125366
1994,14.324211120605469
1995,7.6742448806762695
1996,5.253436088562012
1997,4.758512496948242
1998,7.482120037078857
1999,32.386131286621094
2000,9.758110046386719
2001,4.57297420501709
2002,8.880127906799316
2003,26.37362289428711
2004,15.914220809936523
2005,9.230563163757324
2006,7.4671630859375
2007,6.084609508514404
2008,5.83613920211792
2009,5.683751106262207
2010,5.5962090492248535
2011,2.1759557723999023
2012,2.512152910232544
2013,10.228830337524414
2014,2.1087279319763184
2015,13.599007606506348
2016,7.890564441680908
2017,22.75222396850586
2018,12.941511154174805
2019,6.975871562957764
2020,5.002592086791992
2021,3.8254222869873047
2022,3.4810867309570312
2023,3.3510236740112305
2024,3.2833027839660645
2025,28.481416702270508
2026,16.418209075927734
2027,9.22230339050293
2028,6.648629665374756
2029,5.187113285064697
2030,4.8435378074646
2031,4.62278938293457
2032,4.489748001098633
2033,23.631736755371094
2034,13.194979667663574
2035,6.926601409912109
2036,4.8418192863464355
2037,3.5717058181762695
2038,3.2280337810516357
2039,3.0619144439697266
2040,2.9611337184906006
2041,11.197440147399902
2042,29.071752548217773
2043,6.264585494995117
2044,2.4787826538085938
2045,8.787115097045898
2046,28.5841064453125
2047,17.031383514404297
2048,9.856908798217773
2049,7.688115119934082
2050,6.149959087371826
2051,5.747849464416504
2052,5.544358253479004
2053,5.423737525939941
2054,10.938483238220215
2055,2.283425807952881
2056,2.0682201385498047
2057,2.0246405601501465
2058,1.9501303434371948
2059,4.462973117828369
2060,22.313701629638672
2061,12.54177474975586
2062,6.699589729309082
2063,4.814187526702881
2064,3.7232933044433594
2065,3.437265157699585
2066,3.2946348190307617
2067,3.217226982116699
2068,21.821382522583008
2069,12.197726249694824
2070,6.430025577545166
2071,4.446645736694336
2072,3.359549045562744
2073,3.0778579711914062
2074,2.914660692214966
2075,2.8378610610961914
2076,5.50866174697876
2077,109.24626159667969
2078,21.606582641601562
2079,12.053241729736328
2080,6.349386692047119
2081,4.360490798950195
2082,3.276158094406128
2083,2.951702833175659
2084,2.796673059463501
2085,2.724318742752075
2086,22.762550354003906
2087,12.41009521484375
2088,6.185293674468994
2089,4.046286106109619
2090,2.8066554069519043
2091,2.437575340270996
2092,2.2852015495300293
2093,2.2012593746185303
2094,9.762925148010254
2095,30.178905487060547
2096,18.148290634155273
2097,10.895008087158203
2098,8.33918571472168
2099,6.4350199699401855
2100,5.889445781707764
2101,5.620745658874512
2102,5.493893146514893
2103,3.3394298553466797
2104,8.568902015686035
2105,6.05039644241333
2106,5.324371814727783
2107,4.451661586761475
2108,22.54315948486328
2109,12.815804481506348
2110,6.750373840332031
2111,5.11426305770874
2112,3.9610507488250732
2113,3.593890428543091
2114,3.4238033294677734
2115,3.319518566131592
2116,21.80175018310547
2117,12.36426830291748
2118,6.509288787841797
2119,4.8988118171691895
2120,3.7570972442626953
2121,3.392216444015503
2122,3.2422192096710205
2123,3.1406469345092773
2124,10.797187805175781
2125,8.159006118774414
2126,7.262294769287109
2127,5.496580123901367
2128,13.628786087036133
2129,7.507106781005859
2130,5.741762638092041
2131,4.376997947692871
2132,3.7306013107299805
2133,23.410781860351562
2134,13.316781044006348
2135,7.364754676818848
2136,5.476856231689453
2137,4.300032615661621
2138,4.022019386291504
2139,3.895197629928589
2140,3.828270673751831
2141,22.912126541137695
2142,12.982751846313477
2143,7.07044792175293
2144,5.204062461853027
2145,4.08053731918335
2146,3.81538987159729
2147,3.6790759563446045
2148,3.614048957824707
2149,22.576017379760742
2150,12.68936538696289
2151,6.712889671325684
2152,4.88054084777832
2153,3.8088667392730713
2154,3.53007173538208
2155,3.410226583480835
2156,3.3373310565948486
2157,22.39059829711914
2158,12.609609603881836
2159,6.727727890014648
2160,4.841233730316162
2161,3.770676612854004
2162,3.477753162384033
2163,3.351367712020874
2164,3.2723124027252197
2165,23.96479034423828
2166,13.713512420654297
2167,7.628599166870117
2168,5.746971130371094
2169,4.466537952423096
2170,4.14801549911499
2171,4.018518447875977
2172,3.9556071758270264
2173,27.15277671813965
2174,15.368736267089844
2175,8.365729331970215
2176,6.02933931350708
2177,4.7313995361328125
2178,4.447134017944336
2179,4.255558490753174
2180,4.164868354797363
2181,31.114032745361328
2182,18.66939353942871
2183,12.196419715881348
2184,8.88162612915039
2185,5.8374738693237305
2186,5.048624038696289
2187,4.8483147621154785
2188,4.71940803527832
2189,78.52919006347656
2190,28.87340545654297
2191,16.047710418701172
2192,8.947930335998535
2193,7.431999683380127
2194,5.302628993988037
2195,4.778246879577637
2196,4.431432247161865
2197,4.304170608520508
2198,22.11555290222168
2199,12.583361625671387
2200,6.7975077629089355
2201,5.0356268882751465
2202,3.930388927459717
2203,3.563812255859375
2204,3.4245765209198
2205,3.2940306663513184
2206,22.051067352294922
2207,12.439312934875488
2208,6.602992057800293
2209,4.702974796295166
2210,3.531883716583252
2211,3.179715633392334
2212,3.0588135719299316
2213,2.9551329612731934
2214,14.197266578674316
2215,22.315250396728516
2216,12.550125122070312
2217,6.645603179931641
2218,4.691784858703613
2219,3.5499963760375977
2220,3.2180044651031494
2221,3.0900797843933105
2222,2.9940147399902344
2223,21.630231857299805
2224,12.089181900024414
2225,6.280980587005615
2226,4.352869033813477
2227,3.2762796878814697
2228,2.9763026237487793
2229,2.809314012527466
2230,2.6928253173828125
2231,28.748628616333008
2232,5.693766117095947
2233,1.8353009223937988
2234,22.81920623779297
2235,12.548324584960938
2236,6.822802543640137
2237,4.580182075500488
2238,3.347198247909546
2239,3.0669710636138916
2240,2.9603209495544434
2241,2.891852617263794
2242,7.844814300537109
2243,8.845093727111816
2244,234.87362670898438
2245,13.655937194824219
2246,11.827295303344727
2247,9.953581809997559
2248,9.08205795288086
2249,27.69322395324707
2250,21.29612159729004
2251,16.0980281829834
2252,11.569913864135742
2253,26.014026641845703
2254,15.072673797607422
2255,8.601576805114746
2256,6.3015570640563965
2257,4.946030616760254
2258,4.626749515533447
2259,4.410390853881836
2260,4.34927225112915
2261,29.63291358947754
2262,18.726333618164062
2263,11.757549285888672
2264,9.594865798950195
2265,8.096765518188477
2266,7.681429862976074
2267,7.603330135345459
2268,7.485105991363525
2269,5.192724227905273
2270,3.9411191940307617
2271,3.7864158153533936
2272,3.786139726638794
2273,21.84626007080078
2274,12.225905418395996
2275,6.473272323608398
2276,4.485105991363525
2277,3.369765043258667
2278,3.057988166809082
2279,2.8971688747406006
2280,2.823302745819092
2281,7.870613098144531
2282,8.587440490722656
2283,35.79686737060547
2284,12.02804946899414
2285,6.235409736633301
2286,12.30551815032959
2287,6.944880962371826
2288,5.528339385986328
2289,4.9032301902771
2290,4.134551048278809
2291,69.55266571044922
2292,6.0012288093566895
2293,20.767425537109375
2294,11.7164306640625
2295,6.549927711486816
2296,4.523590087890625
2297,3.2042319774627686
2298,2.9239001274108887
2299,2.7791242599487305
2300,2.6991970539093018
2301,14.501443862915039
2302,15.83734130859375
2303,15.049239158630371
2304,22.697265625
2305,12.807998657226562
2306,6.909778594970703
2307,5.052670955657959
2308,3.954023838043213
2309,3.6561310291290283
2310,3.52600359916687
2311,3.465630531311035
2312,22.42616081237793
2313,12.661977767944336
2314,6.828243255615234
2315,4.9892964363098145
2316,3.896111011505127
2317,3.603632688522339
2318,3.473288059234619
2319,3.406264066696167
2320,21.262563705444336
2321,11.865697860717773
2322,6.203361511230469
2323,4.226883888244629
2324,3.127474069595337
2325,2.82261061668396
2326,2.667832374572754
2327,2.588265895843506
2328,21.560548782348633
2329,11.938972473144531
2330,6.135678291320801
2331,4.194355010986328
2332,3.0452167987823486
2333,2.7280027866363525
2334,2.58357834815979
2335,2.4739880561828613
2336,5.275368690490723
2337,4.400335788726807
2338,4.572625160217285
2339,8.853960037231445
2340,7.27561092376709
2341,6.717340469360352
2342,5.729504585266113
2343,23.00518226623535
2344,23.887853622436523
2345,13.44464111328125
2346,7.201231002807617
2347,4.849874019622803
2348,3.973487138748169
2349,3.6085572242736816
2350,3.489211320877075
2351,3.4101836681365967
2352,22.457046508789062
2353,12.662785530090332
2354,6.793759346008301
2355,4.8858184814453125
2356,3.7769641876220703
2357,3.485055685043335
2358,3.3505663871765137
2359,3.2637627124786377
2360,21.776744842529297
2361,12.176345825195312
2362,6.408031463623047
2363,4.429927349090576
2364,3.345388889312744
2365,3.0447144508361816
2366,2.878589630126953
2367,2.8018527030944824
2368,21.492170333862305
2369,11.934649467468262
2370,6.240291118621826
2371,4.2503509521484375
2372,3.1698949337005615
2373,2.850038766860962
2374,2.6912076473236084
2375,2.617896795272827
2376,10.182516098022461
2377,44.477928161621094
2378,29.494728088378906
2379,17.42206382751465
2380,10.001169204711914
2381,7.52800989151001
2382,6.130731105804443
2383,5.750004768371582
2384,5.5676116943359375
2385,5.509761333465576
2386,26.121065139770508
2387,15.411855697631836
2388,9.015739440917969
2389,7.137835502624512
2390,5.824285984039307
2391,5.528367519378662
2392,5.379350185394287
2393,5.275280952453613
2394,28.623533248901367
2395,17.17618751525879
2396,10.013055801391602
2397,7.793707370758057
2398,6.378670692443848
2399,6.019728660583496
2400,5.843493938446045
2401,5.781317234039307
2402,28.647106170654297
2403,17.313213348388672
2404,10.13693618774414
2405,7.862746715545654
2406,6.416374206542969
2407,6.0588860511779785
2408,5.8711090087890625
2409,5.80001163482666
2410,25.20702362060547
2411,14.21871566772461
2412,7.690996170043945
2413,5.540483474731445
2414,4.14665412902832
2415,3.868621587753296
2416,6.514547348022461
2417,4.9899139404296875
2418,4.979345321655273
2419,4.606486797332764
2420,4.374489784240723
2421,179.51683044433594
2422,102.16234588623047
2423,79.11084747314453
2424,63.6619758605957
2425,48.14669418334961
2426,22.238872528076172
2427,12.932165145874023
2428,7.376008033752441
2429,5.283360004425049
2430,4.109042644500732
2431,3.713773727416992
2432,3.6012847423553467
2433,3.4799790382385254
2434,28.322834014892578
2435,16.914810180664062
2436,9.75901985168457
2437,7.563591957092285
2438,6.128827095031738
2439,5.75838041305542
2440,5.5871806144714355
2441,5.464046478271484
2442,4.518011569976807
2443,27.751815795898438
2444,19.139907836914062
2445,11.650420188903809
2446,8.950936317443848
2447,7.353816032409668
2448,6.8971171379089355
2449,6.591711044311523
2450,6.556314468383789
2451,93.4222640991211
2452,11.013982772827148
2453,11.059345245361328
2454,6.987000942230225
2455,29.68643569946289
2456,1.4867626428604126
2457,84.917236328125
2458,54.84442901611328
2459,45.17439270019531
2460,31.141056060791016
2461,3.71561336517334
2462,25.469682693481445
2463,8.673118591308594
2464,5.511919021606445
2465,3.689723491668701
2466,3.3929033279418945
2467,3.12884259223938
2468,5.387660980224609
2469,6.043325901031494
2470,5.485138416290283
2471,36.28329086303711
2472,22.317922592163086
2473,12.631797790527344
2474,6.851754188537598
2475,4.9879469871521
2476,3.750553846359253
2477,3.476099967956543
2478,3.313495397567749
2479,3.239175319671631
2480,21.956384658813477
2481,12.362686157226562
2482,6.58111572265625
2483,4.645167350769043
2484,3.520188570022583
2485,3.2474818229675293
2486,3.1074600219726562
2487,3.0290541648864746
2488,22.60274314880371
2489,12.770627975463867
2490,6.998812198638916
2491,5.090099811553955
2492,3.8746376037597656
2493,3.6005191802978516
2494,3.4671146869659424
2495,3.389866828918457
2496,21.4257869720459
2497,11.882006645202637
2498,6.206608772277832
2499,4.218037128448486
2500,3.1084487438201904
2501,2.794043779373169
2502,2.6374762058258057
2503,2.5584771633148193
2504,69.40568542480469
2505,32.94902038574219
2506,21.0828914642334
2507,15.0049467086792
2508,12.522007942199707
2509,23.031455993652344
2510,13.089491844177246
2511,7.287248611450195
2512,5.426919460296631
2513,4.229877471923828
2514,3.9500536918640137
2515,3.8249292373657227
2516,3.7660577297210693
2517,21.505460739135742
2518,11.983081817626953
2519,6.273796081542969
2520,4.279801368713379
2521,3.2144460678100586
2522,2.8957767486572266
2523,2.7321856021881104
2524,2.6583640575408936
2525,21.97599220275879
2526,12.361682891845703
2527,6.692922592163086
2528,4.692079544067383
2529,3.520490884780884
2530,3.228470802307129
2531,3.0774521827697754
2532,3.010237693786621
2533,28.872961044311523
2534,17.158523559570312
2535,10.024409294128418
2536,7.839578151702881
2537,6.293740272521973
2538,5.917840957641602
2539,5.756100177764893
2540,5.668086528778076
2541,28.583515167236328
2542,16.91039276123047
2543,9.939615249633789
2544,7.524562358856201
2545,6.044178485870361
2546,5.704329490661621
2547,5.5284504890441895
2548,5.439162731170654
2549,4.585908889770508
2550,19.06928062438965
2551,10.788703918457031
2552,5.545290470123291
2553,3.5918922424316406
2554,2.4901905059814453
2555,2.241208791732788
2556,2.137347459793091
2557,2.0887937545776367
2558,15.030387878417969
2559,8.959370613098145
2560,7.53687858581543
2561,5.644510746002197
2562,5.143711090087891
2563,3.9315147399902344
2564,12.361584663391113
2565,7.3037896156311035
2566,5.447567462921143
2567,5.045796871185303
2568,3.845930337905884
2569,3.9638724327087402
2570,10.900629997253418
2571,8.391731262207031
2572,7.57288932800293
2573,6.863016605377197
2574,10.407970428466797
2575,8.082728385925293
2576,7.33246374130249
2577,6.607728004455566
2578,9.286857604980469
2579,15.402466773986816
2580,36.911231994628906
2581,21.094379425048828
2582,13.990615844726562
2583,13.17239761352539
2584,12.317851066589355
2585,3.5186026096343994
2586,9.07872486114502
2587,6.141189098358154
2588,69.70912170410156
2589,34.263893127441406
2590,23.734722137451172
2591,21.011476516723633
2592,16.48171043395996
2593,24.035661697387695
2594,12.959936141967773
2595,6.7346343994140625
2596,4.604081630706787
2597,3.3875770568847656
2598,3.1057658195495605
2599,2.9789156913757324
2600,2.885974645614624
2601,22.157100677490234
2602,12.326434135437012
2603,6.461796760559082
2604,4.534674644470215
2605,3.375397205352783
2606,3.071148157119751
2607,2.9054059982299805
2608,2.8091187477111816
2609,22.208269119262695
2610,12.465697288513184
2611,6.562483310699463
2612,4.62841796875
2613,3.461031436920166
2614,3.1464695930480957
2615,2.9793341159820557
2616,2.8906219005584717
2617,22.122079849243164
2618,12.436899185180664
2619,6.556596755981445
2620,4.616602420806885
2621,3.4525952339172363
2622,3.1449718475341797
2623,2.9962573051452637
2624,2.903494119644165
2625,23.9283390045166
2626,13.391904830932617
2627,7.019914150238037
2628,4.914818286895752
2629,3.6564018726348877
2630,3.2965338230133057
2631,3.126052141189575
2632,3.0601251125335693
2633,23.99279022216797
2634,13.398923873901367
2635,7.034088611602783
2636,4.89411735534668
2637,3.6255693435668945
2638,3.2714972496032715
2639,3.1071197986602783
2640,3.039445400238037
2641,26.403194427490234
2642,17.21392822265625
2643,13.163156509399414
2644,11.807735443115234
2645,21.407352447509766
2646,6.065441608428955
2647,21.5587215423584
2648,11.879995346069336
2649,6.111903190612793
2650,4.20919942855835
2651,3.070188283920288
2652,2.7615811824798584
2653,2.6164474487304688
2654,2.5181150436401367
2655,7.33036994934082
2656,17.387163162231445
2657,13.211907386779785
2658,14.517972946166992
2659,9.598152160644531
2660,2.0044422149658203
2661,2.1115286350250244
2662,22.394886016845703
2663,13.056339263916016
2664,7.028110027313232
2665,5.256340980529785
2666,4.110012531280518
2667,3.8342370986938477
2668,3.7004332542419434
2669,22.146760940551758
2670,12.426910400390625
2671,6.3171491622924805
2672,4.3158860206604
2673,3.067587375640869
2674,2.7123863697052
2675,2.567326545715332
2676,2.5344717502593994
2677,10.288553237915039
2678,28.169010162353516
2679,16.50238037109375
2680,9.532726287841797
2681,7.099034786224365
2682,5.731235504150391
2683,5.384032249450684
2684,5.201790809631348
2685,5.089127540588379
2686,24.314590454101562
2687,26.67782211303711
2688,15.13428020477295
2689,8.079092025756836
2690,5.655744552612305
2691,4.237123966217041
2692,3.8696765899658203
2693,3.7672760486602783
2694,3.690176010131836
2695,27.69747543334961
2696,16.253801345825195
2697,9.435500144958496
2698,7.227475643157959
2699,5.809038162231445
2700,5.575492858886719
2701,5.459383964538574
2702,5.349323272705078
2703,30.354713439941406
2704,6.530591011047363
2705,1.4356268644332886
2706,2.6931402683258057
2707,9.823221206665039
2708,3.4884369373321533
2709,36.00863265991211
2710,20.25670623779297
2711,11.180946350097656
2712,7.825525283813477
2713,5.719228267669678
2714,5.019202709197998
2715,21.4990291595459
2716,11.684615135192871
2717,6.18921422958374
2718,4.046245574951172
2719,2.963555097579956
2720,2.6646032333374023
2721,2.565861701965332
2722,2.5109004974365234
2723,2.5166397094726562
2724,15.767593383789062
2725,7.612856864929199
2726,6.895033836364746
2727,5.595401763916016
2728,4.490193843841553
2729,7.012497425079346
2730,2.08544659614563
2731,3.6023929119110107
2732,6.119791507720947
2733,5.909885406494141
2734,5.1603593826293945
2735,20.793956756591797
2736,11.448968887329102
2737,5.800942897796631
2738,3.846057415008545
2739,2.6824989318847656
2740,2.341869831085205
2741,2.196366786956787
2742,2.1312530040740967
2743,12.71615219116211
2744,9.672615051269531
2745,8.967987060546875
2746,6.543939113616943
2747,8.351244926452637
2748,5.47792911529541
2749,2.2542343139648438
2750,3.149531126022339
2751,7.285576820373535
2752,22.704313278198242
2753,12.642065048217773
2754,6.651397228240967
2755,4.6836838722229
2756,3.5409467220306396
2757,3.2260444164276123
2758,3.056900978088379
2759,2.961884021759033
2760,22.85008430480957
2761,12.90843677520752
2762,6.870212554931641
2763,4.881186485290527
2764,3.7074873447418213
2765,3.3854808807373047
2766,3.2508950233459473
2767,3.1631476879119873
2768,25.691051483154297
2769,12.989998817443848
2770,11.510140419006348
2771,9.59550666809082
2772,22.181007385253906
2773,12.463546752929688
2774,6.5832343101501465
2775,4.633410930633545
2776,3.4672622680664062
2777,3.1486656665802
2778,3.005089521408081
2779,2.915745735168457
2780,32.92259979248047
2781,21.36602783203125
2782,14.433542251586914
2783,11.976980209350586
2784,10.985278129577637
2785,10.529027938842773
2786,10.185266494750977
2787,10.018088340759277
2788,22.28761100769043
2789,12.491645812988281
2790,6.550266742706299
2791,4.578054904937744
2792,3.4360744953155518
2793,3.1368865966796875
2794,2.9696338176727295
2795,2.8751235008239746
2796,31.56706428527832
2797,22.190935134887695
2798,12.509429931640625
2799,6.761507987976074
2800,4.866242408752441
2801,3.658296823501587
2802,3.3926126956939697
2803,3.249319553375244
2804,3.17914080619812
2805,22.475566864013672
2806,12.716367721557617
2807,6.89555549621582
2808,5.1139235496521
2809,3.8092429637908936
2810,3.539641857147217
2811,3.3781864643096924
2812,3.2989954948425293
2813,22.49813461303711
2814,12.49090576171875
2815,6.5368428230285645
2816,4.566495895385742
2817,3.38413667678833
2818,3.064145088195801
2819,2.9042270183563232
2820,2.824449062347412
2821,18.586101531982422
2822,18.250484466552734
2823,20.3482723236084
2824,11.442482948303223
2825,5.710148811340332
2826,3.7916195392608643
2827,2.6984424591064453
2828,2.35783314704895
2829,2.221792221069336
2830,2.1595892906188965
2831,22.976673126220703
2832,12.822200775146484
2833,6.710374355316162
2834,4.683066368103027
2835,3.470672845840454
2836,3.1557767391204834
2837,3.000208854675293
2838,2.9194202423095703
2839,21.954679489135742
2840,12.379156112670898
2841,6.63808536529541
2842,4.7470245361328125
2843,3.5557966232299805
2844,3.2068376541137695
2845,3.0631937980651855
2846,2.9650180339813232
2847,22.72939682006836
2848,12.661442756652832
2849,6.617073059082031
2850,4.637099266052246
2851,3.450019359588623
2852,3.130504608154297
2853,2.9692187309265137
2854,2.881366491317749
2855,13.191929817199707
2856,11.550718307495117
2857,8.635374069213867
2858,8.47352409362793
2859,8.064258575439453
2860,6.475393295288086
2861,5.204830169677734
2862,4.51938009262085
2863,3.9397659301757812
2864,11.2467041015625
2865,7.37780237197876
2866,5.074715614318848
2867,4.354752540588379
2868,3.288163185119629
2869,3.068297863006592
2870,2.482466697692871
2871,28.4522705078125
2872,6.545813083648682
2873,2.6542301177978516
2874,28.338985443115234
2875,6.397757530212402
2876,2.7160558700561523
2877,2.905360221862793
2878,17.267799377441406
2879,37.08213806152344
2880,6.143224716186523
2881,29.209413528442383
2882,17.681339263916016
2883,11.479969024658203
2884,8.95505142211914
2885,6.93713903427124
2886,6.45855188369751
2887,6.132110595703125
2888,5.939397811889648
2889,32.614479064941406
2890,20.763731002807617
2891,13.189708709716797
2892,10.755144119262695
2893,9.107601165771484
2894,8.600859642028809
2895,8.52802562713623
2896,8.597675323486328
2897,22.388038635253906
2898,12.491791725158691
2899,6.51448917388916
2900,4.4881181716918945
2901,3.2587978839874268
2902,2.951287269592285
2903,2.8013153076171875
2904,2.7620415687561035
2905,25.610055923461914
2906,14.50415325164795
2907,7.712852954864502
2908,5.4880146980285645
2909,4.070366859436035
2910,3.7388694286346436
2911,3.570870876312256
2912,3.5270819664001465
2913,26.507675170898438
2914,15.042920112609863
2915,7.995476245880127
2916,5.711497783660889
2917,4.270832538604736
2918,3.9306013584136963
2919,3.7564520835876465
2920,3.7126388549804688
2921,87.21205139160156
2922,58.96884536743164
2923,45.24168395996094
2924,74.4666519165039
2925,37.0550422668457
2926,17.737308502197266
2927,6.770101070404053
2928,5.666586875915527
2929,4.604777812957764
2930,4.110439300537109
2931,20.81952667236328
2932,12.065162658691406
2933,7.429211616516113
2934,6.418227195739746
2935,5.145375728607178
2936,95.05087280273438
2937,67.8671646118164
2938,59.40126419067383
2939,48.15471649169922
2940,16.70829963684082
2941,38.77146911621094
2942,19.487390518188477
2943,15.159294128417969
2944,35.370361328125
2945,3.335101842880249
2946,6.988438129425049
2947,20.662256240844727
2948,16.464059829711914
2949,13.463623046875
2950,11.011420249938965
2951,9.90703010559082
2952,26.879718780517578
2953,19.007083892822266
2954,34.54499816894531
2955,103.89131927490234
2956,9.118143081665039
2957,26.019115447998047
2958,856.8741455078125
2959,11.7920560836792
2960,10.50285530090332
2961,9.190671920776367
2962,26.11760711669922
2963,15.611852645874023
2964,9.016690254211426
2965,7.150735855102539
2966,5.775819778442383
2967,5.5094780921936035
2968,5.356543064117432
2969,5.2673797607421875
2970,112.59690856933594
2971,128.4529571533203
2972,20.387535095214844
2973,12.91015625
2974,10.298576354980469
2975,7.411777973175049
2976,6.480443477630615
2977,2.9051175117492676
2978,4.6936445236206055
2979,6.422732353210449
2980,11.396563529968262
2981,23.484262466430664
2982,12.810585021972656
2983,6.898336887359619
2984,4.7439069747924805
2985,3.5003371238708496
2986,3.2213997840881348
2987,3.1213552951812744
2988,3.0333917140960693
2989,26.7260684967041
2990,15.158064842224121
2991,8.170462608337402
2992,5.752798557281494
2993,4.297093391418457
2994,3.963202714920044
2995,3.8677942752838135
2996,3.794020652770996
2997,24.261795043945312
2998,13.786616325378418
2999,7.468444347381592
3000,5.4050822257995605
3001,4.095387935638428
3002,3.7133116722106934
3003,3.5826542377471924
3004,3.485701084136963
3005,27.4946231842041
3006,16.612613677978516
3007,9.742566108703613
3008,7.547502040863037
3009,6.067780494689941
3010,5.6937336921691895
3011,5.525029182434082
3012,5.433043003082275
3013,24.73801040649414
3014,14.018237113952637
3015,7.854095458984375
3016,6.011541366577148
3017,4.731226444244385
3018,4.359783172607422
3019,4.203529357910156
3020,25.47372055053711
3021,14.44594955444336
3022,8.102907180786133
3023,6.2093095779418945
3024,4.908788204193115
3025,4.518898010253906
3026,4.357211112976074
3027,12.811031341552734
3028,140.55003356933594
3029,84.01268005371094
3030,68.36337280273438
3031,46.0528450012207
3032,38.44010925292969
3033,33.52974319458008
3034,10.678980827331543
3035,70.73888397216797
3036,66.47614288330078
3037,57.450008392333984
3038,46.914878845214844
3039,16.676769256591797
3040,9.558513641357422
3041,4.974985122680664
3042,3.2190568447113037
3043,2.252960443496704
3044,2.071227550506592
3045,2.006239175796509
3046,19.97566032409668
3047,10.938497543334961
3048,5.766345500946045
3049,3.631457567214966
3050,2.4620442390441895
3051,2.155358076095581
3052,2.014025926589966
3053,1.935703158378601
3054,35.34381103515625
3055,10.174524307250977
3056,28.812480926513672
3057,16.84904670715332
3058,9.957521438598633
3059,7.931400299072266
3060,6.693180084228516
3061,6.4374189376831055
3062,6.32301139831543
3063,6.192796230316162
3064,10.037912368774414
3065,2.5678555965423584
3066,2.5625345706939697
3067,2.303245782852173
3068,2.1046557426452637
3069,21.185203552246094
3070,11.70423698425293
3071,6.042508125305176
3072,4.059595584869385
3073,2.9666881561279297
3074,2.6424477100372314
3075,2.477956771850586
3076,2.4062798023223877
3077,15.599885940551758
3078,19.855560302734375
3079,10.851739883422852
3080,5.705895900726318
3081,3.5870418548583984
3082,2.4106485843658447
3083,2.109976291656494
3084,1.9687591791152954
3085,1.8932973146438599
3086,20.727705001831055
3087,11.683910369873047
3088,6.616246700286865
3089,4.54148530960083
3090,3.2168524265289307
3091,2.941633701324463
3092,2.798140525817871
3093,2.7154715061187744
3094,11.929954528808594
3095,29.50981903076172
3096,17.04104995727539
3097,9.433502197265625
3098,7.250126361846924
3099,5.880645751953125
3100,5.524362564086914
3101,5.455692768096924
3102,5.369082450866699
3103,10.079625129699707
3104,10.339914321899414
3105,19.860429763793945
3106,11.366450309753418
3107,5.2920684814453125
3108,3.416487455368042
3109,2.3291409015655518
3110,2.1504087448120117
3111,2.069971799850464
3112,24.785551071166992
3113,24.077857971191406
3114,13.449909210205078
3115,7.085431098937988
3116,4.975326061248779
3117,3.679781913757324
3118,3.3473384380340576
3119,3.1894121170043945
3120,3.1019606590270996
3121,21.664731979370117
3122,12.243324279785156
3123,6.576572418212891
3124,4.676790237426758
3125,3.490379810333252
3126,3.1577999591827393
3127,3.0148699283599854
3128,2.9077672958374023
3129,23.96463394165039
3130,13.395018577575684
3131,6.9790825843811035
3132,4.862723350524902
3133,3.558187961578369
3134,3.22395920753479
3135,3.06257963180542
3136,2.972823143005371
3137,22.419105529785156
3138,12.487709045410156
3139,6.536076545715332
3140,4.580198764801025
3141,3.4116692543029785
3142,3.0811855792999268
3143,2.917795419692993
3144,2.823424816131592
3145,27.557369232177734
3146,16.62116241455078
3147,9.854255676269531
3148,7.629837512969971
3149,6.213706970214844
3150,5.874419689178467
3151,5.710075855255127
3152,5.598724842071533
3153,16.511646270751953
3154,22.619359970092773
3155,12.780473709106445
3156,6.771902084350586
3157,4.811661243438721
3158,3.627190351486206
3159,3.283905506134033
3160,3.1592600345611572
3161,3.0751750469207764
3162,2.258777618408203
3163,5.6314873695373535
3164,12.762667655944824
3165,8.991029739379883
3166,52.565025329589844
3167,23.421072006225586
3168,13.330009460449219
3169,7.37460994720459
3170,5.48454475402832
3171,4.326803207397461
3172,4.065537929534912
3173,3.9450714588165283
3174,3.875546932220459
3175,22.805709838867188
3176,13.034097671508789
3177,7.202375411987305
3178,5.429226875305176
3179,4.169310092926025
3180,3.884373664855957
3181,3.7322986125946045
3182,3.6545941829681396
3183,23.31276512145996
3184,14.026444435119629
3185,7.849470615386963
3186,6.058027267456055
3187,4.853092193603516
3188,4.48238468170166
3189,4.33144998550415
3190,4.230648040771484
3191,7.663081169128418
3192,4.45413875579834
3193,7.645186424255371
3194,2.5950982570648193
3195,2.4148826599121094
3196,2.619442939758301
3197,23.298484802246094
3198,13.2518892288208
3199,7.304089546203613
3200,5.3374409675598145
3201,4.2010321617126465
3202,3.871691942214966
3203,3.7392637729644775
3204,3.649369239807129
3205,21.696138381958008
3206,12.16273021697998
3207,6.399574279785156
3208,4.482938766479492
3209,3.3546087741851807
3210,3.020432472229004
3211,2.904356002807617
3212,2.8051881790161133
3213,22.899076461791992
3214,12.09677791595459
3215,8.89590072631836
3216,7.666110515594482
3217,6.6934332847595215
3218,47.4919319152832
3219,20.780839920043945
3220,12.927638053894043
3221,21.696138381958008
3222,12.16273021697998
3223,6.399574279785156
3224,4.482938766479492
3225,3.3546087741851807
3226,3.020432472229004
3227,2.904356002807617
3228,2.8051881790161133
3229,8.524226188659668
3230,16.758678436279297
3231,7.1044816970825195
3232,93.47958374023438
3233,5.667285919189453
3234,4.593081474304199
3235,4.3706841468811035
3236,3.8850655555725098
3237,24.401168823242188
3238,14.07974910736084
3239,7.976924419403076
3240,6.390006065368652
3241,5.260080337524414
3242,4.937544345855713
3243,4.777544021606445
3244,4.707188606262207
3245,24.407508850097656
3246,14.086288452148438
3247,7.980215072631836
3248,6.392024517059326
3249,5.269111156463623
3250,4.946073532104492
3251,4.795897960662842
3252,4.725296974182129
3253,26.2559871673584
3254,15.516079902648926
3255,8.994338035583496
3256,7.360935688018799
3257,6.238320350646973
3258,5.858910083770752
3259,5.746713638305664
3260,5.639811992645264
3261,4.557950019836426
3262,22.037864685058594
3263,12.377718925476074
3264,6.484195709228516
3265,4.555261135101318
3266,3.4243688583374023
3267,3.122798204421997
3268,2.9559524059295654
3269,2.869265556335449
3270,32.01817321777344
3271,19.724958419799805
3272,12.465964317321777
3273,10.076845169067383
3274,8.527536392211914
3275,8.072076797485352
3276,7.809651851654053
3277,7.76767110824585
3278,8.651061058044434
3279,12.378626823425293
3280,9.068811416625977
3281,7.734579563140869
3282,7.225345134735107
3283,35.30699157714844
3284,21.52044677734375
3285,13.712158203125
3286,11.77785873413086
3287,9.779585838317871
3288,9.30280590057373
3289,9.220252990722656
3290,9.243892669677734
3291,3.0131208896636963
3292,109.58815002441406
3293,109.71587371826172
3294,111.24258422851562
3295,113.24999237060547
3296,73.58699035644531
3297,44.83256149291992
3298,35.30278778076172
3299,29.611377716064453
3300,23.30744743347168
3301,25.413022994995117
3302,7.757915019989014
3303,6.7843804359436035
3304,393.6351318359375
3305,248.818603515625
3306,175.50340270996094
3307,140.6915283203125
3308,104.96484375
3309,3.450063943862915
3310,22.409379959106445
3311,12.35627555847168
3312,6.696509838104248
3313,4.515377998352051
3314,3.168431282043457
3315,2.858830451965332
3316,2.76973032951355
3317,2.7181246280670166
3318,12.512368202209473
3319,7.105224609375
3320,5.78495454788208
3321,4.087103366851807
3322,3.5465829372406006
3323,2.548794746398926
3324,12.183969497680664
3325,5.648375511169434
3326,3.9673616886138916
3327,3.447971820831299
3328,2.5624518394470215
3329,13.642122268676758
3330,11.676874160766602
3331,10.284976959228516
3332,8.578485488891602
3333,113.93822479248047
3334,12.245352745056152
3335,10.271238327026367
3336,9.031644821166992
3337,25.256196975708008
3338,14.68992805480957
3339,8.2888822555542
3340,6.498520851135254
3341,5.342193603515625
3342,5.013164520263672
3343,4.901475429534912
3344,4.8469648361206055
3345,24.513038635253906
3346,6.329477310180664
3347,2.5399134159088135
3348,3.6022887229919434
3349,7.715281963348389
3350,9.644787788391113
3351,8.535689353942871
3352,7.83167839050293
3353,7.339829444885254
3354,8.860566139221191
3355,7.921935081481934
3356,23.8468017578125
3357,13.44676399230957
3358,7.159859657287598
3359,5.081640720367432
3360,3.841951608657837
3361,3.513120174407959
3362,3.3520045280456543
3363,3.2557408809661865
3364,28.7805118560791
3365,5.435028076171875
3366,1.5723565816879272
3367,34.499568939208984
3368,24.420307159423828
3369,25.975971221923828
3370,16.55792999267578
3371,15.43252944946289
3372,11.506718635559082
3373,9.915143966674805
3374,6.0000691413879395
3375,15.574344635009766
3376,22.84120750427246
3377,26.00741195678711
3378,15.842127799987793
3379,10.212151527404785
3380,7.84938907623291
3381,6.346721172332764
3382,6.085173606872559
3383,5.977677345275879
3384,5.874266624450684
3385,29.352397918701172
3386,17.47882843017578
3387,10.652573585510254
3388,8.3034086227417
3389,6.7307024002075195
3390,6.392706394195557
3391,6.210692405700684
3392,6.140638828277588
3393,30.93472671508789
3394,18.659046173095703
3395,11.332887649536133
3396,9.037361145019531
3397,7.6790947914123535
3398,7.364409923553467
3399,7.230587005615234
3400,7.133242607116699
3401,29.258928298950195
3402,17.343276977539062
3403,10.620218276977539
3404,8.050541877746582
3405,6.567202568054199
3406,6.251163482666016
3407,6.098657131195068
3408,6.038133144378662
3409,31.493309020996094
3410,19.000703811645508
3411,11.604451179504395
3412,9.60336685180664
3413,7.759950160980225
3414,7.37222146987915
3415,7.1837053298950195
3416,7.0716633796691895
3417,18.348861694335938
3418,9.500959396362305
3419,12.985462188720703
3420,11.132356643676758
3421,25.028173446655273
3422,16.651973724365234
3423,10.710345268249512
3424,8.079103469848633
3425,6.508723258972168
3426,5.893887042999268
3427,5.767856121063232
3428,5.608035087585449
3429,31.3911075592041
3430,22.184911727905273
3431,19.538734436035156
3432,14.43796443939209
3433,14.601235389709473
3434,21.715593338012695
3435,12.157238006591797
3436,6.398657321929932
3437,4.416280746459961
3438,3.2819395065307617
3439,2.986069440841675
3440,2.8260624408721924
3441,2.748013496398926
3442,13.596866607666016
3443,7.94259786605835
3444,17.124969482421875
3445,10.170042037963867
3446,4.660101413726807
3447,2.9693448543548584
3448,2.0103774070739746
3449,1.7015728950500488
3450,1.5685710906982422
3451,1.5083270072937012
3452,27.80262565612793
3453,17.68638801574707
3454,10.733389854431152
3455,8.664770126342773
3456,7.26678991317749
3457,6.808849811553955
3458,6.573945999145508
3459,6.497354507446289
3460,27.643362045288086
3461,17.667144775390625
3462,10.639917373657227
3463,8.480472564697266
3464,7.107562065124512
3465,6.629115581512451
3466,6.395575523376465
3467,6.307305812835693
3468,5.429188251495361
3469,22.636064529418945
3470,12.795439720153809
3471,6.897295951843262
3472,5.042843341827393
3473,3.961036205291748
3474,3.6734392642974854
3475,3.5515835285186768
3476,3.4806270599365234
3477,22.423551559448242
3478,12.629620552062988
3479,6.756043434143066
3480,4.901578426361084
3481,3.8313369750976562
3482,3.536998748779297
3483,3.403074264526367
3484,3.331083297729492
3485,23.01866340637207
3486,13.065851211547852
3487,7.179159164428711
3488,5.34764289855957
3489,4.169116973876953
3490,3.883423089981079
3491,3.7528562545776367
3492,3.6875457763671875
3493,21.520090103149414
3494,12.017350196838379
3495,6.306376934051514
3496,4.328289031982422
3497,3.246718645095825
3498,2.9407706260681152
3499,2.77957820892334
3500,2.7046074867248535
3501,22.20073699951172
3502,12.508512496948242
3503,6.710446357727051
3504,4.873063087463379
3505,3.684211254119873
3506,3.413984775543213
3507,3.273669481277466
3508,3.1934149265289307
3509,19.9912166595459
3510,10.822629928588867
3511,5.237095355987549
3512,3.299757480621338
3513,2.198509454727173
3514,1.8461869955062866
3515,1.7192240953445435
3516,1.648887038230896
3517,21.841798782348633
3518,12.127801895141602
3519,6.398085594177246
3520,4.394161701202393
3521,3.3059682846069336
3522,2.9917943477630615
3523,2.843510866165161
3524,2.769304037094116
3525,21.126731872558594
3526,11.716950416564941
3527,6.03726863861084
3528,4.062633991241455
3529,2.9454188346862793
3530,2.6044347286224365
3531,2.458059787750244
3532,2.3945374488830566
3533,22.1499080657959
3534,12.533087730407715
3535,6.746299743652344
3536,4.769320011138916
3537,3.6325199604034424
3538,3.3341169357299805
3539,3.192310333251953
3540,3.1177828311920166
3541,8.865255355834961
3542,12.671897888183594
3543,119.17750549316406
3544,103.41661071777344
3545,83.65062713623047
3546,77.85230255126953
3547,61.82550811767578
3548,26.582181930541992
3549,16.238025665283203
3550,9.470179557800293
3551,7.451005935668945
3552,5.994873046875
3553,5.623465061187744
3554,5.460254669189453
3555,5.3690266609191895
3556,20.41825294494629
3557,11.197648048400879
3558,5.5754570960998535
3559,3.638080358505249
3560,2.5069730281829834
3561,2.1930673122406006
3562,2.047776222229004
3563,1.9791178703308105
3564,9.013425827026367
3565,7.146267414093018
3566,6.523961067199707
3567,5.812775135040283
3568,21.761396408081055
3569,12.135934829711914
3570,6.416985034942627
3571,4.438662052154541
3572,3.2719244956970215
3573,2.9340991973876953
3574,2.786487102508545
3575,2.720906972885132
3576,27.603116989135742
3577,15.614364624023438
3578,8.65054702758789
3579,5.998720645904541
3580,4.642629146575928
3581,4.315319538116455
3582,4.10898494720459
3583,3.990408182144165
3584,10.804364204406738
3585,11.242890357971191
3586,6.401245594024658
3587,250.8362274169922
3588,175.9609375
3589,134.47781372070312
3590,119.01083374023438
3591,12.143320083618164
3592,26.906082153320312
3593,15.7849702835083
3594,9.480775833129883
3595,7.556131839752197
3596,5.529537677764893
3597,5.01945686340332
3598,4.854454040527344
3599,4.766974449157715
3600,32.28569412231445
3601,20.32448387145996
3602,13.015765190124512
3603,11.06013011932373
3604,9.6614408493042
3605,9.31897258758545
3606,9.031076431274414
3607,9.037450790405273
3608,6.2605438232421875
3609,6.785993576049805
3610,5.557567119598389
3611,4.75201416015625
3612,4.316309452056885
3613,2.865554094314575
3614,81.7114486694336
3615,10.106683731079102
3616,7.939583778381348
3617,7.75656795501709
3618,6.624764442443848
3619,197.1992645263672
3620,27.179401397705078
3621,2.58282732963562
3622,20.652362823486328
3623,11.595479011535645
3624,6.307043552398682
3625,3.987604856491089
3626,2.962383985519409
3627,2.601334571838379
3628,2.4614861011505127
3629,31.7734432220459
3630,7.59130334854126
3631,3.2544493675231934
3632,6.166004657745361
3633,23.381046295166016
3634,13.409393310546875
3635,7.4120635986328125
3636,5.749660015106201
3637,4.629804611206055
3638,4.271302700042725
3639,4.123739719390869
3640,4.010250568389893
3641,23.405853271484375
3642,13.414934158325195
3643,7.393907070159912
3644,5.710259437561035
3645,4.600369453430176
3646,4.241663932800293
3647,4.097075462341309
3648,3.984741449356079
3649,23.350801467895508
3650,13.368825912475586
3651,7.377416610717773
3652,5.600850582122803
3653,4.433657646179199
3654,4.0939249992370605
3655,3.951786756515503
3656,3.8302297592163086
3657,21.472700119018555
3658,11.941143989562988
3659,6.245875358581543
3660,4.234824180603027
3661,3.112034797668457
3662,2.788491725921631
3663,2.634071111679077
3664,2.5667333602905273
3665,26.806299209594727
3666,15.772125244140625
3667,9.016328811645508
3668,6.89936637878418
3669,5.45646858215332
3670,5.091597557067871
3671,4.904523849487305
3672,4.777990818023682
3673,2.616689920425415
3674,4.149645805358887
3675,10.894129753112793
3676,8.948431015014648
3677,17.914358139038086
3678,10.399240493774414
3679,9.341168403625488
3680,8.408333778381348
3681,9.009796142578125
3682,21.854576110839844
3683,11.963706970214844
3684,6.241891860961914
3685,4.245214462280273
3686,3.1328561305999756
3687,2.8159029483795166
3688,2.656393527984619
3689,2.577091693878174
3690,19.329500198364258
3691,11.353410720825195
3692,5.844725608825684
3693,4.260321617126465
3694,3.1698548793792725
3695,2.886434555053711
3696,2.738755702972412
3697,2.701744794845581
3698,19.116588592529297
3699,11.337313652038574
3700,5.871272087097168
3701,4.010012626647949
3702,2.9107720851898193
3703,2.592392921447754
3704,2.4540958404541016
3705,2.392456293106079
3706,12.63927936553955
3707,28.941207885742188
3708,17.289701461791992
3709,10.075496673583984
3710,7.854763031005859
3711,6.2997660636901855
3712,5.906393051147461
3713,5.700839519500732
3714,5.603842258453369
3715,19.985496520996094
3716,27.617183685302734
3717,17.085142135620117
3718,10.709485054016113
3719,8.942880630493164
3720,7.629875183105469
3721,7.263767719268799
3722,7.050787925720215
3723,6.952268600463867
3724,29.043001174926758
3725,17.260881423950195
3726,10.242137908935547
3727,8.02286434173584
3728,6.647312164306641
3729,6.133237361907959
3730,5.933224201202393
3731,5.8029704093933105
3732,11.727335929870605
3733,9.540246963500977
3734,8.958850860595703
3735,8.518379211425781
3736,13.029470443725586
3737,4.996087074279785
3738,23.687007904052734
3739,14.097099304199219
3740,7.933310031890869
3741,6.183597087860107
3742,5.096083164215088
3743,4.736819267272949
3744,4.573056697845459
3745,4.484832286834717
3746,13.88033676147461
3747,22.884830474853516
3748,12.985197067260742
3749,7.100668430328369
3750,5.296258926391602
3751,4.144580364227295
3752,3.8522207736968994
3753,3.722038984298706
3754,3.6583683490753174
3755,22.57396697998047
3756,12.754637718200684
3757,6.893420696258545
3758,5.030860900878906
3759,3.92838716506958
3760,3.631671905517578
3761,3.5042879581451416
3762,3.4361021518707275
3763,18.314748764038086
3764,11.282808303833008
3765,10.132625579833984
3766,8.119473457336426
3767,20.736785888671875
3768,11.429398536682129
3769,5.7606282234191895
3770,3.797020435333252
3771,2.6140565872192383
3772,2.2819278240203857
3773,2.1408302783966064
3774,2.0714049339294434
3775,1.8307392597198486
3776,1.5679466724395752
3777,27.547901153564453
3778,15.720426559448242
3779,8.58938217163086
3780,6.701898097991943
3781,5.189438819885254
3782,4.813454627990723
3783,4.634115219116211
3784,4.5608720779418945
3785,18.236373901367188
3786,10.242109298706055
3787,4.965353012084961
3788,3.407630681991577
3789,2.327683925628662
3790,2.0483345985412598
3791,1.9071239233016968
3792,1.8104016780853271
3793,39.2509765625
3794,16.171234130859375
3795,11.927339553833008
3796,7.031002044677734
3797,6.1234354972839355
3798,21.964805603027344
3799,19.541711807250977
3800,18.256601333618164
3801,64.63065338134766
3802,35.66889953613281
3803,31.69789695739746
3804,22.237735748291016
3805,10.726707458496094
3806,6.748811721801758
3807,6.557876110076904
3808,35.12397766113281
3809,24.99528694152832
3810,19.84149169921875
3811,18.06220054626465
3812,13.364954948425293
3813,7.400509357452393
3814,6.4509100914001465
3815,52.573665618896484
3816,23.680130004882812
3817,18.885690689086914
3818,13.985655784606934
3819,39.87312316894531
3820,19.903751373291016
3821,14.74193000793457
3822,10.558426856994629
3823,8.366593360900879
3824,54.66944122314453
3825,29.850454330444336
3826,22.260915756225586
3827,18.59419059753418
3828,14.403873443603516
3829,13.371719360351562
3830,5.572027206420898
3831,35.33491516113281
3832,19.467073440551758
3833,13.4255952835083
3834,11.149044036865234
3835,8.712002754211426
3836,8.275396347045898
3837,17.211795806884766
3838,12.852945327758789
3839,6.791471481323242
3840,8.069302558898926
3841,7.127627372741699
3842,7.089138984680176
3843,6.778918266296387
3844,6.7589030265808105
3845,12.023037910461426
3846,8.539310455322266
3847,7.643877983093262
3848,6.0001325607299805
3849,8.252572059631348
3850,23.537405014038086
3851,13.099044799804688
3852,6.83912992477417
3853,4.752687931060791
3854,3.4904990196228027
3855,3.144260883331299
3856,2.97145414352417
3857,2.876971483230591
3858,24.947107315063477
3859,14.012635231018066
3860,7.522327899932861
3861,5.4558539390563965
3862,4.213798999786377
3863,3.883803367614746
3864,3.7008166313171387
3865,3.5785574913024902
3866,28.832082748413086
3867,16.30617332458496
3868,8.857027053833008
3869,6.4273786544799805
3870,4.926138877868652
3871,4.578076362609863
3872,4.379455089569092
3873,4.239276885986328
3874,26.24790382385254
3875,14.875822067260742
3876,7.990079402923584
3877,5.721039772033691
3878,4.381350517272949
3879,4.085871696472168
3880,3.8884692192077637
3881,3.7915537357330322
3882,22.2410888671875
3883,12.331354141235352
3884,6.365551471710205
3885,4.355139255523682
3886,3.190670967102051
3887,2.862067222595215
3888,2.7093114852905273
3889,2.5956883430480957
3890,21.94214630126953
3891,12.345314025878906
3892,6.475773811340332
3893,4.548807144165039
3894,3.426845073699951
3895,3.121312141418457
3896,2.9781932830810547
3897,2.890676736831665
3898,22.210744857788086
3899,12.51466178894043
3900,6.668670654296875
3901,4.66694450378418
3902,3.5490546226501465
3903,3.2490036487579346
3904,3.107203245162964
3905,3.022663116455078
3906,23.764589309692383
3907,13.89232349395752
3908,7.759197235107422
3909,6.122738361358643
3910,5.040286540985107
3911,4.6651105880737305
3912,4.518239974975586
3913,4.4337544441223145
3914,25.19350814819336
3915,14.656234741210938
3916,8.277908325195312
3917,6.49058723449707
3918,5.337396144866943
3919,5.009092330932617
3920,4.897487640380859
3921,4.844271659851074
3922,23.078868865966797
3923,12.852950096130371
3924,6.715300559997559
3925,4.708031177520752
3926,3.4884305000305176
3927,3.1525588035583496
3928,2.987624406814575
3929,2.8960585594177246
3930,22.323930740356445
3931,12.418207168579102
3932,6.485154628753662
3933,4.541366100311279
3934,3.3772835731506348
3935,3.0539700984954834
3936,2.8923778533935547
3937,2.8032467365264893
3938,22.345932006835938
3939,12.436655044555664
3940,6.50366735458374
3941,4.561604022979736
3942,3.400421619415283
3943,3.0909829139709473
3944,2.9241511821746826
3945,2.8352112770080566
3946,6.0867462158203125
3947,7.707154273986816
3948,5.559670925140381
3949,4.978305339813232
3950,4.278239727020264
3951,3.7846994400024414
3952,5.133337497711182
3953,7.562970161437988
3954,5.639678478240967
3955,4.961147308349609
3956,4.248364448547363
3957,3.6814627647399902
3958,21.75136375427246
3959,12.193507194519043
3960,6.408998012542725
3961,4.433371067047119
3962,3.352917194366455
3963,3.0353732109069824
3964,2.902853488922119
3965,2.805110216140747
3966,12.888317108154297
3967,22.228731155395508
3968,12.48386001586914
3969,6.5809478759765625
3970,4.6232805252075195
3971,3.4571011066436768
3972,3.1240482330322266
3973,2.9839935302734375
3974,2.8926453590393066
3975,29.336483001708984
3976,6.424491882324219
3977,2.008634090423584
3978,22.622756958007812
3979,5.626782417297363
3980,1.8056572675704956
3981,9.21590805053711
3982,10.589482307434082
3983,1.265102744102478
3984,7.845922946929932
3985,21.694137573242188
3986,12.090921401977539
3987,6.363383769989014
3988,4.324881553649902
3989,3.195422887802124
3990,2.854968309402466
3991,2.7063212394714355
3992,2.6375343799591064
3993,41.361915588378906
3994,32.8847770690918
3995,17.994049072265625
3996,14.777833938598633
3997,12.470802307128906
3998,10.871271133422852
3999,10.50920295715332
4000,9.548359870910645
4001,3.486903429031372
4002,4.2606520652771
4003,27.553329467773438
4004,16.005634307861328
4005,9.124662399291992
4006,6.791234493255615
4007,5.42010498046875
4008,5.059497833251953
4009,4.88316535949707
4010,4.740386962890625
4011,27.396259307861328
4012,16.254377365112305
4013,10.008191108703613
4014,8.191533088684082
4015,6.742311477661133
4016,6.293238639831543
4017,6.087065696716309
4018,5.992786407470703
4019,26.751962661743164
4020,15.261245727539062
4021,8.454319953918457
4022,6.022488594055176
4023,4.655875205993652
4024,4.306642532348633
4025,4.125152587890625
4026,3.982722282409668
4027,17.376253128051758
4028,24.791601181030273
4029,13.606986999511719
4030,7.19292688369751
4031,5.017278671264648
4032,3.6813530921936035
4033,3.393397808074951
4034,3.2568888664245605
4035,3.197005271911621
4036,27.345012664794922
4037,15.968141555786133
4038,9.072589874267578
4039,6.695370674133301
4040,5.346469402313232
4041,4.970347881317139
4042,4.775125980377197
4043,4.652338981628418
4044,27.57474136352539
4045,16.263839721679688
4046,9.402067184448242
4047,7.253823757171631
4048,5.750760555267334
4049,5.378030776977539
4050,5.181997299194336
4051,5.067370414733887
4052,27.345012664794922
4053,15.968141555786133
4054,9.072589874267578
4055,6.695370674133301
4056,5.346469402313232
4057,4.970347881317139
4058,4.775125980377197
4059,4.652338981628418
4060,183.89175415039062
4061,22.295700073242188
4062,38.642642974853516
4063,28.00564956665039
4064,5.956539154052734
4065,7.085160732269287
4066,22.665437698364258
4067,12.719483375549316
4068,6.739449977874756
4069,4.750408172607422
4070,3.578070878982544
4071,3.259535789489746
4072,3.1047286987304688
4073,3.012576103210449
4074,12.798795700073242
4075,11.074665069580078
4076,9.328225135803223
4077,8.161017417907715
4078,6.904748439788818
4079,20.796340942382812
4080,5.042637348175049
4081,3.1102700233459473
4082,2.8527369499206543
4083,2.5928115844726562
4084,10.341147422790527
4085,7.4079203605651855
4086,6.2937798500061035
4087,5.682319641113281
4088,4.786212921142578
4089,4.313621520996094
4090,4.596083641052246
4091,4.638202667236328
4092,4.162850379943848
4093,3.548959255218506
4094,3.125257968902588
4095,22.376890182495117
4096,12.4645414352417
4097,6.533386707305908
4098,4.565052509307861
4099,3.3856630325317383
4100,3.04475474357605
4101,2.8782753944396973
4102,2.7770533561706543
4103,9.060047149658203
4104,27.63567543029785
4105,15.830343246459961
4106,8.419282913208008
4107,5.989843368530273
4108,4.599938869476318
4109,4.223179817199707
4110,4.0349860191345215
4111,3.9228758811950684
4112,23.45480728149414
4113,13.406112670898438
4114,7.612471580505371
4115,5.755658149719238
4116,4.540498733520508
4117,4.211174964904785
4118,4.0719122886657715
4119,3.9713966846466064
4120,22.85997200012207
4121,12.85621166229248
4122,6.84345006942749
4123,4.802415370941162
4124,3.6540825366973877
4125,3.317098617553711
4126,3.1734557151794434
4127,3.080761432647705
4128,7.141403675079346
4129,7.192317008972168
4130,17.543567657470703
4131,14.892786979675293
4132,13.204693794250488
4133,11.803091049194336
4134,2.68373966217041
4135,50.49464416503906
4136,6.656560897827148
4137,7.737094879150391
4138,9.049368858337402
4139,14.62271785736084
4140,27.786951065063477
4141,16.07807731628418
4142,9.048684120178223
4143,6.537540912628174
4144,5.099756717681885
4145,4.744541168212891
4146,4.543144226074219
4147,4.411832332611084
4148,27.926422119140625
4149,16.14975929260254
4150,9.114202499389648
4151,6.607654571533203
4152,5.286985874176025
4153,4.901824474334717
4154,4.728611469268799
4155,4.597465991973877
4156,28.425426483154297
4157,16.604045867919922
4158,9.547219276428223
4159,7.103608131408691
4160,5.723016738891602
4161,5.332723617553711
4162,5.139326095581055
4163,5.005498886108398
4164,26.83333969116211
4165,16.28863525390625
4166,10.06685733795166
4167,7.843195915222168
4168,6.537294387817383
4169,6.2124810218811035
4170,6.045361518859863
4171,5.945648670196533
4172,23.42005157470703
4173,14.07331657409668
4174,8.022333145141602
4175,6.187180995941162
4176,4.953646659851074
4177,4.622499465942383
4178,4.46675443649292
4179,4.340470790863037
4180,22.502124786376953
4181,12.495182037353516
4182,6.524813175201416
4183,4.554577350616455
4184,3.3791778087615967
4185,3.0528006553649902
4186,2.8948166370391846
4187,2.805792808532715
4188,6.453364372253418
4189,24.92950439453125
4190,14.037141799926758
4191,7.471416473388672
4192,5.268961429595947
4193,3.9614615440368652
4194,3.613851308822632
4195,3.4476847648620605
4196,3.3564682006835938
4197,27.999732971191406
4198,16.425317764282227
4199,9.525361061096191
4200,7.251322269439697
4201,5.840620040893555
4202,5.599405288696289
4203,5.483515739440918
4204,5.363476276397705
4205,11.698357582092285
4206,11.010417938232422
4207,11.116960525512695
4208,12.373631477355957
4209,5.58070182800293
4210,20.79220199584961
4211,14.817946434020996
4212,12.638991355895996
4213,11.217462539672852
4214,9.593331336975098
4215,61.3054084777832
4216,29.406143188476562
4217,18.01723861694336
4218,11.324498176574707
4219,9.604201316833496
4220,7.976151943206787
4221,7.5580644607543945
4222,7.457793712615967
4223,7.384907245635986
4224,27.819591522216797
4225,16.293806076049805
4226,9.295724868774414
4227,6.960768699645996
4228,5.53734827041626
4229,5.297043323516846
4230,5.164689064025879
4231,5.053421974182129
4232,28.093612670898438
4233,17.316560745239258
4234,11.073179244995117
4235,8.648152351379395
4236,7.4105224609375
4237,7.115095615386963
4238,6.972347259521484
4239,6.855287075042725
4240,12.143193244934082
4241,22.05731964111328
4242,12.271797180175781
4243,6.371540069580078
4244,4.427730560302734
4245,3.287635326385498
4246,2.9773454666137695
4247,2.817196846008301
4248,2.7230429649353027
4249,22.22089195251465
4250,12.492517471313477
4251,6.571829319000244
4252,4.597578048706055
4253,3.4628777503967285
4254,3.1546504497528076
4255,3.0099878311157227
4256,2.930962085723877
4257,57.69694519042969
4258,35.9903564453125
4259,33.3839111328125
4260,25.219282150268555
4261,5.26083517074585
4262,6.219237804412842
4263,148.1694793701172
4264,1.8281128406524658
4265,19.403690338134766
4266,20.483413696289062
4267,27.471755981445312
4268,16.146024703979492
4269,9.37445068359375
4270,7.2076921463012695
4271,5.736545562744141
4272,5.369967460632324
4273,5.193706512451172
4274,5.079824447631836
4275,27.873937606811523
4276,16.421676635742188
4277,9.623946189880371
4278,7.383396148681641
4279,5.859827041625977
4280,5.528918743133545
4281,5.371076583862305
4282,5.266890048980713
4283,7.798758029937744
4284,23.015689849853516
4285,12.994524002075195
4286,6.893288612365723
4287,4.900278568267822
4288,3.7133872509002686
4289,3.384114980697632
4290,3.230656862258911
4291,3.1471357345581055
4292,10.38507080078125
4293,23.216508865356445
4294,13.374080657958984
4295,7.505097389221191
4296,5.703161239624023
4297,4.457727432250977
4298,4.124660491943359
4299,3.9656500816345215
4300,3.8671555519104004
4301,21.355491638183594
4302,11.839062690734863
4303,6.126142978668213
4304,4.151642322540283
4305,2.9744715690612793
4306,2.6505062580108643
4307,2.5027897357940674
4308,2.4353253841400146
4309,30.250221252441406
4310,17.406869888305664
4311,9.903791427612305
4312,7.175222873687744
4313,5.593183517456055
4314,5.243890762329102
4315,5.032449245452881
4316,4.928958892822266
4317,8.9544038772583
4318,10.69460391998291
4319,7.067756652832031
4320,4.632967472076416
4321,6.02272367477417
4322,33.6261100769043
4323,35.11012268066406
4324,5.678627014160156
4325,7.233850955963135
4326,9.549357414245605
4327,8.489054679870605
4328,10.863080024719238
4329,25.32080078125
4330,13.950845718383789
4331,7.3130998611450195
4332,5.077406883239746
4333,3.7373604774475098
4334,3.4373295307159424
4335,3.29645037651062
4336,3.1954774856567383
4337,20.807621002197266
4338,11.22262954711914
4339,5.477405548095703
4340,3.530472755432129
4341,2.4011402130126953
4342,2.0801539421081543
4343,1.9310600757598877
4344,1.8530182838439941
4345,20.34775733947754
4346,10.94049072265625
4347,5.312239170074463
4348,3.3531651496887207
4349,2.225980520248413
4350,1.8933991193771362
4351,1.754384994506836
4352,1.6752433776855469
4353,27.887802124023438
4354,15.392459869384766
4355,8.501293182373047
4356,5.755227088928223
4357,4.148845672607422
4358,3.7234652042388916
4359,3.60906982421875
4360,3.563066005706787
4361,2.7282557487487793
4362,38.278934478759766
4363,22.83828353881836
4364,12.912581443786621
4365,6.887871265411377
4366,4.923758029937744
4367,3.7419376373291016
4368,3.3951220512390137
4369,3.26798677444458
4370,3.176503896713257
4371,23.622268676757812
4372,13.251687049865723
4373,6.976615905761719
4374,4.920670509338379
4375,3.716216802597046
4376,3.3839669227600098
4377,3.2073183059692383
4378,3.112344264984131
4379,21.566125869750977
4380,12.345307350158691
4381,6.65330171585083
4382,4.969386577606201
4383,3.810662269592285
4384,3.51554799079895
4385,3.4033985137939453
4386,3.3238298892974854
4387,26.790550231933594
4388,8.863167762756348
4389,5.926831245422363
4390,5.2017436027526855
4391,4.949265480041504
4392,10.028546333312988
4393,8.359672546386719
4394,7.706783294677734
4395,6.665600299835205
4396,6.037068843841553
4397,22.06941795349121
4398,12.156508445739746
4399,6.411004066467285
4400,4.405909538269043
4401,3.3134517669677734
4402,3.000854015350342
4403,2.8521780967712402
4404,2.7763893604278564
4405,22.985227584838867
4406,13.304130554199219
4407,7.26670503616333
4408,5.663845062255859
4409,4.596399784088135
4410,4.216752052307129
4411,4.065257549285889
4412,3.9527580738067627
4413,4.878819465637207
4414,36.42230987548828
4415,28.9296932220459
4416,17.034929275512695
4417,9.812850952148438
4418,7.349067687988281
4419,5.999584674835205
4420,5.6276021003723145
4421,5.436367511749268
4422,5.29823112487793
4423,24.853561401367188
4424,14.010733604431152
4425,7.404351234436035
4426,5.23446798324585
4427,3.950291395187378
4428,3.5582733154296875
4429,3.417038917541504
4430,3.2958977222442627
4431,23.450149536132812
4432,13.068376541137695
4433,6.802427291870117
4434,4.729954242706299
4435,3.4713573455810547
4436,3.1240921020507812
4437,2.9643986225128174
4438,2.8627915382385254
4439,22.410964965820312
4440,12.559309959411621
4441,6.616674423217773
4442,4.662321090698242
4443,3.4723386764526367
4444,3.1624369621276855
4445,2.9990572929382324
4446,2.913275718688965
4447,22.188016891479492
4448,12.46790885925293
4449,6.636412143707275
4450,4.725909233093262
4451,3.5638766288757324
4452,3.2715649604797363
4453,3.1294734477996826
4454,3.040666341781616
4455,22.502857208251953
4456,12.693894386291504
4457,6.850705146789551
4458,4.988232612609863
4459,3.822169542312622
4460,3.536195993423462
4461,3.3965063095092773
4462,3.3135721683502197
4463,22.470251083374023
4464,12.680915832519531
4465,6.836285591125488
4466,4.915233135223389
4467,3.8120994567871094
4468,3.52724552154541
4469,3.3970448970794678
4470,3.3095059394836426
4471,22.40934944152832
4472,12.630525588989258
4473,6.768721580505371
4474,4.8824992179870605
4475,3.7350428104400635
4476,3.4458346366882324
4477,3.307624101638794
4478,3.222606897354126
4479,22.735933303833008
4480,12.867328643798828
4481,7.073930740356445
4482,5.200244903564453
4483,4.015820503234863
4484,3.7509071826934814
4485,3.6174139976501465
4486,3.545083999633789
4487,21.45203399658203
4488,12.909542083740234
4489,10.190780639648438
4490,8.794437408447266
4491,5.885520935058594
4492,28.68539047241211
4493,16.874588012695312
4494,9.847732543945312
4495,7.5629448890686035
4496,6.054792881011963
4497,5.674050331115723
4498,5.498697757720947
4499,5.386510372161865
4500,26.856290817260742
4501,15.882207870483398
4502,9.216253280639648
4503,7.296879291534424
4504,5.959958553314209
4505,5.711050510406494
4506,5.560572147369385
4507,5.458693981170654
4508,29.120315551757812
4509,17.078420639038086
4510,9.883118629455566
4511,7.467033863067627
4512,6.054410457611084
4513,5.692986011505127
4514,5.511600017547607
4515,5.402563571929932
4516,26.89675521850586
4517,15.807173728942871
4518,9.149166107177734
4519,7.079100131988525
4520,5.79791784286499
4521,5.553857803344727
4522,5.408295631408691
4523,5.3101959228515625
4524,28.71379280090332
4525,16.892024993896484
4526,9.813835144042969
4527,7.408451557159424
4528,6.006993770599365
4529,5.6485185623168945
4530,5.469081878662109
4531,5.362517833709717
4532,26.712350845336914
4533,15.735405921936035
4534,9.129555702209473
4535,7.257136344909668
4536,5.9329752922058105
4537,5.688051700592041
4538,5.539810657501221
4539,5.448216915130615
4540,28.579261779785156
4541,16.800310134887695
4542,9.75124740600586
4543,7.343817710876465
4544,5.9739298820495605
4545,5.6077470779418945
4546,5.430121421813965
4547,5.31398868560791
4548,29.000797271728516
4549,17.051733016967773
4550,9.816935539245605
4551,7.314481258392334
4552,5.961989879608154
4553,5.584218502044678
4554,5.3975019454956055
4555,5.274008274078369
4556,27.442424774169922
4557,16.086103439331055
4558,9.225739479064941
4559,6.8386712074279785
4560,5.474851131439209
4561,5.113630294799805
4562,4.928718090057373
4563,4.794044017791748
4564,22.624052047729492
4565,12.428128242492676
4566,6.865402698516846
4567,4.463303089141846
4568,3.217252254486084
4569,2.831871271133423
4570,21.04852867126465
4571,11.60849666595459
4572,6.380886077880859
4573,4.269250869750977
4574,3.1019163131713867
4575,2.772050142288208
4576,2.611992120742798
4577,2.5160160064697266
4578,13.06807804107666
4579,30.457508087158203
4580,23.819082260131836
4581,18.699203491210938
4582,14.569640159606934
4583,65.72607421875
4584,63.72495651245117
4585,22.325437545776367
4586,12.758378982543945
4587,6.8191399574279785
4588,4.9072065353393555
4589,3.734678030014038
4590,3.383204936981201
4591,3.257674217224121
4592,3.16672420501709
4593,183.82920837402344
4594,12.309855461120605
4595,11.365760803222656
4596,7.542065143585205
4597,6.317408084869385
4598,4.693107604980469
4599,5.949796676635742
4600,5.035160064697266
4601,11.277528762817383
4602,9.254643440246582
4603,3.590329170227051
4604,3.903024435043335
4605,58.94003677368164
4606,35.42192840576172
4607,26.662818908691406
4608,19.515338897705078
4609,18.391939163208008
4610,22.088544845581055
4611,12.295312881469727
4612,6.418416976928711
4613,4.47654914855957
4614,3.290102958679199
4615,2.9690372943878174
4616,2.8197078704833984
4617,2.725806713104248
4618,22.63029670715332
4619,12.616321563720703
4620,6.591169357299805
4621,4.608767509460449
4622,3.395139694213867
4623,3.064872980117798
4624,2.904754638671875
4625,2.812772274017334
4626,3.6787614822387695
4627,3.2067742347717285
4628,30.61358642578125
4629,17.078887939453125
4630,9.883147239685059
4631,6.607337951660156
4632,4.935042858123779
4633,4.593273639678955
4634,4.486299991607666
4635,4.3939971923828125
4636,28.503692626953125
4637,5.7554426193237305
4638,1.8325409889221191
4639,5.828752040863037
4640,5.304163932800293
4641,22.57772445678711
4642,12.917092323303223
4643,7.032383441925049
4644,5.324946880340576
4645,4.1227946281433105
4646,3.7588212490081787
4647,3.6028926372528076
4648,3.499772310256958
4649,21.691822052001953
4650,12.38731575012207
4651,6.642720699310303
4652,4.761040687561035
4653,3.617016077041626
4654,3.282231569290161
4655,3.1335628032684326
4656,3.039116144180298
4657,1.4483650922775269
4658,22.390398025512695
4659,12.821227073669434
4660,6.830192565917969
4661,4.913243293762207
4662,3.7497105598449707
4663,3.4170069694519043
4664,3.288163661956787
4665,3.197845697402954
4666,32.0124626159668
4667,33.66571044921875
4668,4.667062759399414
4669,5.785492420196533
4670,5.919339179992676
4671,6.0332512855529785
4672,8.177398681640625
4673,7.163524150848389
4674,6.837798118591309
4675,5.813004016876221
4676,22.197769165039062
4677,12.325255393981934
4678,6.4824299812316895
4679,4.542889595031738
4680,3.4113917350769043
4681,3.099722146987915
4682,2.9412341117858887
4683,2.849351644515991
4684,20.83352279663086
4685,7.087140083312988
4686,32.35914993286133
4687,17.79273223876953
4688,13.976967811584473
4689,29.321130752563477
4690,17.65666389465332
4691,10.675779342651367
4692,8.60655403137207
4693,7.064230442047119
4694,6.59134578704834
4695,6.4068098068237305
4696,6.328929901123047
4697,29.1357421875
4698,26.18548583984375
4699,18.15587043762207
4700,22.56602668762207
4701,12.894302368164062
4702,7.053732872009277
4703,5.341689586639404
4704,4.133424758911133
4705,3.7836833000183105
4706,3.634786605834961
4707,3.5243921279907227
4708,4.96763801574707
4709,93.5954818725586
4710,34.120262145996094
4711,20.812223434448242
4712,13.79189682006836
4713,10.600564002990723
4714,8.593530654907227
4715,8.240391731262207
4716,7.93937349319458
4717,7.77947998046875
4718,15.003790855407715
4719,37.27089309692383
4720,14.408256530761719
4721,13.011919975280762
4722,8.525253295898438
4723,30.976329803466797
4724,17.990392684936523
4725,11.7368745803833
4726,8.577688217163086
4727,6.058751106262207
4728,5.7901225090026855
4729,5.914113998413086
4730,5.810824871063232
4731,15.98549747467041
4732,14.539430618286133
4733,22.481264114379883
4734,12.501019477844238
4735,6.497138023376465
4736,4.503269195556641
4737,3.334599018096924
4738,3.0234642028808594
4739,2.8721892833709717
4740,2.7824478149414062
4741,37.45859146118164
4742,70.9505615234375
4743,39.15364074707031
4744,29.126720428466797
4745,21.915924072265625
4746,21.248010635375977
4747,40.760597229003906
4748,28.849002838134766
4749,25.63536262512207
4750,21.123626708984375
4751,16.112245559692383
4752,14.530277252197266
4753,13.16826343536377
4754,11.89124870300293
4755,10.326610565185547
4756,9.507204055786133
4757,10.918352127075195
4758,6.126675605773926
4759,11.097434997558594
4760,13.646065711975098
4761,22.14828872680664
4762,12.509560585021973
4763,6.568161964416504
4764,4.564966201782227
4765,3.44119930267334
4766,3.08705997467041
4767,2.964503288269043
4768,2.868028402328491
4769,29.614702224731445
4770,1.561033844947815
4771,1.860283613204956
4772,1.9209824800491333
4773,22.427921295166016
4774,22.761516571044922
4775,12.712244987487793
4776,6.558548927307129
4777,4.580986976623535
4778,3.3467135429382324
4779,3.0489752292633057
4780,2.873293876647949
4781,2.7420382499694824
4782,28.162683486938477
4783,16.739450454711914
4784,9.80471134185791
4785,7.603677272796631
4786,6.120291233062744
4787,5.842109203338623
4788,5.718437194824219
4789,5.566099166870117
4790,22.861919403076172
4791,12.913309097290039
4792,6.914548873901367
4793,4.978619575500488
4794,3.765592575073242
4795,3.4092860221862793
4796,3.2743749618530273
4797,3.1753768920898438
4798,17.140460968017578
4799,25.201332092285156
4800,15.205465316772461
4801,8.7700834274292
4802,6.934539794921875
4803,5.5237274169921875
4804,5.263218879699707
4805,5.1441264152526855
4806,5.013647079467773
4807,56.277809143066406
4808,21.84186363220215
4809,16.214576721191406
4810,11.250262260437012
4811,10.08475399017334
4812,16.77897834777832
4813,10.279228210449219
4814,8.977893829345703
4815,28.36960792541504
4816,15.150701522827148
4817,9.391692161560059
4818,6.671290874481201
4819,31.12126922607422
4820,9.013819694519043
4821,4.423349857330322
4822,3.7387993335723877
4823,24.92002296447754
4824,14.581653594970703
4825,8.482770919799805
4826,6.260623931884766
4827,5.038782119750977
4828,4.731435298919678
4829,4.563498020172119
4830,4.4854416847229
4831,86.32199096679688
4832,38.92173385620117
4833,26.93880271911621
4834,22.3741455078125
4835,18.46258544921875
4836,2.4972798824310303
4837,11.418397903442383
4838,6.539798736572266
4839,4.3948564529418945
4840,4.510254859924316
4841,3.8400096893310547
4842,22.890300750732422
4843,12.828932762145996
4844,6.709554195404053
4845,4.687160491943359
4846,3.4942970275878906
4847,3.139094591140747
4848,3.0042014122009277
4849,2.906653881072998
4850,24.493261337280273
4851,13.759567260742188
4852,7.2451910972595215
4853,5.101339817047119
4854,3.828242778778076
4855,3.447291135787964
4856,3.2729954719543457
4857,3.1763410568237305
4858,9.186112403869629
4859,32.77336120605469
4860,7.2297163009643555
4861,2.580023765563965
4862,3.110430955886841
4863,12.37716293334961
4864,11.471574783325195
4865,27.541250228881836
4866,16.31523323059082
4867,9.447530746459961
4868,7.260571479797363
4869,5.790857791900635
4870,5.417003631591797
4871,5.239607810974121
4872,5.116775989532471
4873,2.8152036666870117
4874,22.708099365234375
4875,12.799677848815918
4876,6.878908634185791
4877,4.858391284942627
4878,3.7038192749023438
4879,3.382939100265503
4880,3.2390081882476807
4881,3.1548495292663574
4882,22.671417236328125
4883,12.75125789642334
4884,6.832657814025879
4885,4.798563480377197
4886,3.635300636291504
4887,3.3243677616119385
4888,3.1746134757995605
4889,3.084111213684082
4890,10.645158767700195
4891,26.856203079223633
4892,18.438684463500977
4893,16.92215347290039
4894,14.862269401550293
4895,84.38168334960938
4896,53.379112243652344
4897,29.74210548400879
4898,26.827253341674805
4899,16.305818557739258
4900,9.72199821472168
4901,7.559909343719482
4902,6.082415580749512
4903,5.650567531585693
4904,5.4635009765625
4905,5.3610124588012695
4906,28.693910598754883
4907,17.53131866455078
4908,10.32986831665039
4909,8.051694869995117
4910,6.5251336097717285
4911,6.128639221191406
4912,5.924250602722168
4913,5.823079586029053
4914,12.099665641784668
4915,22.307907104492188
4916,12.382328033447266
4917,6.424983024597168
4918,4.45953893661499
4919,3.2601842880249023
4920,2.943772315979004
4921,2.7921571731567383
4922,2.701543092727661
4923,2.7511208057403564
4924,15.382528305053711
4925,5.912945747375488
4926,121.51490020751953
4927,84.56964111328125
4928,74.54507446289062
4929,69.77106475830078
4930,4.943159580230713
4931,22.33037567138672
4932,12.565975189208984
4933,6.72321081161499
4934,4.813241958618164
4935,3.6552481651306152
4936,3.371091604232788
4937,3.229743242263794
4938,3.1460154056549072
4939,21.899765014648438
4940,12.322347640991211
4941,6.556385517120361
4942,4.693755626678467
4943,3.537107229232788
4944,3.2559902667999268
4945,3.1180472373962402
4946,3.0372166633605957
4947,23.62498664855957
4948,13.45102310180664
4949,7.262795925140381
4950,5.3331475257873535
4951,4.133427143096924
4952,3.824564218521118
4953,3.7013723850250244
4954,3.6265668869018555
4955,21.355976104736328
4956,11.832056045532227
4957,6.125990390777588
4958,4.150595188140869
4959,3.0265116691589355
4960,2.7067630290985107
4961,2.553725481033325
4962,2.4819915294647217
4963,21.355976104736328
4964,11.832056045532227
4965,6.125990390777588
4966,4.150595188140869
4967,3.0265116691589355
4968,2.7067630290985107
4969,2.553725481033325
4970,2.4819915294647217
4971,10.406036376953125
4972,6.125859260559082
4973,30.511018753051758
4974,6.26588249206543
4975,2.2189011573791504
4976,24.294408798217773
4977,13.528726577758789
4978,7.116708755493164
4979,4.963324546813965
4980,3.7469828128814697
4981,3.435420513153076
4982,3.2669992446899414
4983,3.2054193019866943
4984,42.074119567871094
4985,24.940711975097656
4986,17.97715950012207
4987,15.914849281311035
4988,27.92127799987793
4989,16.391090393066406
4990,9.409918785095215
4991,7.256542682647705
4992,5.738424777984619
4993,5.38845157623291
4994,5.197807788848877
4995,5.06115198135376
4996,22.12213134765625
4997,12.303902626037598
4998,6.407732963562012
4999,4.44797420501709
5000,3.293275833129883
5001,2.976980686187744
5002,2.819056749343872
5003,2.7246978282928467
5004,25.255796432495117
5005,15.26872444152832
5006,8.788293838500977
5007,7.031171798706055
5008,5.739098072052002
5009,5.4819655418396
5010,5.332393169403076
5011,5.230534076690674
5012,25.431859970092773
5013,15.410265922546387
5014,8.98776626586914
5015,7.1498942375183105
5016,5.8697509765625
5017,5.593374252319336
5018,5.436760902404785
5019,5.334774017333984
5020,28.700103759765625
5021,17.10133934020996
5022,9.925119400024414
5023,7.74807071685791
5024,6.217190742492676
5025,5.808495044708252
5026,5.599807262420654
5027,5.491144180297852
5028,28.700103759765625
5029,17.10133934020996
5030,9.925119400024414
5031,7.74807071685791
5032,6.217190742492676
5033,5.808495044708252
5034,5.599807262420654
5035,5.491144180297852
5036,129.87823486328125
5037,26.42307472229004
5038,5.641127586364746
5039,2.056593418121338
5040,26.33709144592285
5041,5.6604509353637695
5042,1.9017285108566284
5043,31.393171310424805
5044,42.88811492919922
5045,33.26703643798828
5046,5.836153507232666
5047,34.075340270996094
5048,16.442535400390625
5049,8.1135892868042
5050,5.42413330078125
5051,3.2830376625061035
5052,2.919034719467163
5053,2.8193416595458984
5054,2.751723289489746
5055,23.546382904052734
5056,14.131505966186523
5057,7.975869655609131
5058,6.24376916885376
5059,5.072258472442627
5060,4.6919121742248535
5061,4.548947334289551
5062,4.454196929931641
5063,1.7331886291503906
5064,1.3972768783569336
5065,24.960111618041992
5066,6.075573921203613
5067,2.519746780395508
5068,29.163604736328125
5069,7.345767974853516
5070,3.4955694675445557
5071,12.102579116821289
5072,21.217041015625
5073,11.720902442932129
5074,6.052489280700684
5075,4.068157196044922
5076,2.9718306064605713
5077,2.647200584411621
5078,2.482438325881958
5079,2.4132466316223145
5080,22.006093978881836
5081,12.385716438293457
5082,6.5881757736206055
5083,4.677709102630615
5084,3.525118589401245
5085,3.2514851093292236
5086,3.106307029724121
5087,3.028553009033203
5088,21.267343521118164
5089,11.765908241271973
5090,6.109843730926514
5091,4.107578754425049
5092,3.006112575531006
5093,2.6760663986206055
5094,2.5117971897125244
5095,2.443617105484009
5096,21.633712768554688
5097,12.075669288635254
5098,6.345330238342285
5099,4.367603778839111
5100,3.2844719886779785
5101,2.978133201599121
5102,2.8118960857391357
5103,2.7369797229766846
5104,15.832779884338379
5105,21.63167953491211
5106,8.073917388916016
5107,31.46297836303711
5108,20.629127502441406
5109,13.85220718383789
5110,12.986560821533203
5111,12.608428955078125
5112,12.233318328857422
5113,11.887436866760254
5114,11.707216262817383
5115,4.353329658508301
5116,6.872743606567383
5117,5.827852725982666
5118,13.476900100708008
5119,7.24650239944458
5120,6.5200395584106445
5121,5.071090221405029
5122,3.140691041946411
5123,22.09556770324707
5124,17.05335807800293
5125,10.877959251403809
5126,35.189476013183594
5127,28.118852615356445
5128,19.935771942138672
5129,14.801582336425781
5130,8.717638969421387
5131,22.586091995239258
5132,19.17799949645996
5133,6.538633346557617
5134,112.04965209960938
5135,140.66285705566406
5136,5.460659503936768
5137,22.26749610900879
5138,12.557668685913086
5139,6.7865400314331055
5140,4.904210090637207
5141,3.6712498664855957
5142,3.405376672744751
5143,3.2612228393554688
5144,3.1908164024353027
5145,15.548131942749023
5146,11.14988899230957
5147,11.233416557312012
5148,10.469801902770996
5149,11.444815635681152
5150,7.949513912200928
5151,7.7678914070129395
5152,6.869892120361328
5153,24.15724754333496
5154,13.863121032714844
5155,7.95590877532959
5156,6.068747520446777
5157,4.817814350128174
5158,4.544562339782715
5159,4.442765235900879
5160,4.372411727905273
5161,26.656272888183594
5162,15.22088623046875
5163,8.46602725982666
5164,6.080138683319092
5165,4.64940881729126
5166,4.3224968910217285
5167,4.127266883850098
5168,4.009943008422852
5169,25.15652847290039
5170,14.236896514892578
5171,7.636228561401367
5172,5.380959510803223
5173,4.083910942077637
5174,3.74383807182312
5175,3.561271905899048
5176,3.4642281532287598
5177,3.814189910888672
5178,34.501800537109375
5179,22.331865310668945
5180,14.254873275756836
5181,12.562843322753906
5182,10.819015502929688
5183,10.132730484008789
5184,9.918807983398438
5185,9.720354080200195
5186,21.02564239501953
5187,11.699271202087402
5188,16.35755729675293
5189,13.000277519226074
5190,19.285324096679688
5191,22.50429916381836
5192,12.672626495361328
5193,6.817051887512207
5194,4.89475679397583
5195,3.7762739658355713
5196,3.475734233856201
5197,3.3365120887756348
5198,3.2501819133758545
5199,22.55433464050293
5200,12.726896286010742
5201,6.839856147766113
5202,4.940275192260742
5203,3.833249092102051
5204,3.547116756439209
5205,3.4090206623077393
5206,3.321913719177246
5207,5.506816864013672
5208,6.276122570037842
5209,24.70531463623047
5210,14.270928382873535
5211,8.120941162109375
5212,6.52609920501709
5213,5.373600959777832
5214,5.0479254722595215
5215,4.897811412811279
5216,4.827456951141357
5217,24.69648551940918
5218,14.270946502685547
5219,8.120960235595703
5220,6.525313854217529
5221,5.372934818267822
5222,5.047294616699219
5223,4.897197723388672
5224,4.826850891113281
5225,22.800853729248047
5226,12.960416793823242
5227,7.110230922698975
5228,5.308889389038086
5229,4.192497253417969
5230,3.8717103004455566
5231,3.7336673736572266
5232,3.636197805404663
5233,22.87771224975586
5234,13.005760192871094
5235,7.123547077178955
5236,5.3363494873046875
5237,4.22636079788208
5238,3.916541337966919
5239,3.7770018577575684
5240,3.684501886367798
5241,22.986589431762695
5242,13.039719581604004
5243,7.105523109436035
5244,5.080270290374756
5245,3.9266128540039062
5246,3.6107077598571777
5247,3.479660749435425
5248,3.4054923057556152
5249,23.836515426635742
5250,13.671146392822266
5251,7.645227909088135
5252,5.9663567543029785
5253,4.835241317749023
5254,4.49611234664917
5255,4.349331378936768
5256,4.273804664611816
5257,23.961652755737305
5258,13.783626556396484
5259,7.7054443359375
5260,6.0056657791137695
5261,4.871619701385498
5262,4.539091110229492
5263,4.386246204376221
5264,4.304427146911621
5265,23.57479476928711
5266,13.515595436096191
5267,7.547849655151367
5268,5.861886501312256
5269,4.748122215270996
5270,4.423427581787109
5271,4.273473739624023
5272,4.18826961517334
5273,17.177818298339844
5274,21.114246368408203
5275,30.415164947509766
5276,1.4341648817062378
5277,29.416391372680664
5278,1.3738538026809692
5279,4.537277698516846
5280,4.328933238983154
5281,4.404821395874023
5282,4.4369049072265625
5283,173.6928253173828
5284,11.870782852172852
5285,3.8099589347839355
5286,5.446591854095459
5287,14.943723678588867
5288,6.073250770568848
5289,26.748477935791016
5290,21.977760314941406
5291,12.213654518127441
5292,6.384954452514648
5293,4.4515838623046875
5294,3.262209415435791
5295,2.940175771713257
5296,2.7862064838409424
5297,2.7004740238189697
5298,81.29985046386719
5299,30.058677673339844
5300,19.929136276245117
5301,16.814559936523438
5302,13.129878044128418
5303,283.1603698730469
5304,156.73719787597656
5305,121.1848373413086
5306,20.286468505859375
5307,18.81235122680664
5308,16.548053741455078
5309,12.0593843460083
5310,11.351975440979004
5311,21.086437225341797
5312,11.422252655029297
5313,5.654695987701416
5314,3.679537773132324
5315,2.5350804328918457
5316,2.1977438926696777
5317,2.0431199073791504
5318,1.979650855064392
5319,111.68009948730469
5320,23.12561798095703
5321,13.799063682556152
5322,8.642650604248047
5323,6.3895769119262695
5324,4.962632656097412
5325,4.649420738220215
5326,4.499990463256836
5327,4.390966892242432
5328,22.862850189208984
5329,12.977751731872559
5330,7.104724884033203
5331,5.252705097198486
5332,4.067999362945557
5333,3.7946386337280273
5334,3.658102512359619
5335,3.5837574005126953
5336,22.862850189208984
5337,12.977751731872559
5338,7.104724884033203
5339,5.252705097198486
5340,4.067999362945557
5341,3.7946386337280273
5342,3.658102512359619
5343,3.5837574005126953
5344,57.588199615478516
5345,21.619426727294922
5346,11.982725143432617
5347,6.264051914215088
5348,4.306843280792236
5349,3.145451307296753
5350,2.8197872638702393
5351,2.6618399620056152
5352,2.5996968746185303
5353,21.619426727294922
5354,11.982725143432617
5355,6.264051914215088
5356,4.306843280792236
5357,3.145451307296753
5358,2.8197872638702393
5359,2.6618399620056152
5360,2.5996968746185303
5361,13.423404693603516
5362,20.637067794799805
5363,11.173869132995605
5364,5.513000965118408
5365,3.556337833404541
5366,2.3741517066955566
5367,2.041506290435791
5368,1.897010326385498
5369,1.8265669345855713
5370,20.239805221557617
5371,10.845658302307129
5372,5.222448825836182
5373,3.307405948638916
5374,2.1854496002197266
5375,1.8632997274398804
5376,1.7204346656799316
5377,1.6419649124145508
5378,21.34196662902832
5379,11.83578872680664
5380,6.129599571228027
5381,4.154202461242676
5382,2.9980838298797607
5383,2.675933361053467
5384,2.526540517807007
5385,2.457526922225952
5386,20.239805221557617
5387,10.845658302307129
5388,5.222448825836182
5389,3.307405948638916
5390,2.1854496002197266
5391,1.8632997274398804
5392,1.7204346656799316
5393,1.6419649124145508
5394,20.712610244750977
5395,11.21821117401123
5396,5.552612781524658
5397,3.6020021438598633
5398,2.4491424560546875
5399,2.1235475540161133
5400,1.9729971885681152
5401,1.9050534963607788
5402,27.81694793701172
5403,16.638843536376953
5404,9.7996187210083
5405,7.211164951324463
5406,5.835422039031982
5407,5.456871032714844
5408,5.292120933532715
5409,5.197838306427002
5410,23.477209091186523
5411,13.2656831741333
5412,7.179372787475586
5413,5.121462821960449
5414,3.9440574645996094
5415,3.611544609069824
5416,3.474731206893921
5417,3.3956785202026367
5418,27.667863845825195
5419,16.868471145629883
5420,10.072937965393066
5421,7.706637859344482
5422,6.258443832397461
5423,5.8356523513793945
5424,5.647775173187256
5425,5.557252407073975
5426,4.318612098693848
5427,25.551504135131836
5428,15.033149719238281
5429,8.725690841674805
5430,6.639876842498779
5431,5.2862629890441895
5432,4.972263813018799
5433,4.836092472076416
5434,4.721700668334961
5435,4.208406448364258
5436,4.393679618835449
5437,4.202939033508301
5438,3.886075973510742
5439,3.7876510620117188
5440,10.770401000976562
5441,4.808917999267578
5442,9.969941139221191
5443,5.4181318283081055
5444,11.109212875366211
5445,8.491615295410156
5446,7.58891487121582
5447,6.276512145996094
5448,22.796934127807617
5449,12.901846885681152
5450,7.041664123535156
5451,5.239124298095703
5452,3.939222812652588
5453,3.666304111480713
5454,3.501434326171875
5455,3.420191764831543
5456,22.57315444946289
5457,12.625853538513184
5458,6.629371166229248
5459,4.63887357711792
5460,3.448894500732422
5461,3.103949785232544
5462,2.9283976554870605
5463,2.8403751850128174
5464,6.491265296936035
5465,3.134944200515747
5466,3.049973487854004
5467,23.072948455810547
5468,13.22426986694336
5469,7.121415615081787
5470,5.330423355102539
5471,4.113675117492676
5472,3.764529228210449
5473,3.6137287616729736
5474,3.5167384147644043
5475,11.30624008178711
5476,7.786803722381592
5477,21.927722930908203
5478,12.129812240600586
5479,6.253514289855957
5480,4.304591655731201
5481,3.101699113845825
5482,2.7901647090911865
5483,2.656069040298462
5484,2.550508499145508
5485,17.748119354248047
5486,410.1411437988281
5487,158.8279571533203
5488,81.97831726074219
5489,8.496553421020508
5490,9.575498580932617
5491,8.407894134521484
5492,10.410072326660156
5493,26.556684494018555
5494,15.634763717651367
5495,9.216304779052734
5496,7.21445369720459
5497,5.844493865966797
5498,5.466748237609863
5499,5.275864601135254
5500,5.136483669281006
5501,5.005850315093994
5502,8.628336906433105
5503,21.8673152923584
5504,12.504018783569336
5505,6.732741355895996
5506,4.96588659286499
5507,3.806999921798706
5508,3.4730918407440186
5509,3.3392951488494873
5510,3.234466075897217
5511,22.192373275756836
5512,12.30630111694336
5513,6.366796493530273
5514,4.421507835388184
5515,3.225590705871582
5516,2.9146106243133545
5517,2.7663888931274414
5518,2.6691064834594727
5519,44.197349548339844
5520,3.032693862915039
5521,28.42336654663086
5522,16.864635467529297
5523,9.766216278076172
5524,7.603099822998047
5525,6.069721698760986
5526,5.68956184387207
5527,5.500637531280518
5528,5.39074182510376
5529,13.431349754333496
5530,11.102680206298828
5531,9.741388320922852
5532,8.567550659179688
5533,63.1141357421875
5534,37.843101501464844
5535,26.237590789794922
5536,19.432655334472656
5537,16.801513671875
5538,66.50318145751953
5539,36.294395446777344
5540,24.562849044799805
5541,18.902944564819336
5542,15.336759567260742
5543,21.805217742919922
5544,12.184943199157715
5545,6.329182147979736
5546,4.404911518096924
5547,3.268311023712158
5548,2.9594359397888184
5549,2.8017590045928955
5550,2.708205223083496
5551,22.106306076049805
5552,12.259299278259277
5553,6.3602447509765625
5554,4.406632900238037
5555,3.2252988815307617
5556,2.910353183746338
5557,2.759312629699707
5558,2.671543598175049
5559,22.129838943481445
5560,12.289609909057617
5561,6.414826393127441
5562,4.469198703765869
5563,3.340569496154785
5564,3.040717363357544
5565,2.880082130432129
5566,2.795095920562744
5567,22.493202209472656
5568,12.67249870300293
5569,6.788215637207031
5570,4.759649753570557
5571,3.633575439453125
5572,3.323988199234009
5573,3.1721904277801514
5574,3.0852906703948975
5575,7.356935977935791
5576,6.699246883392334
5577,6.382419586181641
5578,6.299739837646484
5579,52.29294204711914
5580,23.394710540771484
5581,17.83658790588379
5582,12.412188529968262
5583,9.549654960632324
5584,8.972177505493164
5585,10.764250755310059
5586,57.58552932739258
5587,26.221214294433594
5588,18.220048904418945
5589,13.85116958618164
5590,10.666622161865234
5591,9.969267845153809
5592,29.9917049407959
5593,18.271711349487305
5594,11.50749397277832
5595,8.596831321716309
5596,6.891170501708984
5597,6.603541374206543
5598,6.472616195678711
5599,6.434524059295654
5600,21.670820236206055
5601,3.260594129562378
5602,3.069026231765747
5603,25.605792999267578
5604,14.429851531982422
5605,7.8111491203308105
5606,5.654908180236816
5607,4.384732246398926
5608,4.105143070220947
5609,3.941204309463501
5610,3.8330206871032715
5611,22.04732322692871
5612,12.375726699829102
5613,6.573671817779541
5614,4.680292129516602
5615,3.496793270111084
5616,3.1516337394714355
5617,3.0314393043518066
5618,2.9328389167785645
5619,19.798847198486328
5620,11.092547416687012
5621,5.753877639770508
5622,3.975712776184082
5623,2.995675802230835
5624,2.6932156085968018
5625,2.5770862102508545
5626,2.5067691802978516
5627,8.434103012084961
5628,8.25922966003418
5629,8.116326332092285
5630,7.73783016204834
5631,16.91425323486328
5632,22.554248809814453
5633,12.726564407348633
5634,6.767753601074219
5635,4.787374496459961
5636,3.648883581161499
5637,3.3298885822296143
5638,3.168050765991211
5639,3.0856566429138184
5640,23.260421752929688
5641,12.968016624450684
5642,6.825859069824219
5643,4.789181709289551
5644,3.5849759578704834
5645,3.2507567405700684
5646,3.0941739082336426
5647,3.013385057449341
5648,22.51215934753418
5649,12.66502571105957
5650,6.785060882568359
5651,4.788516044616699
5652,3.628957509994507
5653,3.313508987426758
5654,3.171098470687866
5655,3.0813300609588623
5656,39.91612243652344
5657,2.697356700897217
5658,8.994032859802246
5659,13.192062377929688
5660,23.108976364135742
5661,1.5684356689453125
5662,3.301224946975708
5663,36.21223449707031
5664,23.144447326660156
5665,16.651893615722656
5666,14.9591703414917
5667,13.452779769897461
5668,12.951594352722168
5669,13.102669715881348
5670,12.72143840789795
5671,23.678178787231445
5672,13.809473991394043
5673,7.666869640350342
5674,5.99042272567749
5675,4.91571044921875
5676,4.553757667541504
5677,4.402066707611084
5678,4.310913562774658
5679,8.102113723754883
5680,12.307389259338379
5681,58.40960693359375
5682,7.547232627868652
5683,60.31767272949219
5684,32.787662506103516
5685,23.794479370117188
5686,19.94895362854004
5687,23.80268096923828
5688,14.163535118103027
5689,7.989651679992676
5690,6.229388236999512
5691,5.138330459594727
5692,4.788586139678955
5693,4.623732089996338
5694,4.530220031738281
5695,23.28752899169922
5696,13.732254028320312
5697,7.640530586242676
5698,5.963733673095703
5699,4.925954341888428
5700,4.568387985229492
5701,4.410330295562744
5702,4.320883274078369
5703,23.32573699951172
5704,13.760944366455078
5705,7.657243728637695
5706,5.978732109069824
5707,4.935586929321289
5708,4.5771894454956055
5709,4.418868064880371
5710,4.327960968017578
5711,23.371273040771484
5712,13.777657508850098
5713,7.657156944274902
5714,5.955094814300537
5715,4.908409595489502
5716,4.536693096160889
5717,4.381740570068359
5718,4.293609619140625
5719,23.633493423461914
5720,13.766112327575684
5721,7.623863220214844
5722,5.940397262573242
5723,4.863714694976807
5724,4.505552291870117
5725,4.343810081481934
5726,4.252989292144775
5727,22.470130920410156
5728,12.868834495544434
5729,6.950089454650879
5730,5.150723457336426
5731,3.978041172027588
5732,3.647188901901245
5733,3.496905565261841
5734,3.3980398178100586
5735,22.078432083129883
5736,12.599947929382324
5737,6.773216247558594
5738,4.9568681716918945
5739,3.8147780895233154
5740,3.4882609844207764
5741,3.3481407165527344
5742,3.245366096496582
5743,22.552640914916992
5744,12.917071342468262
5745,6.972940444946289
5746,5.195887088775635
5747,4.069333076477051
5748,3.7246077060699463
5749,3.5822792053222656
5750,3.491978168487549
5751,22.37608528137207
5752,12.89941120147705
5753,6.972893238067627
5754,5.2277045249938965
5755,4.107832908630371
5756,3.7728922367095947
5757,3.6296396255493164
5758,3.5481185913085938
5759,25.143657684326172
5760,15.301177978515625
5761,9.086825370788574
5762,7.238874912261963
5763,6.145750999450684
5764,5.758658409118652
5765,5.588082313537598
5766,5.500583171844482
5767,23.66929817199707
5768,13.541802406311035
5769,7.62275505065918
5770,5.830232620239258
5771,4.657401084899902
5772,4.351006031036377
5773,4.212541103363037
5774,4.143731594085693
5775,23.480995178222656
5776,13.44962215423584
5777,7.565700531005859
5778,5.750075817108154
5779,4.569606781005859
5780,4.278954029083252
5781,4.136056423187256
5782,4.056729316711426
5783,20.441650390625
5784,11.264307975769043
5785,5.830158233642578
5786,3.991844415664673
5787,2.8289453983306885
5788,2.5171518325805664
5789,2.374263048171997
5790,2.2745115756988525
5791,22.88728904724121
5792,12.971491813659668
5793,7.14082670211792
5794,5.120100975036621
5795,3.945333480834961
5796,3.6597259044647217
5797,3.488774299621582
5798,3.405628204345703
5799,24.057796478271484
5800,13.93293285369873
5801,8.174379348754883
5802,6.245419502258301
5803,4.970698356628418
5804,4.679357528686523
5805,4.552273750305176
5806,4.486348628997803
5807,24.45306396484375
5808,14.202521324157715
5809,8.447617530822754
5810,6.621248722076416
5811,5.26603364944458
5812,4.963028907775879
5813,4.820806980133057
5814,4.757602691650391
5815,131.74827575683594
5816,25.93076515197754
5817,14.841477394104004
5818,8.430328369140625
5819,6.217618465423584
5820,4.848571300506592
5821,4.465269088745117
5822,4.224669456481934
5823,4.092545032501221
5824,9.366925239562988
5825,31.170684814453125
5826,23.393569946289062
5827,17.471065521240234
5828,14.959859848022461
5829,13.650505065917969
5830,22.588157653808594
5831,12.822872161865234
5832,6.919955253601074
5833,5.009228706359863
5834,3.8019416332244873
5835,3.448802947998047
5836,3.307673931121826
5837,3.227634906768799
5838,30.036359786987305
5839,18.07085609436035
5840,11.071924209594727
5841,8.881232261657715
5842,7.085335731506348
5843,6.6123857498168945
5844,6.396361351013184
5845,6.317183017730713
5846,30.48586654663086
5847,18.355133056640625
5848,11.234506607055664
5849,9.05678653717041
5850,7.205370903015137
5851,6.720097064971924
5852,6.502987861633301
5853,6.422600269317627
5854,6.409710884094238
5855,6.243000507354736
5856,23.693302154541016
5857,13.37345027923584
5858,7.130722522735596
5859,5.076042175292969
5860,3.884666919708252
5861,3.5217742919921875
5862,3.3842475414276123
5863,3.302311897277832
5864,24.598491668701172
5865,13.738349914550781
5866,7.236383438110352
5867,4.682461738586426
5868,2.970853090286255
5869,2.5522797107696533
5870,2.3097381591796875
5871,2.2386860847473145
5872,11.699724197387695
5873,12.305728912353516
5874,14.232892036437988
5875,14.716175079345703
5876,22.71403694152832
5877,20.94182777404785
5878,2.7068426609039307
5879,2.5562045574188232
5880,2.8802878856658936
5881,3.277355432510376
5882,7.512627124786377
5883,6.753596782684326
5884,5.40201997756958
5885,5.259754180908203
5886,1.9252125024795532
5887,8.593806266784668
5888,8.18376636505127
5889,7.1056060791015625
5890,5.9049224853515625
5891,12.549160957336426
5892,13.93259334564209
5893,13.173585891723633
5894,11.669663429260254
5895,11.392931938171387
5896,11.204580307006836
5897,29.43873405456543
5898,23.48761749267578
5899,16.35665512084961
5900,14.764301300048828
5901,11.122028350830078
5902,2.189959764480591
5903,2.8174500465393066
5904,26.786745071411133
5905,16.26243782043457
5906,10.07242488861084
5907,7.890439033508301
5908,6.4481048583984375
5909,6.058073997497559
5910,5.905802249908447
5911,5.813983917236328
5912,9.975382804870605
5913,9.185638427734375
5914,22.71605110168457
5915,12.869161605834961
5916,6.870383262634277
5917,4.931875228881836
5918,3.734846591949463
5919,3.40255069732666
5920,3.2742037773132324
5921,3.1858572959899902
5922,27.611949920654297
5923,15.818034172058105
5924,8.821528434753418
5925,6.208784580230713
5926,4.789363861083984
5927,4.41990327835083
5928,4.225241661071777
5929,4.128043174743652
5930,26.094327926635742
5931,14.040191650390625
5932,11.971691131591797
5933,10.128018379211426
5934,14.06239128112793
5935,9.862189292907715
5936,14.106775283813477
5937,10.435312271118164
5938,11.02692699432373
5939,26.255430221557617
5940,7.020447731018066
5941,3.3036227226257324
5942,28.56487274169922
5943,16.727994918823242
5944,10.178301811218262
5945,7.539247512817383
5946,5.93023157119751
5947,5.6092071533203125
5948,5.499633312225342
5949,41.63302993774414
5950,25.100296020507812
5951,18.1390380859375
5952,14.907788276672363
5953,11.630061149597168
5954,10.426384925842285
5955,44.063270568847656
5956,14.943943977355957
5957,33.53388214111328
5958,17.622753143310547
5959,10.74390697479248
5960,7.227937698364258
5961,4.846015930175781
5962,65.88617706298828
5963,28.252290725708008
5964,19.46510124206543
5965,17.59524154663086
5966,13.669422149658203
5967,30.839981079101562
5968,16.545499801635742
5969,10.2302885055542
5970,6.888498306274414
5971,4.707481384277344
5972,33.45209503173828
5973,17.949708938598633
5974,11.135602951049805
5975,7.413991928100586
5976,5.046698570251465
5977,4.849862575531006
5978,9.82902717590332
5979,16.160961151123047
5980,10.069639205932617
5981,6.870223045349121
5982,22.87800407409668
5983,12.786721229553223
5984,6.680398941040039
5985,4.637172698974609
5986,3.4531619548797607
5987,3.1109063625335693
5988,2.951916456222534
5989,2.866764545440674
5990,30.210060119628906
5991,18.082998275756836
5992,11.421499252319336
5993,9.076745986938477
5994,6.886378288269043
5995,6.5634589195251465
5996,6.662729740142822
5997,6.6014580726623535
5998,30.089691162109375
5999,18.023441314697266
6000,12.011809349060059
6001,9.613773345947266
6002,7.919800758361816
6003,7.434329986572266
6004,7.225988864898682
6005,7.234945297241211
6006,7.948265075683594
6007,6.523074626922607
6008,6.063862323760986
6009,4.611161708831787
6010,4.531944751739502
6011,64.384033203125
6012,11.947013854980469
6013,22.665847778320312
6014,12.61074161529541
6015,6.645335674285889
6016,4.662075996398926
6017,3.5014164447784424
6018,3.1866140365600586
6019,3.0299808979034424
6020,2.940697193145752
6021,29.855724334716797
6022,17.075279235839844
6023,10.193615913391113
6024,7.389391899108887
6025,5.6473541259765625
6026,5.402616500854492
6027,5.265892505645752
6028,5.136557579040527
6029,27.994285583496094
6030,16.343685150146484
6031,9.751749992370605
6032,7.33857536315918
6033,5.824730396270752
6034,5.577436447143555
6035,5.449766159057617
6036,28.5481014251709
6037,16.642459869384766
6038,9.877657890319824
6039,7.395285606384277
6040,5.818958282470703
6041,5.531538486480713
6042,5.409919738769531
6043,5.899064064025879
6044,27.780290603637695
6045,5.794356346130371
6046,1.7968144416809082
6047,26.384706497192383
6048,5.401193618774414
6049,1.619431734085083
6050,24.57425880432129
6051,5.272038459777832
6052,1.7436188459396362
6053,32.06301498413086
6054,22.70646095275879
6055,17.45393943786621
6056,14.98918628692627
6057,11.834005355834961
6058,22.552505493164062
6059,12.659805297851562
6060,6.7572784423828125
6061,4.75869083404541
6062,3.5245277881622314
6063,3.219329833984375
6064,3.0442991256713867
6065,2.9774246215820312
6066,5.533144950866699
6067,1.955836534500122
6068,26.139705657958984
6069,5.403276443481445
6070,1.6267386674880981
6071,22.157590866088867
6072,12.329436302185059
6073,6.436380386352539
6074,4.489222049713135
6075,3.296919107437134
6076,2.9754819869995117
6077,2.8194804191589355
6078,2.7259490489959717
6079,21.553985595703125
6080,12.022132873535156
6081,6.2435736656188965
6082,4.317739486694336
6083,3.175285816192627
6084,2.8533880710601807
6085,2.7033963203430176
6086,2.614814043045044
6087,11.68194580078125
6088,35.221805572509766
6089,14.316550254821777
6090,10.243072509765625
6091,6.307768821716309
6092,4.51285457611084
6093,4.512479782104492
6094,21.044601440429688
6095,11.697956085205078
6096,6.003607749938965
6097,4.090927600860596
6098,2.9822614192962646
6099,2.664762020111084
6100,2.5202221870422363
6101,2.437378168106079
6102,3.7434194087982178
6103,77.03480529785156
6104,52.76761245727539
6105,45.598724365234375
6106,14.585769653320312
6107,19.145050048828125
6108,5.194511413574219
6109,33.32354736328125
6110,28.659637451171875
6111,16.785730361938477
6112,9.882340431213379
6113,7.322934627532959
6114,5.903071880340576
6115,5.6435089111328125
6116,5.516456604003906
6117,5.388739109039307
6118,5.424609661102295
6119,120.01412200927734
6120,110.97093963623047
6121,27.32050895690918
6122,15.36894416809082
6123,8.272564888000488
6124,5.932526588439941
6125,4.520855903625488
6126,4.136409759521484
6127,3.88470458984375
6128,3.85158634185791
6129,26.96366310119629
6130,15.683520317077637
6131,9.030014991760254
6132,7.052319049835205
6133,5.849351406097412
6134,5.637929439544678
6135,5.489447593688965
6136,5.368157863616943
6137,43.786781311035156
6138,25.93889617919922
6139,15.632115364074707
6140,10.902888298034668
6141,10.756206512451172
6142,0.7765191197395325
6143,3.980806589126587
6144,35.553077697753906
6145,22.843887329101562
6146,12.962926864624023
6147,7.160024642944336
6148,5.1825079917907715
6149,4.018892765045166
6150,3.7313222885131836
6151,3.5604097843170166
6152,3.479755163192749
6153,22.843887329101562
6154,12.962926864624023
6155,7.160024642944336
6156,5.1825079917907715
6157,4.018892765045166
6158,3.7313222885131836
6159,3.5604097843170166
6160,3.479755163192749
6161,22.33480453491211
6162,13.037337303161621
6163,7.229671478271484
6164,5.261719226837158
6165,4.145403861999512
6166,3.8100476264953613
6167,3.668118953704834
6168,3.6028666496276855
6169,20.42677116394043
6170,4.176610946655273
6171,7.7616682052612305
6172,12.207159042358398
6173,10.424065589904785
6174,9.660510063171387
6175,8.407787322998047
6176,22.519535064697266
6177,12.577699661254883
6178,6.617924690246582
6179,4.6545305252075195
6180,3.513282060623169
6181,3.193166494369507
6182,3.023249387741089
6183,2.924572467803955
6184,22.661497116088867
6185,12.99407958984375
6186,6.9759345054626465
6187,5.197931289672852
6188,4.0493035316467285
6189,3.68523907661438
6190,3.54048228263855
6191,3.4170730113983154
6192,21.718786239624023
6193,12.188715934753418
6194,6.353825569152832
6195,4.446937561035156
6196,3.312865972518921
6197,2.9950790405273438
6198,2.858644962310791
6199,2.7663087844848633
6200,21.95272445678711
6201,12.300939559936523
6202,6.403617858886719
6203,4.480195045471191
6204,3.330707311630249
6205,3.0140609741210938
6206,2.8538973331451416
6207,2.762084722518921
6208,22.24971580505371
6209,12.495397567749023
6210,6.540904998779297
6211,4.577699661254883
6212,3.4370110034942627
6213,3.126617670059204
6214,2.9736504554748535
6215,2.883352041244507
6216,22.24971580505371
6217,12.495397567749023
6218,6.540904998779297
6219,4.577699661254883
6220,3.4370110034942627
6221,3.126617670059204
6222,2.9736504554748535
6223,2.883352041244507
6224,27.087697982788086
6225,15.30346393585205
6226,8.26718807220459
6227,6.059780120849609
6228,4.742127895355225
6229,4.375566005706787
6230,4.172712326049805
6231,4.051783084869385
6232,24.982131958007812
6233,14.003347396850586
6234,7.479732036590576
6235,5.431609630584717
6236,4.163785457611084
6237,3.829085111618042
6238,3.6543843746185303
6239,3.5364320278167725
6240,22.546812057495117
6241,12.687089920043945
6242,6.7810492515563965
6243,4.775525093078613
6244,3.616239309310913
6245,3.2933499813079834
6246,3.152575969696045
6247,3.0594401359558105
6248,22.249454498291016
6249,12.303506851196289
6250,6.3955397605896
6251,4.464693069458008
6252,3.277432680130005
6253,2.955338954925537
6254,2.807509183883667
6255,2.7098135948181152
6256,22.754152297973633
6257,12.821527481079102
6258,6.878118515014648
6259,4.854686260223389
6260,3.701436996459961
6261,3.380551815032959
6262,3.2369959354400635
6263,3.1489336490631104
6264,23.626197814941406
6265,13.369836807250977
6266,7.307636737823486
6267,5.311923503875732
6268,4.06478214263916
6269,3.7402031421661377
6270,3.5958456993103027
6271,3.504486322402954
6272,22.421445846557617
6273,12.572200775146484
6274,6.606084823608398
6275,4.664192199707031
6276,3.491499185562134
6277,3.1752688884735107
6278,3.006779670715332
6279,2.918801784515381
6280,22.651580810546875
6281,12.746573448181152
6282,6.833410263061523
6283,4.802744388580322
6284,3.6513671875
6285,3.334768772125244
6286,3.19006609916687
6287,3.0999133586883545
6288,27.951679229736328
6289,16.549070358276367
6290,9.587611198425293
6291,7.388580799102783
6292,5.898773193359375
6293,5.512046813964844
6294,5.324336528778076
6295,5.200275897979736
6296,10.574685096740723
6297,9.764232635498047
6298,6.271665573120117
6299,5.453496932983398
6300,61.133487701416016
6301,37.29098892211914
6302,17.47216033935547
6303,15.300559997558594
6304,13.962279319763184
6305,3.689929485321045
6306,44.715126037597656
6307,17.39835548400879
6308,10.771015167236328
6309,22.548053741455078
6310,12.824113845825195
6311,7.038028717041016
6312,5.32681941986084
6313,4.110463619232178
6314,3.7645816802978516
6315,3.613128423690796
6316,3.5129928588867188
6317,143.70843505859375
6318,129.3289031982422
6319,24.046157836914062
6320,21.989072799682617
6321,12.135415077209473
6322,6.232255935668945
6323,4.244375705718994
6324,3.1253154277801514
6325,2.809047222137451
6326,2.6618196964263916
6327,2.554025411605835
6328,21.852458953857422
6329,12.15124225616455
6330,6.246881008148193
6331,4.293999195098877
6332,3.1990132331848145
6333,2.867178440093994
6334,2.752274513244629
6335,2.627166509628296
6336,5.541161060333252
6337,22.322980880737305
6338,31.01589584350586
6339,2.1216259002685547
6340,5.5772857666015625
6341,7.697991847991943
6342,11.899539947509766
6343,6.263442516326904
6344,28.821889877319336
6345,16.893482208251953
6346,10.102654457092285
6347,7.552099227905273
6348,6.000054359436035
6349,5.715263366699219
6350,5.568792343139648
6351,5.47451114654541
6352,28.821889877319336
6353,16.893482208251953
6354,10.102654457092285
6355,7.552099227905273
6356,6.000054359436035
6357,5.715263366699219
6358,5.568792343139648
6359,5.47451114654541
6360,23.09539031982422
6361,13.17109489440918
6362,7.629125595092773
6363,5.634388446807861
6364,4.549496650695801
6365,4.289150714874268
6366,4.187213897705078
6367,29.17595863342285
6368,17.1204776763916
6369,10.219426155090332
6370,7.714224338531494
6371,6.3067193031311035
6372,5.951380729675293
6373,5.775589466094971
6374,5.689115524291992
6375,22.8936767578125
6376,12.891278266906738
6377,7.067685604095459
6378,5.094080924987793
6379,3.808178663253784
6380,3.505058765411377
6381,3.3422489166259766
6382,3.2632579803466797
6383,26.31344985961914
6384,15.205846786499023
6385,8.567684173583984
6386,6.197167873382568
6387,4.807438373565674
6388,4.504291534423828
6389,4.370842933654785
6390,4.213213920593262
6391,11.04241943359375
6392,35.44845962524414
6393,26.33081817626953
6394,11.921878814697266
6395,6.42524528503418
6396,10.176268577575684
6397,23.299938201904297
6398,13.163260459899902
6399,7.39193058013916
6400,5.377534866333008
6401,4.136675834655762
6402,3.8545050621032715
6403,21.942480087280273
6404,12.178576469421387
6405,6.412583827972412
6406,4.410403251647949
6407,3.323726177215576
6408,3.0060226917266846
6409,2.8540103435516357
6410,2.780604124069214
6411,8.77415657043457
6412,7.857539653778076
6413,9.548312187194824
6414,9.950240135192871
6415,22.91167640686035
6416,12.821634292602539
6417,6.712100982666016
6418,4.628066062927246
6419,3.3588027954101562
6420,3.0513224601745605
6421,2.9101366996765137
6422,2.876263380050659
6423,21.577613830566406
6424,23.812679290771484
6425,23.32659339904785
6426,12.9954252243042
6427,7.151276588439941
6428,5.166523456573486
6429,3.8529043197631836
6430,3.5393245220184326
6431,3.429903507232666
6432,21.881254196166992
6433,12.10012149810791
6434,6.834056377410889
6435,4.581127643585205
6436,3.186427116394043
6437,2.8038136959075928
6438,2.6920289993286133
6439,28.3439998626709
6440,18.77958106994629
6441,12.034790992736816
6442,9.208165168762207
6443,7.6778564453125
6444,7.345668792724609
6445,7.133420467376709
6446,7.059710502624512
6447,86.85777282714844
6448,45.05792236328125
6449,28.69158172607422
6450,22.064714431762695
6451,19.853271484375
6452,33.35283279418945
6453,36.99095153808594
6454,11.789258003234863
6455,8.886580467224121
6456,8.12888240814209
6457,7.193065166473389
6458,6.837011337280273
6459,17.510852813720703
6460,13.56312370300293
6461,12.333115577697754
6462,10.001676559448242
6463,6.08699893951416
6464,4.507397651672363
6465,5.14257287979126
6466,5.265024662017822
6467,4.051645278930664
6468,9.15604019165039
6469,9.14171314239502
6470,4.770690441131592
6471,5.914806365966797
6472,9.215961456298828
6473,6.21402645111084
6474,5.548334121704102
6475,4.690845966339111
6476,77.75084686279297
6477,7.250883102416992
6478,5.772775173187256
6479,5.129160404205322
6480,4.528085708618164
6481,9.684466361999512
6482,28.07146644592285
6483,16.357154846191406
6484,9.41269302368164
6485,6.838923454284668
6486,5.382515907287598
6487,5.137589454650879
6488,4.983477592468262
6489,4.858726501464844
6490,31.97146987915039
6491,18.947431564331055
6492,11.105938911437988
6493,8.629718780517578
6494,7.238358020782471
6495,6.778807640075684
6496,6.605429172515869
6497,6.562229633331299
6498,21.625457763671875
6499,12.049742698669434
6500,6.303653240203857
6501,4.324240684509277
6502,3.1946263313293457
6503,2.885918617248535
6504,2.718527317047119
6505,2.64692759513855
6506,22.37059783935547
6507,12.599803924560547
6508,6.7353596687316895
6509,4.863956451416016
6510,3.7685859203338623
6511,3.4827585220336914
6512,3.3333585262298584
6513,3.255242347717285
6514,8.612872123718262
6515,5.408562660217285
6516,13.80089282989502
6517,10.7191801071167
6518,19.543020248413086
6519,21.63275146484375
6520,12.002708435058594
6521,6.108834266662598
6522,4.175487995147705
6523,3.1327083110809326
6524,2.791139602661133
6525,2.6544039249420166
6526,2.559061050415039
6527,9.375603675842285
6528,8.436223983764648
6529,7.66450834274292
6530,45.97414016723633
6531,5.721343517303467
6532,22.368867874145508
6533,12.742144584655762
6534,6.846909523010254
6535,4.837247848510742
6536,3.6858551502227783
6537,3.3131103515625
6538,3.1665778160095215
6539,3.1156516075134277
6540,25.460649490356445
6541,15.439241409301758
6542,9.019647598266602
6543,7.168109893798828
6544,5.884676933288574
6545,5.604669094085693
6546,5.4533491134643555
6547,5.35966157913208
6548,28.309507369995117
6549,17.04913330078125
6550,10.227011680603027
6551,7.756344318389893
6552,6.285117149353027
6553,5.941813945770264
6554,5.77656364440918
6555,5.615678787231445
6556,22.598485946655273
6557,12.868864059448242
6558,6.969974994659424
6559,4.956442832946777
6560,3.8176841735839844
6561,3.4326937198638916
6562,3.2904105186462402
6563,3.236985206604004
6564,25.43308448791504
6565,15.421854972839355
6566,9.01654052734375
6567,7.2234954833984375
6568,5.921590805053711
6569,5.658665657043457
6570,5.508626937866211
6571,5.417030334472656
6572,26.557144165039062
6573,15.050464630126953
6574,8.396883010864258
6575,6.032812118530273
6576,4.673590660095215
6577,4.273441791534424
6578,4.067624092102051
6579,3.961421251296997
6580,17.916000366210938
6581,25.292972564697266
6582,14.618176460266113
6583,8.496745109558105
6584,6.376406669616699
6585,5.165842056274414
6586,4.763854503631592
6587,4.559700965881348
6588,4.417758941650391
6589,2.001685619354248
6590,12.514151573181152
6591,8.504788398742676
6592,6.935684680938721
6593,5.291153907775879
6594,4.916648864746094
6595,4.52818489074707
6596,25.57844352722168
6597,15.625090599060059
6598,9.239839553833008
6599,7.352840423583984
6600,6.058897972106934
6601,5.786391258239746
6602,5.611859321594238
6603,5.517885208129883
6604,26.23444175720215
6605,4.506452560424805
6606,23.095191955566406
6607,13.112504005432129
6608,7.259598731994629
6609,5.258573532104492
6610,4.077220916748047
6611,3.7888786792755127
6612,3.6160788536071777
6613,3.5342841148376465
6614,23.095191955566406
6615,13.112504005432129
6616,7.259598731994629
6617,5.258573532104492
6618,4.077220916748047
6619,3.7888786792755127
6620,3.6160788536071777
6621,3.5342841148376465
6622,28.758747100830078
6623,16.824819564819336
6624,9.940385818481445
6625,7.337992191314697
6626,5.855843544006348
6627,5.562147617340088
6628,5.4001383781433105
6629,5.294559955596924
6630,28.8194637298584
6631,16.801252365112305
6632,9.916141510009766
6633,7.286643028259277
6634,5.821443557739258
6635,5.525841236114502
6636,5.372189521789551
6637,5.2665815353393555
6638,28.926332473754883
6639,17.088491439819336
6640,10.006343841552734
6641,7.883169651031494
6642,6.354006290435791
6643,5.965847492218018
6644,5.788435935974121
6645,5.701003074645996
6646,30.487468719482422
6647,18.437641143798828
6648,10.945535659790039
6649,8.808259010314941
6650,7.182667255401611
6651,6.75240421295166
6652,6.5357666015625
6653,6.431798934936523
6654,8.180008888244629
6655,5.264865398406982
6656,4.174759387969971
6657,3.8504161834716797
6658,8.781707763671875
6659,6.265685081481934
6660,6.198143005371094
6661,5.486294746398926
6662,23.285850524902344
6663,13.307551383972168
6664,7.539763927459717
6665,5.636626720428467
6666,4.351131916046143
6667,4.047425746917725
6668,3.917306423187256
6669,3.8368380069732666
6670,6.007802486419678
6671,8.12587833404541
6672,2.4966330528259277
6673,10.386907577514648
6674,22.325687408447266
6675,12.549120903015137
6676,6.615316390991211
6677,4.673615455627441
6678,3.4945080280303955
6679,3.181962013244629
6680,3.0412399768829346
6681,2.9508700370788574
6682,22.006805419921875
6683,12.2146635055542
6684,6.443485260009766
6685,4.515136241912842
6686,3.306216239929199
6687,2.977036476135254
6688,2.8216710090637207
6689,2.721801996231079
6690,22.006805419921875
6691,12.2146635055542
6692,6.443485260009766
6693,4.515136241912842
6694,3.306216239929199
6695,2.977036476135254
6696,2.8216710090637207
6697,2.721801996231079
6698,23.011091232299805
6699,14.840412139892578
6700,8.847062110900879
6701,6.56583833694458
6702,5.342942714691162
6703,4.98222541809082
6704,4.845175743103027
6705,4.752106666564941
6706,7.702508926391602
6707,18.887073516845703
6708,16.052824020385742
6709,14.234378814697266
6710,11.586305618286133
6711,9.86880874633789
6712,22.791919708251953
6713,12.904668807983398
6714,7.109793186187744
6715,5.104548931121826
6716,3.9428656101226807
6717,3.657261610031128
6718,3.4896445274353027
6719,3.4086241722106934
6720,28.8194637298584
6721,16.801252365112305
6722,9.916141510009766
6723,7.286643028259277
6724,5.821443557739258
6725,5.525841236114502
6726,5.372189521789551
6727,5.2665815353393555
6728,3.374854803085327
6729,43.038169860839844
6730,23.826141357421875
6731,14.277878761291504
6732,11.219156265258789
6733,7.180726051330566
6734,6.118977069854736
6735,5.730370044708252
6736,5.606203556060791
6737,5.866872787475586
6738,26.195674896240234
6739,15.256772994995117
6740,8.727937698364258
6741,6.48175048828125
6742,5.3244948387146
6743,4.950751781463623
6744,4.7817511558532715
6745,4.656108856201172
6746,3.36462140083313
6747,59.54581069946289
6748,33.66896438598633
6749,26.318544387817383
6750,20.26555061340332
6751,29.798980712890625
6752,18.38800048828125
6753,11.17279052734375
6754,8.989344596862793
6755,7.6078410148620605
6756,7.33539342880249
6757,7.287700176239014
6758,7.139559745788574
6759,23.153606414794922
6760,13.089380264282227
6761,7.000919342041016
6762,4.982880115509033
6763,3.8069329261779785
6764,3.4813365936279297
6765,3.3298988342285156
6766,3.253293514251709
6767,19.731658935546875
6768,10.785310745239258
6769,5.561307907104492
6770,3.494457244873047
6771,2.4067111015319824
6772,2.049004077911377
6773,1.918499231338501
6774,2.9830784797668457
6775,27.359203338623047
6776,17.10519790649414
6777,11.64184284210205
6778,8.690842628479004
6779,7.269454479217529
6780,6.996858596801758
6781,6.843842506408691
6782,6.784739017486572
6783,27.05999755859375
6784,16.940601348876953
6785,11.411799430847168
6786,8.421932220458984
6787,6.9897942543029785
6788,6.740042209625244
6789,6.541101455688477
6790,6.461690902709961
6791,27.91596794128418
6792,17.40630340576172
6793,11.787004470825195
6794,8.751545906066895
6795,7.3401618003845215
6796,7.071646690368652
6797,6.895909309387207
6798,6.831010818481445
6799,21.606069564819336
6800,12.04610538482666
6801,6.277103424072266
6802,4.323179244995117
6803,3.202622652053833
6804,2.912036418914795
6805,2.766035556793213
6806,2.680896043777466
6807,21.711523056030273
6808,12.104751586914062
6809,6.370169162750244
6810,4.329459190368652
6811,3.2048449516296387
6812,2.863640785217285
6813,2.715566396713257
6814,2.645664691925049
6815,21.830669403076172
6816,12.22552490234375
6817,6.43821382522583
6818,4.451765537261963
6819,3.3692190647125244
6820,3.091332197189331
6821,2.932529926300049
6822,2.8537774085998535
6823,21.251535415649414
6824,11.770082473754883
6825,6.103606224060059
6826,4.099359035491943
6827,3.005106210708618
6828,2.675478935241699
6829,2.5123424530029297
6830,2.443836212158203
6831,21.49951934814453
6832,11.986759185791016
6833,6.251046657562256
6834,4.2852349281311035
6835,3.172217845916748
6836,2.8699076175689697
6837,2.7108428478240967
6838,2.64064359664917
6839,21.666305541992188
6840,12.113388061523438
6841,6.392942428588867
6842,4.388700485229492
6843,3.2975387573242188
6844,2.974848985671997
6845,2.822467565536499
6846,2.7482471466064453
6847,21.07784652709961
6848,11.65496826171875
6849,5.974128723144531
6850,4.002689838409424
6851,2.837329387664795
6852,2.518918752670288
6853,2.3661398887634277
6854,2.294304847717285
6855,21.696481704711914
6856,12.097180366516113
6857,6.367213249206543
6858,4.337717056274414
6859,3.202425241470337
6860,2.8611338138580322
6861,2.714648485183716
6862,2.6446475982666016
6863,28.581451416015625
6864,16.92758560180664
6865,10.001642227172852
6866,7.874982833862305
6867,6.453987121582031
6868,6.206560134887695
6869,6.034974575042725
6870,5.941475868225098
6871,21.595680236816406
6872,12.03469467163086
6873,6.326498031616211
6874,4.291691303253174
6875,3.1639840602874756
6876,2.8283236026763916
6877,2.6818296909332275
6878,2.6130294799804688
6879,22.97418785095215
6880,12.833765029907227
6881,6.691021919250488
6882,4.687604904174805
6883,3.456695318222046
6884,3.1239559650421143
6885,2.973090887069702
6886,2.8779680728912354
6887,51.9241943359375
6888,8.72739315032959
6889,9.697269439697266
6890,12.799182891845703
6891,12.26391887664795
6892,7.901003837585449
6893,7.4154438972473145
6894,11.017097473144531
6895,3.5924792289733887
6896,58.02693176269531
6897,26.55782127380371
6898,15.212506294250488
6899,8.31215763092041
6900,6.184643268585205
6901,4.922977447509766
6902,4.581489086151123
6903,4.450042724609375
6904,4.369205474853516
6905,24.07525062561035
6906,13.476829528808594
6907,7.058082580566406
6908,4.946258544921875
6909,3.640467405319214
6910,3.3053078651428223
6911,3.143826961517334
6912,3.0610854625701904
6913,21.167118072509766
6914,14.199816703796387
6915,12.332656860351562
6916,10.503283500671387
6917,26.480175018310547
6918,15.321928977966309
6919,9.01681900024414
6920,6.357420444488525
6921,4.950741767883301
6922,4.634171009063721
6923,35.980926513671875
6924,1.9501426219940186
6925,1.922455906867981
6926,3.2827179431915283
6927,3.253843307495117
6928,5.423197269439697
6929,7.337541103363037
6930,22.562458038330078
6931,12.542848587036133
6932,6.508211135864258
6933,4.4931254386901855
6934,3.304697275161743
6935,2.948049545288086
6936,2.789393424987793
6937,2.7051477432250977
6938,25.40065574645996
6939,43.82927322387695
6940,17.220613479614258
6941,22.11024284362793
6942,12.446769714355469
6943,6.641084671020508
6944,4.756168842315674
6945,3.601608991622925
6946,3.3223676681518555
6947,3.1881885528564453
6948,3.105884313583374
6949,22.065467834472656
6950,12.416537284851074
6951,6.6229681968688965
6952,4.759871959686279
6953,3.6010191440582275
6954,3.3256494998931885
6955,3.186507225036621
6956,3.1042542457580566
6957,22.727720260620117
6958,12.865132331848145
6959,6.868594646453857
6960,4.915787220001221
6961,3.7223432064056396
6962,3.396773338317871
6963,3.2786166667938232
6964,3.186347007751465
6965,5.7639994621276855
6966,29.64666175842285
6967,16.970369338989258
6968,10.384255409240723
6969,7.844796180725098
6970,6.393130779266357
6971,6.11262845993042
6972,6.018058776855469
6973,5.934377670288086
6974,31.798227310180664
6975,141.5467529296875
6976,18.599042892456055
6977,24.747066497802734
6978,14.426761627197266
6979,8.075233459472656
6980,6.3391571044921875
6981,5.002597808837891
6982,4.726424694061279
6983,4.550985813140869
6984,4.442905902862549
6985,36.454776763916016
6986,30.930362701416016
6987,26.610551834106445
6988,112.05601501464844
6989,22.954132080078125
6990,13.04752254486084
6991,7.131930351257324
6992,5.207482814788818
6993,4.100736141204834
6994,3.777825355529785
6995,3.6377625465393066
6996,3.5438854694366455
6997,12.501072883605957
6998,29.734432220458984
6999,17.372570037841797
7000,9.930310249328613
7001,7.309950351715088
7002,5.961129665374756
7003,5.611066818237305
7004,5.440176010131836
7005,5.39292049407959
7006,19.30682945251465
7007,22.503063201904297
7008,14.853960037231445
7009,12.202927589416504
7010,9.339649200439453
7011,6.2488694190979
7012,5.452304840087891
7013,6.149346828460693
7014,4.612336158752441
7015,7.6764326095581055
7016,6.2208757400512695
7017,24.525638580322266
7018,14.241345405578613
7019,8.142118453979492
7020,6.393040180206299
7021,5.063539505004883
7022,4.659675121307373
7023,4.492602825164795
7024,4.419766426086426
7025,17.088760375976562
7026,8.549030303955078
7027,27.77865219116211
7028,16.411521911621094
7029,9.448104858398438
7030,7.1641845703125
7031,5.670936584472656
7032,5.292957305908203
7033,5.122026443481445
7034,4.974462032318115
7035,11.141436576843262
7036,10.217978477478027
7037,9.141266822814941
7038,8.185628890991211
7039,21.573345184326172
7040,11.909957885742188
7041,6.170013904571533
7042,4.299820899963379
7043,3.134427547454834
7044,2.8293559551239014
7045,2.6869187355041504
7046,2.5948050022125244
7047,29.720176696777344
7048,17.443662643432617
7049,10.061186790466309
7050,7.576857566833496
7051,6.201591491699219
7052,5.837966442108154
7053,5.6510796546936035
7054,5.590136528015137
7055,28.499263763427734
7056,16.715557098388672
7057,9.764835357666016
7058,7.478142738342285
7059,5.978831768035889
7060,5.614495277404785
7061,5.4398322105407715
7062,5.328907489776611
7063,24.6787109375
7064,13.996295928955078
7065,8.104403495788574
7066,5.919676303863525
7067,4.814573764801025
7068,4.51919412612915
7069,24.409957885742188
7070,13.838491439819336
7071,8.007184982299805
7072,5.841373443603516
7073,4.753970146179199
7074,4.46189022064209
7075,3.537266969680786
7076,4.822486400604248
7077,2.930307626724243
7078,3.515989303588867
7079,3.453748941421509
7080,3.4524242877960205
7081,3.7517154216766357
7082,6.476895809173584
7083,21.794652938842773
7084,12.115355491638184
7085,6.301851749420166
7086,4.3598480224609375
7087,3.219177484512329
7088,2.8916733264923096
7089,2.724226474761963
7090,2.6347169876098633
7091,22.162582397460938
7092,12.30912971496582
7093,6.389126777648926
7094,4.41868257522583
7095,3.2507543563842773
7096,2.9176454544067383
7097,2.7612104415893555
7098,2.681703567504883
7099,2.173757553100586
7100,7.48289680480957
7101,9.672900199890137
7102,16.42753791809082
7103,25.368732452392578
7104,14.396961212158203
7105,14.112643241882324
7106,29.770889282226562
7107,25.609291076660156
7108,50.23161697387695
7109,24.476688385009766
7110,16.250885009765625
7111,14.454357147216797
7112,31.008407592773438
7113,27.030263900756836
7114,31.738121032714844
7115,12.089730262756348
7116,85.3499526977539
7117,7.383403778076172
7118,27.739288330078125
7119,27.142017364501953
7120,15.722966194152832
7121,35.51372146606445
7122,8.400398254394531
7123,22.63986587524414
7124,12.77297592163086
7125,6.788654327392578
7126,4.804494380950928
7127,3.663867473602295
7128,3.343590497970581
7129,3.181227207183838
7130,3.0997040271759033
7131,10.503519058227539
7132,8.43364143371582
7133,35.07744216918945
7134,12.434595108032227
7135,23.074268341064453
7136,12.864018440246582
7137,6.737214088439941
7138,4.718992233276367
7139,3.5008153915405273
7140,3.1892201900482178
7141,3.030590534210205
7142,2.9448764324188232
7143,22.318286895751953
7144,12.315275192260742
7145,6.3650407791137695
7146,4.393889904022217
7147,3.207852363586426
7148,2.883147716522217
7149,2.7214910984039307
7150,2.617846727371216
7151,15.524505615234375
7152,8.652786254882812
7153,6.1111040115356445
7154,6.197555065155029
7155,2.1226255893707275
7156,141.04330444335938
7157,27.945720672607422
7158,16.66072654724121
7159,9.8793363571167
7160,7.69730806350708
7161,6.184603214263916
7162,5.78168249130249
7163,5.590550899505615
7164,5.459361553192139
7165,16.83014678955078
7166,4.328088283538818
7167,3.751267910003662
7168,3.737752676010132
7169,10.705038070678711
7170,1.726700782775879
7171,2.4189043045043945
7172,59.49998092651367
7173,49.61640548706055
7174,44.70698547363281
7175,31.673952102661133
7176,10.194663047790527
7177,3.796649694442749
7178,3.59730863571167
7179,3.7508766651153564
7180,27.487565994262695
7181,15.892297744750977
7182,8.970826148986816
7183,6.777781963348389
7184,5.3326239585876465
7185,4.934846878051758
7186,4.771854877471924
7187,4.678802967071533
7188,9.343737602233887
7189,28.955677032470703
7190,17.264665603637695
7191,10.260527610778809
7192,8.397151947021484
7193,6.629941463470459
7194,6.2196526527404785
7195,6.032903671264648
7196,5.915624141693115
7197,27.434673309326172
7198,7.575802803039551
7199,3.5019876956939697
7200,24.054384231567383
7201,14.127553939819336
7202,8.857324600219727
7203,6.393800258636475
7204,5.0119709968566895
7205,4.713379383087158
7206,32.54606246948242
7207,20.621829986572266
7208,12.508037567138672
7209,9.14372730255127
7210,7.5417866706848145
7211,7.228410243988037
7212,13.531510353088379
7213,10.369606018066406
7214,9.84788703918457
7215,8.536046981811523
7216,12.925948143005371
7217,10.719401359558105
7218,9.078917503356934
7219,8.272342681884766
7220,3.271773338317871
7221,3.3226442337036133
7222,5.778546333312988
7223,29.022825241088867
7224,16.824337005615234
7225,9.575204849243164
7226,6.945621967315674
7227,5.446268081665039
7228,5.114477157592773
7229,4.8708038330078125
7230,4.777993679046631
7231,22.920671463012695
7232,12.908777236938477
7233,6.921450614929199
7234,4.889971733093262
7235,3.7105581760406494
7236,3.381650686264038
7237,3.2388756275177
7238,3.1507654190063477
7239,2.5962705612182617
7240,24.70708465576172
7241,27.669841766357422
7242,8.589377403259277
7243,12.712080001831055
7244,14.898578643798828
7245,12.132561683654785
7246,11.739205360412598
7247,9.93820858001709
7248,6.178791046142578
7249,6.628314971923828
7250,15.37509536743164
7251,11.35140609741211
7252,9.318414688110352
7253,8.442098617553711
7254,13.486902236938477
7255,9.539934158325195
7256,8.06308364868164
7257,7.346994400024414
7258,9.804971694946289
7259,10.581853866577148
7260,7.679531097412109
7261,6.92338752746582
7262,6.120927333831787
7263,10.112000465393066
7264,8.573270797729492
7265,7.245125770568848
7266,6.400975227355957
7267,79.51763916015625
7268,60.85613250732422
7269,55.040035247802734
7270,51.969932556152344
7271,9.304722785949707
7272,15.501379013061523
7273,7.595652103424072
7274,6.711719036102295
7275,7.322154998779297
7276,3.476728677749634
7277,4.160226345062256
7278,4.837403297424316
7279,37.86294937133789
7280,26.736358642578125
7281,17.33786392211914
7282,13.368498802185059
7283,12.280086517333984
7284,11.56021499633789
7285,11.43745231628418
7286,11.53296947479248
7287,26.26949119567871
7288,15.467247009277344
7289,8.935083389282227
7290,7.013632774353027
7291,5.70430850982666
7292,5.441484451293945
7293,5.295965194702148
7294,5.186409950256348
7295,27.60860824584961
7296,16.271530151367188
7297,9.424728393554688
7298,7.246244430541992
7299,5.753683090209961
7300,5.423827171325684
7301,5.24891996383667
7302,5.128202438354492
7303,22.884883880615234
7304,12.853838920593262
7305,6.776151180267334
7306,4.787838935852051
7307,3.5737791061401367
7308,3.210405111312866
7309,3.0347957611083984
7310,2.9290544986724854
7311,21.44847297668457
7312,11.906225204467773
7313,6.200229644775391
7314,4.198915481567383
7315,3.071143627166748
7316,2.750610828399658
7317,2.5992143154144287
7318,2.527151107788086
7319,23.61274528503418
7320,13.480700492858887
7321,7.432400703430176
7322,5.560714244842529
7323,4.419790744781494
7324,4.056310653686523
7325,3.907151222229004
7326,3.8151321411132812
7327,21.969892501831055
7328,12.331191062927246
7329,6.663551330566406
7330,4.668700218200684
7331,3.405057668685913
7332,3.061279773712158
7333,2.8980636596679688
7334,2.8374762535095215
7335,27.6149959564209
7336,16.327951431274414
7337,9.45331859588623
7338,7.2797136306762695
7339,5.796993255615234
7340,5.476346015930176
7341,5.29868221282959
7342,5.1590142250061035
7343,20.756454467773438
7344,11.358067512512207
7345,5.717574119567871
7346,3.7583250999450684
7347,2.6057212352752686
7348,2.2608706951141357
7349,2.107600212097168
7350,2.042832136154175
7351,20.681774139404297
7352,11.403244018554688
7353,5.79686975479126
7354,3.851177215576172
7355,2.6891133785247803
7356,2.351884126663208
7357,2.2175958156585693
7358,2.1509523391723633
7359,20.603988647460938
7360,11.23153018951416
7361,5.622824668884277
7362,3.688727378845215
7363,2.5570473670959473
7364,2.2160611152648926
7365,2.057903528213501
7366,1.986174464225769
7367,21.51370620727539
7368,11.936800003051758
7369,6.264191150665283
7370,4.24245548248291
7371,3.113968849182129
7372,2.7675137519836426
7373,2.6132869720458984
7374,2.5467028617858887
7375,20.778846740722656
7376,11.430036544799805
7377,5.7943196296691895
7378,3.840932607650757
7379,2.667788505554199
7380,2.33278751373291
7381,2.1911141872406006
7382,2.121565580368042
7383,21.731399536132812
7384,12.009815216064453
7385,6.070014476776123
7386,4.019223213195801
7387,2.7734365463256836
7388,2.421708583831787
7389,2.283970355987549
7390,2.2148566246032715
7391,21.07019805908203
7392,11.615262031555176
7393,5.91585111618042
7394,3.9790635108947754
7395,2.822812557220459
7396,2.501300811767578
7397,2.336125373840332
7398,2.267446517944336
7399,23.768531799316406
7400,13.494124412536621
7401,7.3101654052734375
7402,5.264311790466309
7403,4.065445423126221
7404,3.7149128913879395
7405,3.568312168121338
7406,3.4774153232574463
7407,9.701085090637207
7408,80.32737731933594
7409,24.583974838256836
7410,12.96749210357666
7411,9.585493087768555
7412,8.778010368347168
7413,7.622523307800293
7414,24.527284622192383
7415,13.921638488769531
7416,7.557650089263916
7417,5.404207706451416
7418,4.180658340454102
7419,3.8528523445129395
7420,3.703934669494629
7421,3.6156344413757324
7422,23.31205940246582
7423,13.38219928741455
7424,7.440600872039795
7425,5.761806488037109
7426,4.6417388916015625
7427,4.297698974609375
7428,4.1525797843933105
7429,4.05658483505249
7430,21.816869735717773
7431,12.187126159667969
7432,6.371898174285889
7433,4.420055389404297
7434,3.236905097961426
7435,2.9294888973236084
7436,2.776608943939209
7437,2.693922996520996
7438,22.376386642456055
7439,12.60512924194336
7440,6.760834217071533
7441,4.863308906555176
7442,3.7278730869293213
7443,3.4417881965637207
7444,3.304210901260376
7445,3.2202847003936768
7446,22.362071990966797
7447,12.253918647766113
7448,6.338526248931885
7449,4.300082206726074
7450,3.0976297855377197
7451,2.756082057952881
7452,2.613191843032837
7453,2.5292060375213623
7454,26.069801330566406
7455,15.27443790435791
7456,8.892655372619629
7457,6.647859573364258
7458,5.264123916625977
7459,4.845256328582764
7460,4.67057991027832
7461,4.553155422210693
7462,26.069801330566406
7463,15.27443790435791
7464,8.892655372619629
7465,6.647859573364258
7466,5.264123916625977
7467,4.845256328582764
7468,4.67057991027832
7469,4.553155422210693
7470,23.123929977416992
7471,13.924890518188477
7472,7.770567417144775
7473,5.959903717041016
7474,4.787307262420654
7475,4.411501884460449
7476,4.2597975730896
7477,4.152083873748779
7478,2.5557591915130615
7479,3.7760555744171143
7480,28.182876586914062
7481,16.592342376708984
7482,9.604718208312988
7483,7.266576766967773
7484,5.843863010406494
7485,5.442561626434326
7486,5.272975921630859
7487,5.186423301696777
7488,16.180086135864258
7489,20.479206085205078
7490,10.508840560913086
7491,13.119810104370117
7492,89.56072998046875
7493,67.07600402832031
7494,55.345481872558594
7495,50.38068389892578
7496,168.61045837402344
7497,22.749916076660156
7498,18.0972900390625
7499,13.973745346069336
7500,12.848852157592773
7501,23.094877243041992
7502,13.24932861328125
7503,7.210417747497559
7504,5.4543867111206055
7505,4.2370195388793945
7506,3.8960304260253906
7507,3.743558645248413
7508,3.6430721282958984
7509,3.7293758392333984
7510,3.414303779602051
7511,22.59750747680664
7512,13.19392204284668
7513,7.676004886627197
7514,5.660642147064209
7515,4.443571090698242
7516,4.088443279266357
7517,3.9863638877868652
7518,3.8857247829437256
7519,21.938501358032227
7520,12.75401782989502
7521,7.2875871658325195
7522,5.217968463897705
7523,4.060722827911377
7524,3.6741247177124023
7525,3.562561511993408
7526,3.4447574615478516
7527,9.731104850769043
7528,14.680553436279297
7529,12.965242385864258
7530,10.831978797912598
7531,8.5654296875
7532,8.54236888885498
7533,5.046410083770752
7534,2.897738456726074
7535,2.7248547077178955
7536,9.879947662353516
7537,5.835350036621094
7538,4.951634407043457
7539,11.434473037719727
7540,11.22529411315918
7541,5.8960490226745605
7542,5.016873359680176
7543,4.63709831237793
7544,4.4265360832214355
7545,4.126430511474609
7546,13.292165756225586
7547,7.585996150970459
7548,12.564373016357422
7549,7.4217848777771
7550,6.238315105438232
7551,4.698019027709961
7552,0.8655062913894653
7553,1.0936180353164673
7554,24.257551193237305
7555,14.109108924865723
7556,8.240653038024902
7557,6.068760395050049
7558,4.845649242401123
7559,4.535427570343018
7560,4.349673271179199
7561,4.262979984283447
7562,25.95683479309082
7563,18.499990463256836
7564,16.52510643005371
7565,12.05119800567627
7566,11.980533599853516
7567,11.830109596252441
7568,11.724343299865723
7569,25.571537017822266
7570,18.045942306518555
7571,15.930879592895508
7572,11.57469367980957
7573,11.757681846618652
7574,11.649568557739258
7575,11.599817276000977
7576,28.239425659179688
7577,16.56777000427246
7578,9.755664825439453
7579,7.534409999847412
7580,6.070212364196777
7581,5.756946563720703
7582,5.634861469268799
7583,5.527295112609863
7584,22.669448852539062
7585,12.946945190429688
7586,7.002005577087402
7587,5.161538600921631
7588,3.929656982421875
7589,3.5849666595458984
7590,3.436673641204834
7591,3.3380613327026367
7592,23.00463104248047
7593,13.082359313964844
7594,7.0192999839782715
7595,5.025328636169434
7596,3.795844316482544
7597,3.427905797958374
7598,3.300642728805542
7599,3.211094379425049
7600,8.380782127380371
7601,28.734359741210938
7602,16.49979591369629
7603,9.242953300476074
7604,6.579441070556641
7605,5.135644435882568
7606,4.784581661224365
7607,4.552750110626221
7608,4.4241509437561035
7609,24.147205352783203
7610,13.444851875305176
7611,7.317287921905518
7612,5.222028732299805
7613,3.8281469345092773
7614,3.478773832321167
7615,3.3025002479553223
7616,3.2082183361053467
7617,21.543766021728516
7618,11.944158554077148
7619,6.207902908325195
7620,4.273695468902588
7621,3.103834867477417
7622,2.797729969024658
7623,2.6482980251312256
7624,2.5527291297912598
7625,7.4742045402526855
7626,31.59299087524414
7627,21.5452938079834
7628,12.200780868530273
7629,4.630171775817871
7630,4.731565475463867
7631,6.748533725738525
7632,5.1924848556518555
7633,22.97713279724121
7634,12.937149047851562
7635,6.857470512390137
7636,4.83181095123291
7637,3.6594786643981934
7638,3.331986427307129
7639,3.179870128631592
7640,3.1015546321868896
7641,7.914804458618164
7642,121.68492126464844
7643,49.79975891113281
7644,36.091468811035156
7645,11.368061065673828
7646,11.31297492980957
7647,13.541752815246582
7648,11.106669425964355
7649,9.70312786102295
7650,7.859445571899414
7651,3.1493113040924072
7652,21.76319122314453
7653,19.829116821289062
7654,11.083601951599121
7655,6.603726863861084
7656,75.22608184814453
7657,54.06513595581055
7658,69.07642364501953
7659,45.078216552734375
7660,34.45801544189453
7661,30.06484031677246
7662,25.610660552978516
7663,22.84899139404297
7664,62.238765716552734
7665,79.21041107177734
7666,7.245461463928223
7667,6.163396835327148
7668,13.049860000610352
7669,12.265134811401367
7670,11.080171585083008
7671,7.122462272644043
7672,148.0187530517578
7673,63.671913146972656
7674,35.98573684692383
7675,19.85240364074707
7676,27.053024291992188
7677,16.3868465423584
7678,10.24703311920166
7679,8.094170570373535
7680,6.677305221557617
7681,6.408226013183594
7682,6.248599052429199
7683,6.148623943328857
7684,28.204315185546875
7685,17.074951171875
7686,10.381128311157227
7687,8.5941801071167
7688,7.119080543518066
7689,6.67881441116333
7690,6.425867557525635
7691,6.3041839599609375
7692,21.949832916259766
7693,13.011699676513672
7694,7.32742977142334
7695,5.755901336669922
7696,4.631816864013672
7697,4.287322521209717
7698,4.149967193603516
7699,4.031846523284912
7700,16.033899307250977
7701,25.894729614257812
7702,11.983447074890137
7703,27.66322135925293
7704,16.030874252319336
7705,9.193544387817383
7706,6.663425445556641
7707,5.347057342529297
7708,5.026956558227539
7709,4.833991050720215
7710,4.718782424926758
7711,71.93257141113281
7712,34.404666900634766
7713,50.336647033691406
7714,47.97949981689453
7715,50.68106460571289
7716,45.198646545410156
7717,28.906604766845703
7718,11.92869758605957
7719,7.055323600769043
7720,5.981151103973389
7721,19.598100662231445
7722,12.903782844543457
7723,9.017511367797852
7724,8.461411476135254
7725,12.057964324951172
7726,9.691261291503906
7727,8.190153121948242
7728,14.456169128417969
7729,11.649349212646484
7730,10.436553955078125
7731,50.38506317138672
7732,22.063480377197266
7733,15.854228019714355
7734,11.294292449951172
7735,8.432424545288086
7736,7.888438701629639
7737,33.11871337890625
7738,15.188928604125977
7739,11.416671752929688
7740,9.167374610900879
7741,7.404635906219482
7742,6.946844100952148
7743,30.32370376586914
7744,7.364701747894287
7745,3.0814943313598633
7746,1.8679594993591309
7747,26.379989624023438
7748,17.192659378051758
7749,9.570123672485352
7750,6.5048136711120605
7751,5.1351518630981445
7752,4.845920085906982
7753,4.76893424987793
7754,1.714338779449463
7755,37.6973876953125
7756,33.11094665527344
7757,2.135310173034668
7758,4.420111656188965
7759,3.7725608348846436
7760,7.4365057945251465
7761,6.403541564941406
7762,4.677337169647217
7763,39.75676727294922
7764,15.16804027557373
7765,10.037075996398926
7766,6.172682285308838
7767,5.966610908508301
7768,28.052217483520508
7769,20.662199020385742
7770,15.162790298461914
7771,13.47930908203125
7772,12.511310577392578
7773,11.375205993652344
7774,16.982574462890625
7775,14.753212928771973
7776,11.12437915802002
7777,10.530588150024414
7778,11.881799697875977
7779,21.12095832824707
7780,21.810546875
7781,28.355186462402344
7782,85.0138168334961
7783,7.465624809265137
7784,28.614999771118164
7785,16.98883819580078
7786,9.865945816040039
7787,7.703650951385498
7788,6.163547515869141
7789,5.764610290527344
7790,5.578885078430176
7791,5.478182315826416
7792,22.761526107788086
7793,12.634136199951172
7794,6.588860511779785
7795,4.575275897979736
7796,3.3511526584625244
7797,3.0008480548858643
7798,2.834620475769043
7799,2.7514045238494873
7800,22.980857849121094
7801,12.759169578552246
7802,6.719724178314209
7803,4.6811347007751465
7804,3.4476613998413086
7805,3.1421561241149902
7806,2.975621223449707
7807,2.894191026687622
7808,31.74625015258789
7809,18.346324920654297
7810,10.440396308898926
7811,7.6175384521484375
7812,5.979236602783203
7813,5.553812503814697
7814,5.321045875549316
7815,5.198529243469238
7816,29.097576141357422
7817,16.435638427734375
7818,9.631993293762207
7819,6.733353137969971
7820,5.275691986083984
7821,4.9749064445495605
7822,4.834336280822754
7823,4.748231887817383
7824,29.020610809326172
7825,16.78994369506836
7826,10.563552856445312
7827,8.033082962036133
7828,6.605803966522217
7829,6.3184099197387695
7830,6.191933631896973
7831,6.123842239379883
7832,29.007816314697266
7833,16.782163619995117
7834,10.545171737670898
7835,8.020915985107422
7836,6.595613479614258
7837,6.301319122314453
7838,6.1650071144104
7839,6.097217082977295
7840,26.655855178833008
7841,16.085256576538086
7842,9.892998695373535
7843,7.461669921875
7844,6.500078201293945
7845,6.195436000823975
7846,6.068942070007324
7847,6.007333278656006
7848,19.879249572753906
7849,9.528919219970703
7850,10.154520034790039
7851,52.91826629638672
7852,16.367353439331055
7853,27.16184425354004
7854,16.48900032043457
7855,10.63207721710205
7856,8.029436111450195
7857,6.495979309082031
7858,6.193734169006348
7859,6.076860427856445
7860,5.9736199378967285
7861,38.465728759765625
7862,21.449499130249023
7863,13.771282196044922
7864,9.862385749816895
7865,7.735683441162109
7866,7.394134521484375
7867,7.273606777191162
7868,7.1499528884887695
7869,24.02751922607422
7870,13.726883888244629
7871,7.746206760406494
7872,5.63174295425415
7873,4.264323711395264
7874,4.034383773803711
7875,25.146812438964844
7876,14.597051620483398
7877,8.696401596069336
7878,6.215895175933838
7879,4.790665626525879
7880,4.50857400894165
7881,24.757366180419922
7882,13.273093223571777
7883,6.918095588684082
7884,10.992414474487305
7885,51.29254913330078
7886,65.82179260253906
7887,47.96455764770508
7888,40.944156646728516
7889,28.59942626953125
7890,1.36234450340271
7891,73.5321273803711
7892,6.944379806518555
7893,22.304262161254883
7894,13.064336776733398
7895,7.1740875244140625
7896,5.4013214111328125
7897,4.28277587890625
7898,3.9405765533447266
7899,3.8102002143859863
7900,3.694244146347046
7901,18.915456771850586
7902,10.362414360046387
7903,5.444414138793945
7904,3.8392043113708496
7905,2.809389352798462
7906,2.612330913543701
7907,2.5211739540100098
7908,4.255034923553467
7909,7.769010066986084
7910,7.564967632293701
7911,11.061653137207031
7912,13.013011932373047
7913,9.915584564208984
7914,8.396858215332031
7915,7.607006072998047
7916,2.981703281402588
7917,12.968620300292969
7918,10.814347267150879
7919,9.354217529296875
7920,7.9885149002075195
7921,21.037843704223633
7922,9.937809944152832
7923,12.730594635009766
7924,8.886743545532227
7925,10.14123249053955
7926,52.180763244628906
7927,30.804771423339844
7928,14.908445358276367
7929,4.883005619049072
7930,3.070974826812744
7931,13.300899505615234
7932,12.904521942138672
7933,10.766190528869629
7934,9.740001678466797
7935,8.125750541687012
7936,26.48146629333496
7937,15.503734588623047
7938,9.003710746765137
7939,6.527982234954834
7940,5.197245121002197
7941,4.782874584197998
7942,4.599246978759766
7943,4.452732086181641
7944,25.869308471679688
7945,14.735682487487793
7946,7.9251861572265625
7947,5.786858558654785
7948,4.458680152893066
7949,4.1498308181762695
7950,3.999427556991577
7951,3.8947558403015137
7952,214.39968872070312
7953,85.59988403320312
7954,57.43256759643555
7955,47.889854431152344
7956,41.04951095581055
7957,6.479000568389893
7958,15.166489601135254
7959,10.844669342041016
7960,11.217267036437988
7961,9.997547149658203
7962,22.75131607055664
7963,12.89285659790039
7964,7.053380012512207
7965,5.223748683929443
7966,3.97802734375
7967,3.688149929046631
7968,3.530775308609009
7969,3.4483389854431152
7970,21.95193099975586
7971,12.359604835510254
7972,6.581043720245361
7973,4.64521598815918
7974,3.519955635070801
7975,3.247459650039673
7976,3.1074368953704834
7977,3.02902889251709
7978,21.975032806396484
7979,12.35737419128418
7980,6.568106174468994
7981,4.578253746032715
7982,3.476802110671997
7983,3.2031164169311523
7984,3.0554938316345215
7985,2.9783177375793457
7986,22.015275955200195
7987,12.388132095336914
7988,6.618660926818848
7989,4.678710460662842
7990,3.530754327774048
7991,3.2373850345611572
7992,3.081058979034424
7993,3.0083696842193604
7994,22.03750228881836
7995,12.38847541809082
7996,6.617684364318848
7997,4.678157806396484
7998,3.525966167449951
7999,3.2340338230133057
8000,3.077805519104004
8001,3.0051774978637695
8002,21.70395278930664
8003,12.09775447845459
8004,6.377381801605225
8005,4.3839826583862305
8006,3.268345832824707
8007,2.952349901199341
8008,2.8031182289123535
8009,2.7314586639404297
8010,25.61168670654297
8011,5.717142581939697
8012,2.2633330821990967
8013,7.799627780914307
8014,9.27841854095459
8015,4.452274799346924
8016,22.790739059448242
8017,12.933833122253418
8018,7.122424125671387
8019,5.242362976074219
8020,4.048041343688965
8021,3.777662992477417
8022,3.6469764709472656
8023,3.5719189643859863
8024,21.504718780517578
8025,11.927133560180664
8026,6.228858470916748
8027,4.209094047546387
8028,3.105076313018799
8029,2.7675509452819824
8030,2.6153242588043213
8031,2.545220375061035
8032,21.091997146606445
8033,11.62092113494873
8034,5.9696269035339355
8035,4.001239776611328
8036,2.847815990447998
8037,2.523606300354004
8038,2.3687751293182373
8039,2.2989487648010254
8040,23.434537887573242
8041,5.19543981552124
8042,1.8562006950378418
8043,21.42163848876953
8044,11.88731861114502
8045,6.206588268280029
8046,4.186736106872559
8047,3.0847408771514893
8048,2.743582248687744
8049,2.586338996887207
8050,2.516306161880493
8051,23.537405014038086
8052,13.099044799804688
8053,6.83912992477417
8054,4.752687931060791
8055,3.4904990196228027
8056,3.144260883331299
8057,2.97145414352417
8058,2.876971483230591
8059,22.383487701416016
8060,12.593832969665527
8061,6.660188674926758
8062,4.681669235229492
8063,3.522531270980835
8064,3.2032101154327393
8065,3.0460596084594727
8066,2.9519567489624023
8067,29.194042205810547
8068,16.535240173339844
8069,8.942358016967773
8070,6.349089622497559
8071,4.7983598709106445
8072,4.430906772613525
8073,4.319462299346924
8074,4.2312493324279785
8075,16.29029655456543
8076,23.549474716186523
8077,4.75906229019165
8078,1.4869686365127563
8079,7.925853729248047
8080,29.718162536621094
8081,17.826997756958008
8082,10.596667289733887
8083,8.544330596923828
8084,6.904701232910156
8085,6.519328594207764
8086,6.299271106719971
8087,6.221002578735352
8088,27.259035110473633
8089,60.759403228759766
8090,22.45333480834961
8091,12.837156295776367
8092,6.9909162521362305
8093,5.302425861358643
8094,4.117943286895752
8095,3.7529022693634033
8096,3.596923351287842
8097,3.4936909675598145
8098,1.984391450881958
8099,1.3529996871948242
8100,1.4943113327026367
8101,21.6771183013916
8102,12.096649169921875
8103,6.394309043884277
8104,4.423153400421143
8105,3.2704918384552
8106,2.9330523014068604
8107,2.785524368286133
8108,2.7199158668518066
8109,29.22500228881836
8110,16.644990921020508
8111,12.694427490234375
8112,1.805458903312683
8113,7.126523017883301
8114,22.55433464050293
8115,12.726896286010742
8116,6.839856147766113
8117,4.940275192260742
8118,3.833249092102051
8119,3.547116756439209
8120,3.4090206623077393
8121,3.321913719177246
8122,22.55433464050293
8123,12.726896286010742
8124,6.839856147766113
8125,4.940275192260742
8126,3.833249092102051
8127,3.547116756439209
8128,3.4090206623077393
8129,3.321913719177246
8130,29.561506271362305
8131,16.775157928466797
8132,9.939544677734375
8133,7.189350128173828
8134,5.458762168884277
8135,5.221291542053223
8136,5.111952781677246
8137,4.992717266082764
8138,27.472530364990234
8139,16.12841033935547
8140,9.280214309692383
8141,6.905946254730225
8142,5.585879325866699
8143,5.231866836547852
8144,5.045523166656494
8145,4.913444519042969
8146,17.650283813476562
8147,10.605180740356445
8148,8.884369850158691
8149,6.569002151489258
8150,5.350292205810547
8151,4.436577796936035
8152,38.834808349609375
8153,21.041433334350586
8154,11.800764083862305
8155,6.103374481201172
8156,4.139425277709961
8157,3.0170981884002686
8158,2.6652941703796387
8159,2.5176680088043213
8160,2.4386231899261475
8161,21.926116943359375
8162,12.297343254089355
8163,6.509329319000244
8164,4.617908954620361
8165,3.4680488109588623
8166,3.192485809326172
8167,3.0527172088623047
8168,2.96834135055542
8169,22.084274291992188
8170,12.328534126281738
8171,6.487768650054932
8172,4.584465026855469
8173,3.440520763397217
8174,3.1391680240631104
8175,3.000074625015259
8176,2.913473129272461
8177,27.57474136352539
8178,16.263839721679688
8179,9.402067184448242
8180,7.253823757171631
8181,5.750760555267334
8182,5.378030776977539
8183,5.181997299194336
8184,5.067370414733887
8185,56.07451629638672
8186,37.60963439941406
8187,26.16583251953125
8188,20.866544723510742
8189,18.67875099182129
8190,18.48918914794922
8191,17.249765396118164
8192,16.7630615234375
8193,3.290037155151367
8194,5.246407985687256
8195,6.507052898406982
8196,31.74138832092285
8197,22.451805114746094
8198,18.9365177154541
8199,16.642728805541992
8200,15.656886100769043
8201,14.384757041931152
8202,28.96855926513672
8203,17.723182678222656
8204,10.486980438232422
8205,8.217049598693848
8206,6.719645023345947
8207,6.36950159072876
8208,6.1644134521484375
8209,6.085421562194824
8210,28.432525634765625
8211,17.390522003173828
8212,10.277563095092773
8213,8.017065048217773
8214,6.55516242980957
8215,6.212944030761719
8216,6.012466907501221
8217,5.935235977172852
8218,2.420271873474121
8219,1.5531044006347656
8220,25.415653228759766
8221,15.31545352935791
8222,12.812765121459961
8223,13.630023002624512
8224,7.783135890960693
8225,3.9978184700012207
8226,40.72815704345703
8227,25.72930908203125
8228,17.478553771972656
8229,15.270723342895508
8230,13.373688697814941
8231,12.887123107910156
8232,12.607656478881836
8233,12.520398139953613
8234,26.939489364624023
8235,15.399994850158691
8236,8.566261291503906
8237,6.1894941329956055
8238,4.778247833251953
8239,4.4014081954956055
8240,4.206611156463623
8241,4.090504169464111
8242,7.43410062789917
8243,25.080020904541016
8244,27.61908721923828
8245,16.012409210205078
8246,9.057966232299805
8247,6.576385974884033
8248,5.227626323699951
8249,4.8959431648254395
8250,4.686144828796387
8251,4.560290813446045
8252,11.464056968688965
8253,12.211516380310059
8254,90.02481079101562
8255,274.2359313964844
8256,150.71273803710938
8257,27.6881046295166
8258,16.3298282623291
8259,9.446672439575195
8260,7.188868522644043
8261,5.748556137084961
8262,5.376407623291016
8263,5.182657718658447
8264,5.068545818328857
8265,5.407491207122803
8266,5.3482537269592285
8267,4.246451377868652
8268,3.6727285385131836
8269,3.0678884983062744
8270,4.1846923828125
8271,4.044024467468262
8272,12.783683776855469
8273,47.31033706665039
8274,27.904775619506836
8275,21.85715103149414
8276,16.889699935913086
8277,4.602294445037842
8278,14.62983226776123
8279,13.063567161560059
8280,10.816930770874023
8281,10.011625289916992
8282,28.520675659179688
8283,16.95865821838379
8284,10.730690002441406
8285,8.68265151977539
8286,6.338192939758301
8287,5.964528560638428
8288,5.952396392822266
8289,5.869808673858643
8290,33.10844039916992
8291,20.846471786499023
8292,13.916382789611816
8293,11.128133773803711
8294,10.624320983886719
8295,10.662925720214844
8296,10.43696403503418
8297,10.243122100830078
8298,38.413352966308594
8299,23.757701873779297
8300,16.975563049316406
8301,14.162702560424805
8302,21.19407844543457
8303,11.714662551879883
8304,6.033748149871826
8305,4.0535149574279785
8306,2.9637792110443115
8307,2.641554355621338
8308,2.4786272048950195
8309,2.4084930419921875
8310,20.00136375427246
8311,10.963926315307617
8312,5.3926920890808105
8313,3.4498777389526367
8314,2.3672611713409424
8315,2.008829116821289
8316,1.8484063148498535
8317,1.7536516189575195
8318,21.187124252319336
8319,11.90058422088623
8320,6.232038974761963
8321,4.475916862487793
8322,3.390446901321411
8323,3.050711154937744
8324,2.90120267868042
8325,2.816493272781372
8326,21.463682174682617
8327,11.929546356201172
8328,6.241905689239502
8329,4.29230260848999
8330,3.1313436031341553
8331,2.8054890632629395
8332,2.6467583179473877
8333,2.5789904594421387
8334,21.38482093811035
8335,11.947596549987793
8336,5.9983391761779785
8337,3.8656322956085205
8338,2.644718647003174
8339,2.265515089035034
8340,2.1175789833068848
8341,2.3651490211486816
8342,1.7871700525283813
8343,1.7887085676193237
8344,1.7558389902114868
8345,21.500938415527344
8346,11.915431022644043
8347,6.164055347442627
8348,4.167333126068115
8349,3.0356733798980713
8350,2.7096052169799805
8351,2.5516886711120605
8352,2.4847874641418457
8353,20.320085525512695
8354,11.477437973022461
8355,6.11810302734375
8356,3.951026439666748
8357,2.6848196983337402
8358,2.3911232948303223
8359,2.27726149559021
8360,2.221524238586426
8361,20.565237045288086
8362,11.69747257232666
8363,7.905365943908691
8364,4.000068664550781
8365,2.719144821166992
8366,2.3752975463867188
8367,2.236842155456543
8368,2.157590389251709
8369,21.46763038635254
8370,11.370439529418945
8371,5.623503684997559
8372,3.5911104679107666
8373,2.3747401237487793
8374,2.010838747024536
8375,1.8538649082183838
8376,4.785109996795654
8377,4.87980318069458
8378,24.64292335510254
8379,24.665193557739258
8380,14.16847038269043
8381,7.730968475341797
8382,5.744802474975586
8383,4.508774757385254
8384,4.098113059997559
8385,3.918567419052124
8386,3.8245718479156494
8387,22.52544403076172
8388,12.811799049377441
8389,6.931262016296387
8390,5.059213638305664
8391,3.892362117767334
8392,3.53836989402771
8393,3.389313220977783
8394,3.2958121299743652
8395,21.08321762084961
8396,11.713461875915527
8397,6.0252203941345215
8398,4.02748966217041
8399,2.91642427444458
8400,2.594377279281616
8401,2.454026699066162
8402,2.3779046535491943
8403,21.301013946533203
8404,11.865304946899414
8405,6.067058086395264
8406,4.069653034210205
8407,2.9771664142608643
8408,2.644538164138794
8409,2.4989421367645264
8410,2.422987699508667
8411,11.551025390625
8412,1.42691969871521
8413,20.266525268554688
8414,11.233487129211426
8415,5.660452842712402
8416,3.7720696926116943
8417,2.7185873985290527
8418,2.331768035888672
8419,2.1923828125
8420,2.1083598136901855
8421,9.118751525878906
8422,19.681461334228516
8423,10.909663200378418
8424,5.545235633850098
8425,3.7942259311676025
8426,2.7091004848480225
8427,2.3849878311157227
8428,2.243868827819824
8429,2.182692289352417
8430,23.462209701538086
8431,13.122736930847168
8432,7.046317100524902
8433,4.799230575561523
8434,3.255352020263672
8435,2.9247381687164307
8436,2.8293557167053223
8437,2.7658815383911133
8438,20.160898208618164
8439,10.942863464355469
8440,5.679718971252441
8441,3.6563422679901123
8442,2.589468002319336
8443,2.220676898956299
8444,2.080418109893799
8445,39.07020950317383
8446,35.66207504272461
8447,29.799373626708984
8448,1.8519405126571655
8449,2.093859910964966
8450,9.737199783325195
8451,6.179701328277588
8452,4.235396862030029
8453,23.919889450073242
8454,6.565746307373047
8455,2.6512176990509033
8456,21.97551727294922
8457,12.97424030303955
8458,7.058148384094238
8459,5.206298828125
8460,4.238307476043701
8461,3.8959875106811523
8462,3.7930920124053955
8463,3.6908397674560547
8464,21.276296615600586
8465,12.931205749511719
8466,7.1034393310546875
8467,5.1441240310668945
8468,4.096892356872559
8469,3.7692599296569824
8470,3.6615183353424072
8471,3.5643532276153564
8472,6.089457035064697
8473,6.126804828643799
8474,5.647138595581055
8475,6.126804828643799
8476,21.150449752807617
8477,12.444190979003906
8478,6.641530513763428
8479,4.811840057373047
8480,3.845198154449463
8481,3.5064308643341064
8482,3.408388137817383
8483,3.311248302459717
8484,5.647138595581055
8485,5.647138595581055
8486,6.089457035064697
8487,22.180252075195312
8488,12.468016624450684
8489,6.544919013977051
8490,4.607429504394531
8491,3.4832801818847656
8492,3.1272194385528564
8493,2.9989266395568848
8494,2.8934032917022705
8495,15.743536949157715
8496,11.681670188903809
8497,9.586210250854492
8498,8.787381172180176
8499,12.324419975280762
8500,10.770383834838867
8501,9.400038719177246
8502,8.239259719848633
8503,13.59643840789795
8504,13.12253189086914
8505,21.960689544677734
8506,12.133650779724121
8507,6.268540859222412
8508,4.339868545532227
8509,3.158379316329956
8510,2.8345649242401123
8511,2.684485912322998
8512,2.5830984115600586
8513,22.318286895751953
8514,12.315275192260742
8515,6.3650407791137695
8516,4.393889904022217
8517,3.207852363586426
8518,2.883147716522217
8519,2.7214910984039307
8520,2.617846727371216
8521,96.47467041015625
8522,68.52609252929688
8523,44.11863327026367
8524,12.294456481933594
8525,12.00383186340332
8526,37.31650161743164
8527,33.135948181152344
8528,31.999523162841797
8529,44.18172836303711
8530,47.480323791503906
8531,6.052750110626221
8532,4.903635025024414
8533,17.986318588256836
8534,13.660552024841309
8535,27.714038848876953
8536,16.39227294921875
8537,9.476272583007812
8538,7.283009052276611
8539,5.797374248504639
8540,5.420640468597412
8541,5.241088390350342
8542,5.114997863769531
8543,27.733386993408203
8544,16.285253524780273
8545,9.721673965454102
8546,7.019467830657959
8547,5.6942925453186035
8548,5.338681697845459
8549,5.133336067199707
8550,5.013452053070068
8551,13.316427230834961
8552,14.460288047790527
8553,3.7436039447784424
8554,21.50160789489746
8555,12.269529342651367
8556,6.57517671585083
8557,4.86766242980957
8558,3.7184157371520996
8559,3.382437229156494
8560,3.251180410385132
8561,3.1480331420898438
8562,12.236417770385742
8563,17.779146194458008
8564,14.31309986114502
8565,11.732431411743164
8566,29.7825927734375
8567,18.36870002746582
8568,11.053118705749512
8569,8.968441009521484
8570,7.220788478851318
8571,6.82919454574585
8572,6.596948623657227
8573,6.551349639892578
8574,30.31852912902832
8575,18.7835693359375
8576,11.346433639526367
8577,9.193422317504883
8578,7.448944091796875
8579,7.1066694259643555
8580,6.905705451965332
8581,6.912997245788574
8582,27.073959350585938
8583,16.850448608398438
8584,10.250997543334961
8585,8.647610664367676
8586,7.0395684242248535
8587,6.804152965545654
8588,6.624955177307129
8589,6.607168674468994
8590,10.270668983459473
8591,2.772704601287842
8592,5.492865562438965
8593,4.078360080718994
8594,3.2778806686401367
8595,2.38383150100708
8596,1.9042541980743408
8597,10.843124389648438
8598,10.711864471435547
8599,21.60396385192871
8600,12.025532722473145
8601,6.323982238769531
8602,4.3467936515808105
8603,3.1845052242279053
8604,2.8573665618896484
8605,2.698930263519287
8606,2.633662700653076
8607,21.869640350341797
8608,12.255064964294434
8609,6.578408718109131
8610,4.6050615310668945
8611,3.4352591037750244
8612,3.125357151031494
8613,2.974257469177246
8614,2.9139087200164795
8615,21.83160400390625
8616,12.23234748840332
8617,6.491164207458496
8618,4.530364036560059
8619,3.403928518295288
8620,3.087136745452881
8621,2.931161880493164
8622,2.8613831996917725
8623,21.151504516601562
8624,11.686729431152344
8625,5.983921527862549
8626,4.050006866455078
8627,2.8728413581848145
8628,2.5464231967926025
8629,2.383082151412964
8630,2.3171582221984863
8631,21.026826858520508
8632,11.41081428527832
8633,5.677583694458008
8634,3.6868526935577393
8635,2.503434658050537
8636,2.1775810718536377
8637,2.0283453464508057
8638,1.9597854614257812
8639,23.040843963623047
8640,13.034242630004883
8641,7.027056694030762
8642,4.962298393249512
8643,3.8069753646850586
8644,3.486311435699463
8645,3.3486881256103516
8646,3.261103630065918
8647,21.383926391601562
8648,11.611546516418457
8649,5.798157691955566
8650,3.768937826156616
8651,2.5628983974456787
8652,2.2259843349456787
8653,2.0740106105804443
8654,2.006014347076416
8655,12.981481552124023
8656,5.56933069229126
8657,5.622550964355469
8658,32.101505279541016
8659,47.16489028930664
8660,19.411685943603516
8661,26.409799575805664
8662,14.368742942810059
8663,7.540584564208984
8664,5.1564202308654785
8665,3.7045066356658936
8666,3.3587262630462646
8667,3.2414159774780273
8668,3.1858458518981934
8669,4.302891254425049
8670,4.6038031578063965
8671,57.758445739746094
8672,63.52650451660156
8673,24.750286102294922
8674,14.792250633239746
8675,8.424253463745117
8676,6.669046401977539
8677,5.507440090179443
8678,5.1461992263793945
8679,5.009626865386963
8680,4.9001569747924805
8681,27.986385345458984
8682,16.62535858154297
8683,9.605445861816406
8684,7.782051086425781
8685,6.496000289916992
8686,6.2472453117370605
8687,6.11082649230957
8688,6.026495456695557
8689,23.075115203857422
8690,13.141838073730469
8691,7.113703727722168
8692,5.3261823654174805
8693,4.0903706550598145
8694,3.7474935054779053
8695,3.601569414138794
8696,3.500800371170044
8697,23.075115203857422
8698,13.141838073730469
8699,7.113703727722168
8700,5.3261823654174805
8701,4.0903706550598145
8702,3.7474935054779053
8703,3.601569414138794
8704,3.500800371170044
8705,6.95749568939209
8706,11.942289352416992
8707,8.56134033203125
8708,7.038994789123535
8709,6.166162014007568
8710,13.080012321472168
8711,11.033145904541016
8712,9.475113868713379
8713,7.987325668334961
8714,4.609484672546387
8715,1.657114028930664
8716,11.396886825561523
8717,8.147294998168945
8718,6.972920894622803
8719,6.329429626464844
8720,5.188579559326172
8721,13.768377304077148
8722,11.65429973602295
8723,23.085704803466797
8724,26.802690505981445
8725,16.440277099609375
8726,9.594581604003906
8727,7.2635626792907715
8728,5.883457660675049
8729,5.5475335121154785
8730,5.377962112426758
8731,5.256620407104492
8732,22.290119171142578
8733,12.348495483398438
8734,6.46626091003418
8735,4.479377746582031
8736,3.281259775161743
8737,2.957366704940796
8738,2.8010945320129395
8739,2.7017431259155273
8740,7.501560688018799
8741,22.905872344970703
8742,13.048137664794922
8743,7.001843452453613
8744,5.2185444831848145
8745,3.9901113510131836
8746,3.6465163230895996
8747,3.5015175342559814
8748,3.3992981910705566
8749,23.601634979248047
8750,13.48340892791748
8751,7.2856597900390625
8752,5.3995890617370605
8753,4.159383296966553
8754,3.799855947494507
8755,3.659759283065796
8756,3.5898571014404297
8757,22.76665496826172
8758,12.990058898925781
8759,6.985657691955566
8760,5.24896240234375
8761,4.02581787109375
8762,3.6689040660858154
8763,3.530093193054199
8764,3.4350953102111816
8765,27.108583450317383
8766,40.666297912597656
8767,27.25111198425293
8768,16.0010929107666
8769,9.228679656982422
8770,7.092048168182373
8771,5.609697341918945
8772,5.239411354064941
8773,5.058707237243652
8774,4.9249138832092285
8775,2.0852339267730713
8776,9.450193405151367
8777,3.237818717956543
8778,21.041433334350586
8779,11.800764083862305
8780,6.103374481201172
8781,4.139425277709961
8782,3.0170981884002686
8783,2.6652941703796387
8784,2.5176680088043213
8785,2.4386231899261475
8786,21.041433334350586
8787,11.800764083862305
8788,6.103374481201172
8789,4.139425277709961
8790,3.0170981884002686
8791,2.6652941703796387
8792,2.5176680088043213
8793,2.4386231899261475
8794,22.79261016845703
8795,12.906644821166992
8796,7.003612995147705
8797,5.077809810638428
8798,3.9140639305114746
8799,3.5968048572540283
8800,3.4535317420959473
8801,3.3559255599975586
8802,22.492996215820312
8803,12.627269744873047
8804,6.656928062438965
8805,4.626271724700928
8806,3.5051212310791016
8807,3.1814746856689453
8808,3.043959617614746
8809,2.949763298034668
8810,23.41643714904785
8811,13.055118560791016
8812,6.855707168579102
8813,4.802513599395752
8814,3.5672340393066406
8815,3.2502989768981934
8816,3.0992789268493652
8817,3.022937297821045
8818,26.219783782958984
8819,15.46442985534668
8820,9.070477485656738
8821,6.887126445770264
8822,5.716414451599121
8823,5.3136820793151855
8824,5.136533737182617
8825,4.937192440032959
8826,53.11729049682617
8827,18.255760192871094
8828,46.12377166748047
8829,9.780710220336914
8830,6.162159442901611
8831,14.53961181640625
8832,12.9256010055542
8833,8.737569808959961
8834,6.5514984130859375
8835,35.47332000732422
8836,24.3179988861084
8837,14.038735389709473
8838,7.548957824707031
8839,5.525759696960449
8840,4.283111572265625
8841,3.9097321033477783
8842,3.7637295722961426
8843,3.702406644821167
8844,7.182851791381836
8845,6.037002086639404
8846,4.4239044189453125
8847,30.030324935913086
8848,6.39424467086792
8849,2.107896566390991
8850,10.576869010925293
8851,9.617535591125488
8852,3.4461753368377686
8853,3.3136138916015625
8854,11.085793495178223
8855,24.6597957611084
8856,5.427582263946533
8857,1.9068187475204468
8858,21.203147888183594
8859,11.891229629516602
8860,6.159792900085449
8861,4.186820030212402
8862,3.0577704906463623
8863,2.70620059967041
8864,2.563978433609009
8865,2.484365463256836
8866,21.16326904296875
8867,11.869812965393066
8868,6.148953437805176
8869,4.217196464538574
8870,3.098489761352539
8871,2.744173049926758
8872,2.6001601219177246
8873,2.518639087677002
8874,20.013307571411133
8875,10.891742706298828
8876,5.321080684661865
8877,3.400723934173584
8878,2.316354513168335
8879,1.9508426189422607
8880,1.781997799873352
8881,1.6952288150787354
8882,20.951030731201172
8883,11.728167533874512
8884,6.03723669052124
8885,4.099191665649414
8886,2.964193105697632
8887,2.6214635372161865
8888,2.472337484359741
8889,2.3898630142211914
8890,20.34984016418457
8891,11.081107139587402
8892,5.372226715087891
8893,3.421788215637207
8894,2.268730878829956
8895,1.91706120967865
8896,1.7539713382720947
8897,1.6681193113327026
8898,31.946796417236328
8899,7.058730125427246
8900,2.7897348403930664
8901,3.7179651260375977
8902,29.18920135498047
8903,16.611982345581055
8904,9.93592357635498
8905,7.217311382293701
8906,5.577980995178223
8907,5.310260772705078
8908,5.182565689086914
8909,5.0692362785339355
8910,3.6010868549346924
8911,3.511523723602295
8912,3.184729814529419
8913,2.8785359859466553
8914,4.062918186187744
8915,7.00844669342041
8916,1.0830013751983643
8917,0.9931130409240723
8918,4.229239463806152
8919,2.1864240169525146
8920,13.666139602661133
8921,25.75467872619629
8922,14.705947875976562
8923,8.209771156311035
8924,5.8993425369262695
8925,4.591153144836426
8926,4.29080057144165
8927,4.200351715087891
8928,4.102266788482666
8929,25.326778411865234
8930,14.416315078735352
8931,7.89851188659668
8932,5.660864353179932
8933,4.324403762817383
8934,4.034437656402588
8935,3.934779405593872
8936,3.8249521255493164
8937,26.966053009033203
8938,15.295757293701172
8939,8.368556022644043
8940,6.0140509605407715
8941,4.573211669921875
8942,4.263383865356445
8943,4.1674418449401855
8944,4.064043045043945
8945,163.44500732421875
8946,120.502197265625
8947,107.57909393310547
8948,81.68838500976562
8949,11.703447341918945
8950,4.975915908813477
8951,4.415376663208008
8952,12.988554000854492
8953,21.044788360595703
8954,11.817522048950195
8955,6.133460998535156
8956,4.245927810668945
8957,3.1576876640319824
8958,2.8274331092834473
8959,2.6798787117004395
8960,2.5846989154815674
8961,21.10840606689453
8962,11.84390926361084
8963,6.151957035064697
8964,4.260035037994385
8965,3.168545961380005
8966,2.838217258453369
8967,2.6906538009643555
8968,2.5955636501312256
8969,19.74309539794922
8970,10.793645858764648
8971,5.2833733558654785
8972,3.3832902908325195
8973,2.295318126678467
8974,1.932762622833252
8975,1.7675896883010864
8976,1.675173282623291
8977,25.52242088317871
8978,14.58512020111084
8979,8.041278839111328
8980,5.783254146575928
8981,4.4476470947265625
8982,4.156764984130859
8983,4.082932949066162
8984,3.9717302322387695
8985,10.121417999267578
8986,6.64045524597168
8987,5.7884840965271
8988,10.265707969665527
8989,2.0230562686920166
8990,1.3763985633850098
8991,15.561914443969727
8992,6.306796550750732
8993,32.058624267578125
8994,19.259960174560547
8995,12.31926155090332
8996,10.0333890914917
8997,7.706099510192871
8998,7.460207939147949
8999,7.064221382141113
9000,7.034119129180908
9001,34.45054626464844
9002,21.108903884887695
9003,11.683649063110352
9004,6.020998477935791
9005,4.037213325500488
9006,2.8986196517944336
9007,2.5818872451782227
9008,2.424898624420166
9009,2.352403163909912
9010,12.148441314697266
9011,22.344573974609375
9012,22.1610107421875
9013,12.446556091308594
9014,6.631364822387695
9015,4.74695348739624
9016,3.595799446105957
9017,3.315817356109619
9018,3.1767308712005615
9019,3.0948565006256104
9020,22.6169490814209
9021,12.768579483032227
9022,6.895942687988281
9023,5.040301322937012
9024,3.935617685317993
9025,3.6327965259552
9026,3.4987242221832275
9027,3.434661626815796
9028,22.666868209838867
9029,12.823891639709473
9030,6.936504364013672
9031,5.088894844055176
9032,3.9664487838745117
9033,3.6617274284362793
9034,3.526733875274658
9035,3.463608503341675
9036,22.293277740478516
9037,12.548843383789062
9038,6.692222595214844
9039,4.8085551261901855
9040,3.6840877532958984
9041,3.406000852584839
9042,3.2638134956359863
9043,3.181323289871216
9044,22.40198516845703
9045,12.621800422668457
9046,6.752253532409668
9047,4.841653347015381
9048,3.6991026401519775
9049,3.42747163772583
9050,3.2907626628875732
9051,3.20573353767395
9052,20.740982055664062
9053,11.443755149841309
9054,5.828936576843262
9055,3.867980480194092
9056,2.7004806995391846
9057,2.36177134513855
9058,2.22698712348938
9059,2.1598336696624756
9060,20.740982055664062
9061,11.443755149841309
9062,5.828936576843262
9063,3.867980480194092
9064,2.7004806995391846
9065,2.36177134513855
9066,2.22698712348938
9067,2.1598336696624756
9068,8.020293235778809
9069,69.38115692138672
9070,30.98052978515625
9071,21.47866439819336
9072,13.083023071289062
9073,14.050920486450195
9074,13.121243476867676
9075,11.120523452758789
9076,9.60746955871582
9077,19.3026065826416
9078,2.9009816646575928
9079,16.854522705078125
9080,13.701630592346191
9081,10.29552936553955
9082,10.539047241210938
9083,27.039501190185547
9084,16.661901473999023
9085,9.957201957702637
9086,8.282195091247559
9087,6.922275066375732
9088,6.680814266204834
9089,6.53292179107666
9090,6.456543445587158
9091,25.17868423461914
9092,17.01850700378418
9093,10.611668586730957
9094,8.301899909973145
9095,7.097904205322266
9096,6.883484840393066
9097,6.722640037536621
9098,6.676513195037842
9099,28.0430908203125
9100,18.9819278717041
9101,28.66199493408203
9102,17.2958927154541
9103,10.014653205871582
9104,7.739808559417725
9105,6.245913505554199
9106,5.81458044052124
9107,5.62052583694458
9108,5.490591049194336
9109,2.016517400741577
9110,5.993990898132324
9111,2.1896026134490967
9112,6.727999687194824
9113,19.705717086791992
9114,12.957287788391113
9115,12.064748764038086
9116,7.102292537689209
9117,6.064187049865723
9118,5.00177001953125
9119,4.021539688110352
9120,26.335926055908203
9121,15.512138366699219
9122,8.712617874145508
9123,6.492557048797607
9124,5.12846040725708
9125,4.760537624359131
9126,4.578745365142822
9127,4.430241107940674
9128,2.689915895462036
9129,22.051963806152344
9130,12.22669792175293
9131,6.343283176422119
9132,4.400691986083984
9133,3.216419219970703
9134,2.9001450538635254
9135,2.7498574256896973
9136,2.6603293418884277
9137,28.374967575073242
9138,16.776662826538086
9139,9.73595142364502
9140,7.525347709655762
9141,5.9928436279296875
9142,5.616166591644287
9143,5.42323112487793
9144,5.2954182624816895
9145,59.35651397705078
9146,9.923840522766113
9147,10.321739196777344
9148,13.571823120117188
9149,11.246072769165039
9150,10.024559020996094
9151,8.424254417419434
9152,22.172819137573242
9153,12.393716812133789
9154,6.518666744232178
9155,4.58867883682251
9156,3.399181842803955
9157,3.077148675918579
9158,2.9105260372161865
9159,2.821068048477173
9160,21.738056182861328
9161,12.160133361816406
9162,6.427366256713867
9163,4.453536033630371
9164,3.350517749786377
9165,3.0388565063476562
9166,2.881197452545166
9167,2.80743670463562
9168,22.152963638305664
9169,12.44282054901123
9170,6.626586437225342
9171,4.75014066696167
9172,3.5920023918151855
9173,3.311306953430176
9174,3.172992467880249
9175,3.0906081199645996
9176,5.819220066070557
9177,5.875604629516602
9178,96.8927993774414
9179,47.00164031982422
9180,31.39727783203125
9181,29.814653396606445
9182,17.680580139160156
9183,10.934103012084961
9184,7.992448806762695
9185,6.403521537780762
9186,6.112604141235352
9187,28.161521911621094
9188,16.395999908447266
9189,9.917377471923828
9190,7.059064865112305
9191,5.560273170471191
9192,5.277551651000977
9193,32.29047775268555
9194,25.210460662841797
9195,14.859495162963867
9196,8.612507820129395
9197,6.582479476928711
9198,5.305180549621582
9199,4.893525123596191
9200,4.716684341430664
9201,4.570692539215088
9202,24.039161682128906
9203,13.43835163116455
9204,7.0761332511901855
9205,5.067387104034424
9206,3.891796827316284
9207,3.5674986839294434
9208,3.4306766986846924
9209,3.339860677719116
9210,29.21377182006836
9211,17.412452697753906
9212,10.251349449157715
9213,7.9326958656311035
9214,6.3829731941223145
9215,6.018099784851074
9216,5.831333160400391
9217,5.767549514770508
9218,28.16657066345215
9219,16.421457290649414
9220,9.824341773986816
9221,7.314778804779053
9222,5.736823081970215
9223,5.44041633605957
9224,5.313678741455078
9225,5.194519519805908
9226,12.057982444763184
9227,5.984734535217285
9228,3.697443723678589
9229,3.4232449531555176
9230,8.783740043640137
9231,7.4579057693481445
9232,5.691659450531006
9233,14.75343132019043
9234,8.087570190429688
9235,6.897261619567871
9236,8.669549942016602
9237,8.057173728942871
9238,27.12227439880371
9239,15.90221881866455
9240,9.083256721496582
9241,6.940743446350098
9242,5.476147174835205
9243,5.102281093597412
9244,4.914647102355957
9245,4.794613361358643
9246,4.504609107971191
9247,75.82015228271484
9248,67.74785614013672
9249,46.38299560546875
9250,38.38327407836914
9251,39.967220306396484
9252,26.777013778686523
9253,20.850341796875
9254,19.2089786529541
9255,18.511430740356445
9256,18.96662712097168
9257,18.933326721191406
9258,18.357585906982422
9259,17.13265037536621
9260,11.652405738830566
9261,6.56719446182251
9262,6.008816719055176
9263,6.855097770690918
9264,145.34823608398438
9265,84.91251373291016
9266,65.43155670166016
9267,40.85556411743164
9268,21.97034454345703
9269,103.5353012084961
9270,32.28569412231445
9271,20.32448387145996
9272,13.015765190124512
9273,11.06013011932373
9274,9.6614408493042
9275,9.31897258758545
9276,9.031076431274414
9277,9.037450790405273
9278,22.951906204223633
9279,13.05073356628418
9280,7.225531578063965
9281,5.2595343589782715
9282,4.08707332611084
9283,3.7973406314849854
9284,3.6294050216674805
9285,3.5452282428741455
9286,15.088102340698242
9287,11.070894241333008
9288,16.815919876098633
9289,15.001785278320312
9290,12.656845092773438
9291,13.131815910339355
9292,51.476810455322266
9293,31.30335235595703
9294,21.503625869750977
9295,12.967313766479492
9296,12.19118881225586
9297,47.956485748291016
9298,25.284347534179688
9299,14.042763710021973
9300,8.119107246398926
9301,5.833189010620117
9302,4.533430099487305
9303,4.260982036590576
9304,4.113714694976807
9305,4.030452251434326
9306,33.8074836730957
9307,6.999326705932617
9308,2.0766196250915527
9309,1.6246802806854248
9310,2.2689318656921387
9311,2.4298808574676514
9312,6.938150882720947
9313,17.02047348022461
9314,17.02047348022461
9315,6.50412654876709
9316,29.951139450073242
9317,19.818195343017578
9318,12.38461971282959
9319,9.569266319274902
9320,8.126636505126953
9321,7.769253730773926
9322,7.507204055786133
9323,7.50169563293457
9324,26.504467010498047
9325,15.165576934814453
9326,8.54211711883545
9327,6.162466526031494
9328,4.85844087600708
9329,4.515492916107178
9330,4.314196586608887
9331,4.155632972717285
9332,23.94483184814453
9333,13.580259323120117
9334,7.39360237121582
9335,5.358162879943848
9336,4.1103129386901855
9337,3.7600088119506836
9338,3.626275062561035
9339,3.546834945678711
9340,1.5397425889968872
9341,1.5572911500930786
9342,24.031654357910156
9343,13.624282836914062
9344,7.320998668670654
9345,5.325589656829834
9346,4.079073429107666
9347,3.7274065017700195
9348,3.5878489017486572
9349,3.514644145965576
9350,9.985328674316406
9351,16.48858070373535
9352,3.8835885524749756
9353,1.1101465225219727
9354,28.786108016967773
9355,16.594083786010742
9356,9.284893035888672
9357,6.987288475036621
9358,5.6034135818481445
9359,5.235572814941406
9360,5.03605318069458
9361,4.925557613372803
9362,68.49188232421875
9363,48.973514556884766
9364,39.1119270324707
9365,4.3177361488342285
9366,10.633745193481445
9367,10.007598876953125
9368,22.996076583862305
9369,13.062363624572754
9370,7.231886863708496
9371,5.264557838439941
9372,4.091870307922363
9373,3.801863193511963
9374,3.6336700916290283
9375,3.549408197402954
9376,28.608715057373047
9377,16.706954956054688
9378,9.817370414733887
9379,7.194195747375488
9380,5.766070365905762
9381,5.4990949630737305
9382,5.33463191986084
9383,5.2110700607299805
9384,29.219249725341797
9385,17.149372100830078
9386,10.233474731445312
9387,7.797399997711182
9388,6.368888854980469
9389,6.011238098144531
9390,5.844645023345947
9391,5.754480361938477
9392,28.989524841308594
9393,16.90587615966797
9394,9.996346473693848
9395,7.385359287261963
9396,5.9445600509643555
9397,5.627836227416992
9398,5.460817813873291
9399,5.352093696594238
9400,28.989524841308594
9401,16.90587615966797
9402,9.996346473693848
9403,7.385359287261963
9404,5.9445600509643555
9405,5.627836227416992
9406,5.460817813873291
9407,5.352093696594238
9408,27.284534454345703
9409,16.687419891357422
9410,9.606822967529297
9411,7.407426834106445
9412,5.945847511291504
9413,5.5360798835754395
9414,5.348470211029053
9415,5.201173782348633
9416,24.200220108032227
9417,14.569174766540527
9418,8.67863941192627
9419,6.978312015533447
9420,5.685548305511475
9421,5.4570393562316895
9422,5.30307149887085
9423,5.198481559753418
9424,24.143291473388672
9425,19.980037689208984
9426,4.18433952331543
9427,1.206843614578247
9428,21.877376556396484
9429,4.99319314956665
9430,1.5465729236602783
9431,29.06321907043457
9432,17.071197509765625
9433,10.190101623535156
9434,7.690760612487793
9435,6.287415027618408
9436,5.933615207672119
9437,5.758340358734131
9438,5.6783528327941895
9439,14.816947937011719
9440,3.5538644790649414
9441,4.023439407348633
9442,4.342677593231201
9443,4.59588098526001
9444,29.25784683227539
9445,17.165607452392578
9446,10.228921890258789
9447,7.776463508605957
9448,6.358241081237793
9449,6.002564907073975
9450,5.8330912590026855
9451,5.743101119995117
9452,24.284137725830078
9453,14.023669242858887
9454,8.13415241241455
9455,6.360894680023193
9456,5.060326099395752
9457,4.719287872314453
9458,4.567297458648682
9459,4.498068809509277
9460,24.284137725830078
9461,14.023669242858887
9462,8.13415241241455
9463,6.360894680023193
9464,5.060326099395752
9465,4.719287872314453
9466,4.567297458648682
9467,4.498068809509277
9468,28.23064422607422
9469,16.40387535095215
9470,9.654192924499512
9471,6.97570276260376
9472,5.548984050750732
9473,5.212282180786133
9474,5.028942108154297
9475,4.916011810302734
9476,3.7642035484313965
9477,3.716724157333374
9478,29.83037567138672
9479,17.918119430541992
9480,10.60620403289795
9481,8.773839950561523
9482,7.421021938323975
9483,7.016459941864014
9484,6.854047775268555
9485,6.849355697631836
9486,49.90419387817383
9487,47.34078598022461
9488,29.353761672973633
9489,30.503976821899414
9490,19.48167610168457
9491,20.860321044921875
9492,29.35394287109375
9493,17.244306564331055
9494,10.391565322875977
9495,7.977419853210449
9496,6.49681282043457
9497,6.148369789123535
9498,5.984478950500488
9499,5.910885810852051
9500,22.778024673461914
9501,12.788744926452637
9502,7.009403228759766
9503,4.946826934814453
9504,3.7558541297912598
9505,3.479097843170166
9506,3.31333327293396
9507,3.2333970069885254
9508,29.36383628845215
9509,17.14566421508789
9510,10.187934875488281
9511,7.554496765136719
9512,6.111949920654297
9513,5.772317409515381
9514,5.606815814971924
9515,5.494755268096924
9516,29.135019302368164
9517,17.118602752685547
9518,10.248737335205078
9519,7.808891296386719
9520,6.383950233459473
9521,6.030794143676758
9522,5.863750457763672
9523,5.785286903381348
9524,22.778024673461914
9525,12.788744926452637
9526,7.009403228759766
9527,4.946826934814453
9528,3.7558541297912598
9529,3.479097843170166
9530,3.31333327293396
9531,3.2333970069885254
9532,29.140531539916992
9533,17.115638732910156
9534,10.276809692382812
9535,7.808349609375
9536,6.383664608001709
9537,6.030512809753418
9538,5.865123748779297
9539,5.785088539123535
9540,29.36383628845215
9541,17.14566421508789
9542,10.187934875488281
9543,7.554496765136719
9544,6.111949920654297
9545,5.772317409515381
9546,5.606815814971924
9547,5.494755268096924
9548,29.140531539916992
9549,17.115638732910156
9550,10.276809692382812
9551,7.808349609375
9552,6.383664608001709
9553,6.030512809753418
9554,5.865123748779297
9555,5.785088539123535
9556,29.165653228759766
9557,17.08130645751953
9558,10.177971839904785
9559,7.666276931762695
9560,6.267547130584717
9561,5.91393518447876
9562,5.740791320800781
9563,5.659249305725098
9564,29.06321907043457
9565,17.071197509765625
9566,10.190101623535156
9567,7.690760612487793
9568,6.287415027618408
9569,5.933615207672119
9570,5.758340358734131
9571,5.6783528327941895
9572,8.130646705627441
9573,7.184072971343994
9574,6.236913681030273
9575,11.673553466796875
9576,11.654873847961426
9577,10.271878242492676
9578,5.175804138183594
9579,63.18484878540039
9580,9.293658256530762
9581,8.140192031860352
9582,7.064172744750977
9583,9.242921829223633
9584,5.129401683807373
9585,10.28169059753418
9586,8.574676513671875
9587,7.4007182121276855
9588,6.3202643394470215
9589,1.2071453332901
9590,2.72324800491333
9591,4.668983459472656
9592,25.49958038330078
9593,14.16530704498291
9594,7.430928707122803
9595,5.064201831817627
9596,3.5907487869262695
9597,3.2454419136047363
9598,3.108609437942505
9599,3.000551700592041
9600,3.7683918476104736
9601,26.578622817993164
9602,16.53489875793457
9603,10.37503719329834
9604,8.331642150878906
9605,7.05220365524292
9606,6.788789749145508
9607,6.613479137420654
9608,6.557722091674805
9609,12.548826217651367
9610,11.755478858947754
9611,2.311779260635376
9612,97.9031753540039
9613,27.906551361083984
9614,16.65572738647461
9615,10.177946090698242
9616,8.439852714538574
9617,6.837225437164307
9618,6.367918968200684
9619,6.159700870513916
9620,6.0980448722839355
9621,27.899341583251953
9622,16.72650909423828
9623,10.110889434814453
9624,8.418168067932129
9625,6.916219234466553
9626,6.477906703948975
9627,6.310734748840332
9628,6.153913497924805
9629,9.577167510986328
9630,25.199256896972656
9631,14.888334274291992
9632,8.680708885192871
9633,6.655808925628662
9634,5.368042469024658
9635,4.948094367980957
9636,4.7822723388671875
9637,4.6694231033325195
9638,11.405463218688965
9639,10.454170227050781
9640,8.9094820022583
9641,13.363886833190918
9642,11.607551574707031
9643,10.592958450317383
9644,9.000385284423828
9645,33.58564758300781
9646,10.344380378723145
9647,6.528105735778809
9648,4.7240777015686035
9649,4.696625232696533
9650,94.02566528320312
9651,30.388587951660156
9652,19.626670837402344
9653,13.510682106018066
9654,13.096162796020508
9655,29.195688247680664
9656,18.901920318603516
9657,12.987512588500977
9658,21.706172943115234
9659,15.27829360961914
9660,12.843009948730469
9661,11.256282806396484
9662,8.967228889465332
9663,28.557769775390625
9664,18.691864013671875
9665,13.48432731628418
9666,12.130536079406738
9667,9.904314041137695
9668,36.91436004638672
9669,11.669917106628418
9670,7.430418491363525
9671,5.374777317047119
9672,5.248114585876465
9673,7.40169095993042
9674,6.205615043640137
9675,4.196446895599365
9676,23.17566680908203
9677,13.820897102355957
9678,7.698952674865723
9679,5.9683661460876465
9680,4.836627960205078
9681,4.477545261383057
9682,4.3278398513793945
9683,4.218158721923828
9684,30.12448501586914
9685,6.266819953918457
9686,2.293165445327759
9687,21.306291580200195
9688,17.54738998413086
9689,5.396826267242432
9690,1.8516167402267456
9691,14.013847351074219
9692,7.668459415435791
9693,6.547142028808594
9694,29.266664505004883
9695,17.154991149902344
9696,10.209896087646484
9697,7.707418918609619
9698,6.29587984085083
9699,5.935906410217285
9700,5.758912086486816
9701,5.663582801818848
9702,26.106775283813477
9703,14.874988555908203
9704,8.31101131439209
9705,6.1797943115234375
9706,4.832074165344238
9707,4.5070343017578125
9708,4.368515491485596
9709,4.3014140129089355
9710,5.016557693481445
9711,8.551814079284668
9712,14.336886405944824
9713,81.71873474121094
9714,16.94898223876953
9715,19.03443717956543
9716,18.080673217773438
9717,9.505632400512695
9718,11.59496021270752
9719,12.57097053527832
9720,13.93510627746582
9721,57.13706970214844
9722,4.037604331970215
9723,4.976861953735352
9724,5.333086013793945
9725,5.686073303222656
9726,9.30787181854248
9727,6.495080947875977
9728,8.982596397399902
9729,4.942381858825684
9730,43.13996887207031
9731,25.363475799560547
9732,15.136043548583984
9733,11.6617431640625
9734,8.448739051818848
9735,7.8570556640625
9736,7.467823505401611
9737,7.187021255493164
9738,13.400574684143066
9739,12.851007461547852
9740,6.567375183105469
9741,8.613269805908203
9742,4.480008602142334
9743,14.684761047363281
9744,4.563460826873779
9745,31.818614959716797
9746,21.089431762695312
9747,14.97791576385498
9748,11.6497802734375
9749,10.323812484741211
9750,9.79446029663086
9751,9.455806732177734
9752,9.257489204406738
9753,14.83915901184082
9754,21.374122619628906
9755,11.826189041137695
9756,6.142981052398682
9757,4.15268611907959
9758,3.0331060886383057
9759,2.7010838985443115
9760,2.543874502182007
9761,2.4754185676574707
9762,17.80174446105957
9763,28.889774322509766
9764,16.916364669799805
9765,10.1176118850708
9766,7.576590061187744
9767,6.02372932434082
9768,5.730437755584717
9769,5.582393169403076
9770,5.488388538360596
9771,23.278505325317383
9772,13.307184219360352
9773,7.537545204162598
9774,5.626989364624023
9775,4.346613883972168
9776,4.048981189727783
9777,3.9185922145843506
9778,3.8380966186523438
9779,27.255403518676758
9780,16.040456771850586
9781,9.285287857055664
9782,7.322892665863037
9783,5.89998722076416
9784,5.502555847167969
9785,5.316267013549805
9786,5.239222526550293
9787,27.333114624023438
9788,16.119997024536133
9789,9.3359375
9790,7.4029388427734375
9791,5.979743957519531
9792,5.594855785369873
9793,5.412962436676025
9794,5.353014945983887
9795,26.49736785888672
9796,15.598154067993164
9797,8.959512710571289
9798,7.073563575744629
9799,5.688159942626953
9800,5.296690464019775
9801,5.12514591217041
9802,5.054953098297119
9803,26.743473052978516
9804,15.729690551757812
9805,9.036633491516113
9806,7.163957118988037
9807,5.78380823135376
9808,5.388670921325684
9809,5.207972049713135
9810,5.129896640777588
9811,22.800657272338867
9812,13.071722030639648
9813,7.1355881690979
9814,5.157296657562256
9815,3.9473648071289062
9816,3.6129150390625
9817,3.489748001098633
9818,3.3896541595458984
9819,21.690744400024414
9820,12.28148365020752
9821,6.541403770446777
9822,4.686163425445557
9823,3.5507068634033203
9824,3.225447416305542
9825,3.1016783714294434
9826,3.014613628387451
9827,4.572385311126709
9828,24.075122833251953
9829,14.119731903076172
9830,7.783920764923096
9831,6.012651443481445
9832,4.835760116577148
9833,4.4429168701171875
9834,4.286506175994873
9835,4.185069561004639
9836,9.596283912658691
9837,6.250455379486084
9838,5.8332200050354
9839,5.7230119705200195
9840,29.017427444458008
9841,16.911331176757812
9842,9.979349136352539
9843,7.223047256469727
9844,5.703859806060791
9845,5.410640716552734
9846,5.21644401550293
9847,5.120138168334961
9848,28.022567749023438
9849,17.065942764282227
9850,9.910787582397461
9851,7.590564250946045
9852,6.058793067932129
9853,5.652471542358398
9854,5.455932140350342
9855,5.294488906860352
9856,28.696578979492188
9857,16.68502426147461
9858,9.909326553344727
9859,7.177755355834961
9860,5.666144847869873
9861,5.383336067199707
9862,5.1902289390563965
9863,5.093552112579346
9864,28.567066192626953
9865,16.60470962524414
9866,9.812490463256836
9867,7.116070747375488
9868,5.62384557723999
9869,5.332864761352539
9870,5.141326427459717
9871,5.037959098815918
9872,28.824512481689453
9873,16.77994155883789
9874,9.910079956054688
9875,7.2351908683776855
9876,5.760437488555908
9877,5.452115058898926
9878,5.266092777252197
9879,5.161407470703125
9880,27.843698501586914
9881,15.271706581115723
9882,8.108168601989746
9883,5.749760627746582
9884,4.5498456954956055
9885,4.273240089416504
9886,4.200185298919678
9887,4.121991157531738
9888,28.44918441772461
9889,17.079872131347656
9890,9.890801429748535
9891,7.633604049682617
9892,6.152768135070801
9893,5.80792236328125
9894,5.632024765014648
9895,5.497138023376465
9896,28.44918441772461
9897,17.079872131347656
9898,9.890801429748535
9899,7.633604049682617
9900,6.152768135070801
9901,5.80792236328125
9902,5.632024765014648
9903,5.497138023376465
9904,53.15668487548828
9905,21.225309371948242
9906,14.240583419799805
9907,13.961456298828125
9908,10.816238403320312
9909,22.55150604248047
9910,12.788324356079102
9911,6.782217979431152
9912,4.903914451599121
9913,3.7389771938323975
9914,3.402391195297241
9915,3.2745842933654785
9916,3.183137893676758
9917,8.463077545166016
9918,2.501950263977051
9919,3.098651885986328
9920,44.637184143066406
9921,12.912882804870605
9922,7.046660900115967
9923,4.586925983428955
9924,124.37789916992188
9925,44.09991455078125
9926,29.2325439453125
9927,22.40331268310547
9928,12.623851776123047
9929,6.775235652923584
9930,4.874741554260254
9931,3.743586301803589
9932,3.452704906463623
9933,3.3139002323150635
9934,3.228592872619629
9935,22.429895401000977
9936,12.686509132385254
9937,6.829092502593994
9938,4.986286163330078
9939,3.8658154010772705
9940,3.593794822692871
9941,3.4629979133605957
9942,3.3853325843811035
9943,22.444629669189453
9944,12.54493236541748
9945,6.541622161865234
9946,4.680037498474121
9947,3.6396028995513916
9948,3.3319764137268066
9949,3.2095301151275635
9950,3.128418445587158
9951,21.334901809692383
9952,11.846614837646484
9953,6.172367572784424
9954,4.149164199829102
9955,3.010592460632324
9956,2.6736843585968018
9957,2.520409345626831
9958,2.446556568145752
9959,27.607379913330078
9960,16.263092041015625
9961,9.38636302947998
9962,7.151884078979492
9963,5.663270950317383
9964,5.308931350708008
9965,5.122073173522949
9966,5.009889125823975
9967,28.993417739868164
9968,17.312774658203125
9969,10.078851699829102
9970,7.85459566116333
9971,6.298852920532227
9972,5.908949375152588
9973,5.702322483062744
9974,5.610939025878906
9975,29.059349060058594
9976,17.380643844604492
9977,10.122322082519531
9978,7.897336006164551
9979,6.331758499145508
9980,5.938287258148193
9981,5.733758926391602
9982,5.642117977142334
9983,308.8504943847656
9984,1.6673825979232788
9985,4.320480823516846
9986,4.19357442855835
9987,4.3658342361450195
9988,8.500921249389648
9989,8.122255325317383
9990,21.83160400390625
9991,12.23234748840332
9992,6.491164207458496
9993,4.530364036560059
9994,3.403928518295288
9995,3.087136745452881
9996,2.931161880493164
9997,2.8613831996917725
9998,22.209718704223633
9999,12.508712768554688
10000,6.750226974487305
10001,4.77090311050415
10002,3.5725390911102295
10003,3.2728962898254395
10004,3.1174111366271973
10005,3.048578977584839
10006,3.8830997943878174
10007,3.8062148094177246
10008,22.30683135986328
10009,12.547568321228027
10010,6.650627136230469
10011,4.709400177001953
10012,3.5435101985931396
10013,3.21929931640625
10014,3.0953171253204346
10015,3.000500202178955
10016,91.76963806152344
10017,125.56150817871094
10018,59.48050308227539
10019,44.23202133178711
10020,41.02909469604492
10021,37.59021759033203
10022,141.78948974609375
10023,105.69720458984375
10024,75.2796401977539
10025,23.17106819152832
10026,13.284757614135742
10027,7.326384544372559
10028,5.590897083282471
10029,4.41123104095459
10030,4.080215930938721
10031,3.945136785507202
10032,3.840059995651245
10033,16.208477020263672
10034,12.559293746948242
10035,9.887350082397461
10036,9.382867813110352
10037,6.033844947814941
10038,6.830906391143799
10039,1.744642972946167
10040,30.3564453125
10041,15.482711791992188
10042,9.227653503417969
10043,6.315454483032227
10044,4.195701599121094
10045,3.53450608253479
10046,3.272552251815796
10047,3.1293349266052246
10048,17.161916732788086
10049,7.029600620269775
10050,22.706707000732422
10051,12.82026195526123
10052,6.9891357421875
10053,5.107788562774658
10054,3.897343873977661
10055,3.6143319606781006
10056,3.4767725467681885
10057,3.3988490104675293
10058,11.305049896240234
10059,3.538721799850464
10060,5.391890525817871
10061,9.781792640686035
10062,23.106212615966797
10063,12.673650741577148
10064,7.112851619720459
10065,5.047430038452148
10066,3.8025217056274414
10067,3.505034923553467
10068,3.3539950847625732
10069,21.622880935668945
10070,12.09017276763916
10071,6.347230434417725
10072,4.365148544311523
10073,3.234360694885254
10074,2.928323268890381
10075,2.766277313232422
10076,2.6887712478637695
10077,4.1382737159729
10078,2.4550559520721436
10079,1.8048213720321655
10080,23.137710571289062
10081,13.588897705078125
10082,7.850926876068115
10083,6.166741847991943
10084,4.891214847564697
10085,4.596423625946045
10086,4.46152925491333
10087,4.34705924987793
10088,4.120120048522949
10089,251.58578491210938
10090,65.243896484375
10091,48.97328567504883
10092,39.068241119384766
10093,39.7993278503418
10094,6.468717098236084
10095,9.622410774230957
10096,25.806522369384766
10097,16.077159881591797
10098,9.761221885681152
10099,8.277792930603027
10100,6.992295742034912
10101,6.635210037231445
10102,6.663547039031982
10103,6.5353922843933105
10104,22.60716438293457
10105,12.93441104888916
10106,7.2553534507751465
10107,5.559343338012695
10108,4.312292098999023
10109,3.9881248474121094
10110,3.8530194759368896
10111,3.744509696960449
10112,7.728600025177002
10113,5.76513671875
10114,5.27333927154541
10115,4.320671081542969
10116,2.399867296218872
10117,7.756185531616211
10118,7.268448829650879
10119,6.009372234344482
10120,5.856907844543457
10121,12.177816390991211
10122,10.516597747802734
10123,9.32108211517334
10124,7.704718112945557
10125,5.506468296051025
10126,4.231356143951416
10127,3.6411819458007812
10128,3.3866941928863525
10129,11.355624198913574
10130,8.414213180541992
10131,7.520936965942383
10132,6.6965436935424805
10133,6.60851526260376
10134,29.210773468017578
10135,17.560178756713867
10136,10.176250457763672
10137,7.943119049072266
10138,6.392484188079834
10139,5.995697498321533
10140,5.797015190124512
10141,5.6995038986206055
10142,28.7779541015625
10143,17.419282913208008
10144,10.173887252807617
10145,7.891233921051025
10146,6.369466781616211
10147,5.966440677642822
10148,5.766721248626709
10149,5.683398246765137
10150,28.953256607055664
10151,17.300979614257812
10152,10.056982040405273
10153,7.834141254425049
10154,6.288825988769531
10155,5.898820877075195
10156,5.704428672790527
10157,5.59467077255249
10158,24.85480499267578
10159,15.027913093566895
10160,9.165791511535645
10161,7.161585807800293
10162,5.826115608215332
10163,5.501412391662598
10164,5.343273639678955
10165,5.2159881591796875
10166,22.496891021728516
10167,12.768704414367676
10168,6.956676483154297
10169,5.171370029449463
10170,4.070417404174805
10171,3.7610397338867188
10172,3.6274962425231934
10173,3.52215576171875
10174,13.432358741760254
10175,2.4113893508911133
10176,2.25919246673584
10177,22.168107986450195
10178,16.506359100341797
10179,13.627164840698242
10180,13.090858459472656
10181,10.709385871887207
10182,8.855639457702637
10183,10.203454971313477
10184,8.632065773010254
10185,5.8072123527526855
10186,2.7362563610076904
10187,2.3845176696777344
10188,4.13645601272583
10189,6.861896991729736
10190,6.005231857299805
10191,3.8145270347595215
10192,21.158935546875
10193,18.889371871948242
10194,12.063151359558105
10195,12.350571632385254
10196,10.456745147705078
10197,8.672117233276367
10198,2.9554762840270996
10199,2.662886381149292
10200,2.563584566116333
10201,20.415630340576172
10202,10.129756927490234
10203,8.904668807983398
10204,7.742670059204102
10205,20.663570404052734
10206,13.377479553222656
10207,11.241179466247559
10208,7.160650730133057
10209,6.362076282501221
10210,4.986235618591309
10211,2.839064836502075
10212,4.008301258087158
10213,7.384575843811035
10214,4.446946620941162
10215,3.685957431793213
10216,8.237641334533691
10217,4.960664749145508
10218,4.978194236755371
10219,3.3952724933624268
10220,3.2937681674957275
10221,2.991398811340332
10222,15.061417579650879
10223,8.816282272338867
10224,5.893210411071777
10225,21.619346618652344
10226,15.410626411437988
10227,11.937329292297363
10228,18.079360961914062
10229,8.675508499145508
10230,7.644514083862305
10231,21.188634872436523
10232,10.219320297241211
10233,4.481228828430176
10234,15.71350383758545
10235,9.013425827026367
10236,7.6675825119018555
10237,24.54961395263672
10238,14.219189643859863
10239,9.213170051574707
10240,1.9848301410675049
10241,1.8817943334579468
10242,3.8140311241149902
10243,8.121393203735352
10244,5.292435646057129
10245,6.962515354156494
10246,5.785521507263184
10247,3.735553741455078
10248,9.925044059753418
10249,8.039265632629395
10250,6.6573309898376465
10251,18.40995216369629
10252,9.424108505249023
10253,8.128438949584961
10254,14.16889476776123
10255,10.00832748413086
10256,9.481714248657227
10257,15.730587005615234
10258,12.833344459533691
10259,9.644683837890625
10260,16.890541076660156
10261,11.223169326782227
10262,9.785062789916992
10263,23.497079849243164
10264,14.137444496154785
10265,11.89316177368164
10266,23.167070388793945
10267,15.841994285583496
10268,13.72791576385498
10269,17.414104461669922
10270,14.30186939239502
10271,7.5260009765625
10272,4.239382266998291
10273,5.900622844696045
10274,6.313013076782227
10275,5.268195629119873
10276,3.9815430641174316
10277,2.5006701946258545
10278,16.82120132446289
10279,10.938106536865234
10280,9.292732238769531
10281,8.249112129211426
10282,7.896508693695068
10283,4.564720630645752
10284,4.335817813873291
10285,25.857946395874023
10286,10.12076187133789
10287,37.087440490722656
10288,29.898942947387695
10289,19.405324935913086
10290,17.47551727294922
10291,16.96222686767578
10292,22.6004581451416
10293,11.125543594360352
10294,6.684326648712158
10295,4.286557197570801
10296,3.2772700786590576
10297,21.86726951599121
10298,11.959939956665039
10299,6.414772033691406
10300,4.3462443351745605
10301,3.22271990776062
10302,2.876138687133789
10303,2.757017135620117
10304,20.661096572875977
10305,11.364399909973145
10306,5.777135848999023
10307,3.841975212097168
10308,2.710036039352417
10309,2.3945717811584473
10310,2.2373015880584717
10311,2.1730399131774902
10312,27.548137664794922
10313,15.668886184692383
10314,8.50547981262207
10315,6.011566162109375
10316,4.563759803771973
10317,4.2245707511901855
10318,4.1493916511535645
10319,4.0403594970703125
10320,4.027804374694824
10321,7.787247657775879
10322,4.990889072418213
10323,7.072841167449951
10324,8.021450996398926
10325,15.430618286132812
10326,3.6050076484680176
10327,13.007136344909668
10328,18.04876136779785
10329,14.243986129760742
10330,8.819585800170898
10331,7.580514430999756
10332,5.64884090423584
10333,11.920443534851074
10334,4.864260673522949
10335,4.309630393981934
10336,3.7724616527557373
10337,24.52962303161621
10338,14.295254707336426
10339,7.945540904998779
10340,6.225088119506836
10341,5.000860691070557
10342,4.648190975189209
10343,4.519349098205566
10344,4.429677963256836
10345,23.24254608154297
10346,13.271839141845703
10347,7.286702632904053
10348,5.539764404296875
10349,4.392233848571777
10350,4.0340657234191895
10351,3.881025791168213
10352,3.7955245971679688
10353,1.4510687589645386
10354,1.8483951091766357
10355,24.604337692260742
10356,14.904582977294922
10357,8.432881355285645
10358,6.557095527648926
10359,5.284811496734619
10360,4.895224571228027
10361,4.721960544586182
10362,4.6463751792907715
10363,24.604337692260742
10364,14.904582977294922
10365,8.432881355285645
10366,6.557095527648926
10367,5.284811496734619
10368,4.895224571228027
10369,4.721960544586182
10370,4.6463751792907715
10371,14.551782608032227
10372,38.29921340942383
10373,8.85035228729248
10374,7.496524810791016
10375,3.849548578262329
10376,3.2666473388671875
10377,27.71312713623047
10378,16.262407302856445
10379,9.358343124389648
10380,6.961069107055664
10381,5.622633934020996
10382,5.265884876251221
10383,5.078428268432617
10384,4.945544242858887
10385,28.264297485351562
10386,16.705982208251953
10387,8.91232681274414
10388,7.1499152183532715
10389,5.157577991485596
10390,4.683359146118164
10391,4.430035591125488
10392,4.354219436645508
10393,4.714804172515869
10394,3.746161937713623
10395,3.1532649993896484
10396,17.912616729736328
10397,12.940380096435547
10398,10.934886932373047
10399,9.079484939575195
10400,18.48323631286621
10401,14.88683795928955
10402,8.932635307312012
10403,7.7119951248168945
10404,4.81707239151001
10405,4.830219745635986
10406,35.20208740234375
10407,21.942350387573242
10408,14.74362564086914
10409,13.82197093963623
10410,12.186118125915527
10411,11.82568359375
10412,11.894327163696289
10413,11.706257820129395
10414,38.64427947998047
10415,38.64427947998047
10416,46.35389709472656
10417,40.614990234375
10418,15.349143981933594
10419,10.363800048828125
10420,6.214149475097656
10421,5.151968955993652
10422,4.53817892074585
10423,4.29681396484375
10424,4.653864860534668
10425,22.818161010742188
10426,13.096309661865234
10427,7.147756099700928
10428,5.358482837677002
10429,4.185426235198975
10430,3.839566946029663
10431,3.6859230995178223
10432,3.5881400108337402
10433,17.319141387939453
10434,5.647733211517334
10435,4.847777366638184
10436,76.78924560546875
10437,9.075139045715332
10438,8.399311065673828
10439,7.7244086265563965
10440,30.67035675048828
10441,18.981618881225586
10442,11.511104583740234
10443,9.484779357910156
10444,8.026144027709961
10445,7.6063971519470215
10446,7.53829288482666
10447,7.492771148681641
10448,4.437954425811768
10449,22.661165237426758
10450,12.881706237792969
10451,7.074394226074219
10452,5.263129234313965
10453,4.061588764190674
10454,3.7230184078216553
10455,3.5721662044525146
10456,3.4790823459625244
10457,28.386802673339844
10458,17.065664291381836
10459,10.248671531677246
10460,8.19996452331543
10461,6.549887657165527
10462,6.115475177764893
10463,5.891229629516602
10464,5.81097412109375
10465,21.728036880493164
10466,12.147612571716309
10467,6.385900497436523
10468,4.394153594970703
10469,3.3121726512908936
10470,3.005328416824341
10471,2.8380422592163086
10472,2.7622809410095215
10473,15.557939529418945
10474,22.45917510986328
10475,22.167627334594727
10476,12.49478530883789
10477,6.752259254455566
10478,4.854414939880371
10479,3.653169631958008
10480,3.386348247528076
10481,3.2434699535369873
10482,3.173414468765259
10483,22.18598747253418
10484,12.505990982055664
10485,6.758362770080566
10486,4.858829498291016
10487,3.656585216522217
10488,3.389249086380005
10489,3.24626088142395
10490,3.1761460304260254
10491,21.314958572387695
10492,11.820150375366211
10493,6.149859428405762
10494,4.134095668792725
10495,2.999638557434082
10496,2.6603994369506836
10497,2.50357985496521
10498,2.42973256111145
10499,82.397705078125
10500,3.197035551071167
10501,14.092172622680664
10502,11.733987808227539
10503,10.852554321289062
10504,9.691394805908203
10505,7.653310775756836
10506,7.037596702575684
10507,6.036998748779297
10508,5.725215911865234
10509,17.17676544189453
10510,11.986868858337402
10511,9.70648193359375
10512,8.31591796875
10513,6.91090202331543
10514,22.404254913330078
10515,12.476826667785645
10516,6.522402763366699
10517,4.55449104309082
10518,3.355107545852661
10519,3.02504825592041
10520,2.869710922241211
10521,2.778439521789551
10522,3.3576273918151855
10523,1.9346404075622559
10524,21.601608276367188
10525,12.02694034576416
10526,6.323741912841797
10527,4.3055620193481445
10528,3.1750457286834717
10529,2.8335585594177246
10530,2.6835954189300537
10531,2.6157615184783936
10532,6.078482151031494
10533,3.954275131225586
10534,3.626199245452881
10535,17.557146072387695
10536,8.868485450744629
10537,8.324471473693848
10538,6.4265594482421875
10539,4.84389591217041
10540,22.978899002075195
10541,14.688772201538086
10542,10.908684730529785
10543,9.224289894104004
10544,7.372739315032959
10545,27.12535858154297
10546,17.880279541015625
10547,12.9826021194458
10548,10.93551254272461
10549,8.947595596313477
10550,24.32762336730957
10551,15.735440254211426
10552,11.35682487487793
10553,9.548709869384766
10554,7.677861213684082
10555,3.8462045192718506
10556,27.993541717529297
10557,4.061561107635498
10558,3.6903269290924072
10559,3.8910226821899414
10560,4.274746417999268
10561,64.25060272216797
10562,13.344423294067383
10563,24.25029182434082
10564,62.57066345214844
10565,52.899879455566406
10566,26.313886642456055
10567,15.62769889831543
10568,9.278521537780762
10569,7.336647987365723
10570,5.909391403198242
10571,5.599818706512451
10572,5.454893112182617
10573,5.354006290435791
10574,14.600069046020508
10575,11.820906639099121
10576,8.782939910888672
10577,8.277494430541992
10578,26.721824645996094
10579,15.450384140014648
10580,8.48936939239502
10581,6.097805976867676
10582,4.676791667938232
10583,4.390806198120117
10584,4.260934352874756
10585,4.144097805023193
10586,27.415281295776367
10587,15.62027645111084
10588,8.94088363647461
10589,6.416251182556152
10590,4.923385143280029
10591,4.756937503814697
10592,4.690250873565674
10593,4.60713005065918
10594,23.2230224609375
10595,14.859116554260254
10596,13.429018020629883
10597,11.30314826965332
10598,8.425127029418945
10599,20.030668258666992
10600,13.835636138916016
10601,11.848968505859375
10602,10.534226417541504
10603,3.204127788543701
10604,22.52961540222168
10605,15.605117797851562
10606,13.944647789001465
10607,12.508382797241211
10608,20.989036560058594
10609,11.39931869506836
10610,5.637292385101318
10611,3.6385889053344727
10612,2.4812512397766113
10613,2.1519670486450195
10614,2.0039381980895996
10615,1.9346263408660889
10616,22.192581176757812
10617,12.484174728393555
10618,6.738639831542969
10619,4.782046318054199
10620,3.58882999420166
10621,3.299952745437622
10622,3.1450905799865723
10623,3.0769896507263184
10624,21.134693145751953
10625,11.697202682495117
10626,6.043289661407471
10627,4.048616409301758
10628,2.9178719520568848
10629,2.5946497917175293
10630,2.435533285140991
10631,2.363065719604492
10632,21.607654571533203
10633,12.068093299865723
10634,6.3346099853515625
10635,4.35953426361084
10636,3.2843546867370605
10637,2.9781928062438965
10638,2.8132503032684326
10639,2.73807692527771
10640,11.969748497009277
10641,8.376235008239746
10642,7.252133369445801
10643,5.803806304931641
10644,30.783689498901367
10645,20.754329681396484
10646,18.543100357055664
10647,17.449234008789062
10648,16.413158416748047
10649,15.7576265335083
10650,47.57591247558594
10651,32.37572479248047
10652,28.857120513916016
10653,24.346052169799805
10654,49.039306640625
10655,29.328075408935547
10656,17.178695678710938
10657,9.906427383422852
10658,7.454527854919434
10659,6.0154948234558105
10660,5.61811637878418
10661,5.435455799102783
10662,5.278255462646484
10663,14.1031494140625
10664,31.43319320678711
10665,6.881966590881348
10666,2.759629011154175
10667,76.40740966796875
10668,4.648733139038086
10669,7.160891532897949
10670,2.978980779647827
10671,19.85672950744629
10672,11.110979080200195
10673,5.781587600708008
10674,4.053590297698975
10675,2.9810168743133545
10676,2.7327892780303955
10677,2.6575775146484375
10678,32.915191650390625
10679,5.935196399688721
10680,4.472248077392578
10681,5.69838809967041
10682,17.976194381713867
10683,24.82224464416504
10684,14.939332962036133
10685,8.905839920043945
10686,7.125557899475098
10687,5.830883502960205
10688,5.60087776184082
10689,5.4340925216674805
10690,5.29966402053833
10691,27.599346160888672
10692,16.46451759338379
10693,9.76436710357666
10694,7.6676411628723145
10695,6.202136039733887
10696,5.826481819152832
10697,5.612497329711914
10698,5.474876403808594
10699,27.778257369995117
10700,16.97671890258789
10701,9.77806282043457
10702,7.537802219390869
10703,6.047695159912109
10704,5.642622947692871
10705,5.451467037200928
10706,5.300477981567383
10707,27.413896560668945
10708,16.42058563232422
10709,9.632984161376953
10710,7.593465328216553
10711,6.119137763977051
10712,5.746809482574463
10713,5.538116931915283
10714,5.416838645935059
10715,27.412384033203125
10716,16.467056274414062
10717,9.51633071899414
10718,7.23946475982666
10719,5.773186206817627
10720,5.413553714752197
10721,5.24110746383667
10722,5.108181953430176
10723,27.868608474731445
10724,16.31475257873535
10725,9.417590141296387
10726,7.1758575439453125
10727,5.678934574127197
10728,5.337352275848389
10729,5.158320903778076
10730,5.033086776733398
10731,3.397772789001465
10732,1.4499174356460571
10733,1.2510384321212769
10734,23.816869735717773
10735,13.415513038635254
10736,7.476935863494873
10737,5.432839393615723
10738,3.9921603202819824
10739,3.738415002822876
10740,3.622157096862793
10741,3.523169994354248
10742,14.735641479492188
10743,3.5767128467559814
10744,27.14321517944336
10745,15.409331321716309
10746,8.855814933776855
10747,6.425328731536865
10748,4.8974103927612305
10749,4.706651210784912
10750,4.657850742340088
10751,4.593602180480957
10752,21.999069213867188
10753,12.351651191711426
10754,6.567576885223389
10755,4.581720352172852
10756,3.4721426963806152
10757,3.175990343093872
10758,3.0179662704467773
10759,2.9422695636749268
10760,25.591182708740234
10761,5.803539276123047
10762,2.4162302017211914
10763,22.751482009887695
10764,12.76878547668457
10765,6.998048305511475
10766,4.93069314956665
10767,3.7452776432037354
10768,3.4690213203430176
10769,3.303257942199707
10770,3.223538637161255
10771,29.213151931762695
10772,17.124868392944336
10773,10.200263023376465
10774,7.701046466827393
10775,6.291372299194336
10776,5.9360527992248535
10777,5.757692813873291
10778,5.676246643066406
10779,29.41256332397461
10780,17.2502384185791
10781,10.296382904052734
10782,7.786714553833008
10783,6.373048782348633
10784,6.016068458557129
10785,5.84417200088501
10786,5.774505615234375
10787,28.824100494384766
10788,16.803985595703125
10789,9.91651725769043
10790,7.286795139312744
10791,5.822019100189209
10792,5.526243686676025
10793,5.372576713562012
10794,5.266963958740234
10795,23.52660369873047
10796,13.466102600097656
10797,7.562167644500732
10798,5.692713737487793
10799,4.567566871643066
10800,4.266208648681641
10801,4.126438140869141
10802,4.051977634429932
10803,13.344030380249023
10804,12.690062522888184
10805,1.8290972709655762
10806,26.536827087402344
10807,15.527034759521484
10808,9.025253295898438
10809,6.806642532348633
10810,5.52011251449585
10811,5.1349358558654785
10812,4.938841342926025
10813,4.878908634185791
10814,21.118072509765625
10815,11.699148178100586
10816,6.049676895141602
10817,4.053352355957031
10818,2.9193005561828613
10819,2.5996875762939453
10820,2.4430296421051025
10821,2.3668172359466553
10822,21.118072509765625
10823,11.699148178100586
10824,6.049676895141602
10825,4.053352355957031
10826,2.9193005561828613
10827,2.5996875762939453
10828,2.4430296421051025
10829,2.3668172359466553
10830,21.633712768554688
10831,12.075669288635254
10832,6.345330238342285
10833,4.367603778839111
10834,3.2844719886779785
10835,2.978133201599121
10836,2.8118960857391357
10837,2.7369797229766846
10838,23.178579330444336
10839,13.168166160583496
10840,7.260634422302246
10841,5.3958282470703125
10842,4.248392581939697
10843,3.9885294437408447
10844,3.8714611530303955
10845,3.806353807449341
10846,22.751081466674805
10847,12.648293495178223
10848,6.550232410430908
10849,4.552821159362793
10850,3.3451972007751465
10851,3.002609968185425
10852,2.8531482219696045
10853,2.770782470703125
10854,27.95079803466797
10855,16.685935974121094
10856,10.218511581420898
10857,7.5393900871276855
10858,6.056468963623047
10859,5.763549327850342
10860,5.5901055335998535
10861,5.452096939086914
10862,21.753210067749023
10863,11.80569076538086
10864,6.105380535125732
10865,4.100353717803955
10866,2.9660375118255615
10867,2.6378304958343506
10868,2.5196948051452637
10869,22.216938018798828
10870,12.102866172790527
10871,6.311315059661865
10872,4.274102687835693
10873,3.123765468597412
10874,2.7883663177490234
10875,2.646209716796875
10876,23.55478286743164
10877,12.908761024475098
10878,6.913287162780762
10879,4.754697799682617
10880,3.5529372692108154
10881,3.238621234893799
10882,3.1167194843292236
10883,22.54413604736328
10884,12.312569618225098
10885,6.485635280609131
10886,4.475944519042969
10887,3.2816152572631836
10888,2.9590039253234863
10889,2.837200880050659
10890,22.68791961669922
10891,12.765013694763184
10892,6.742204666137695
10893,4.757030487060547
10894,3.58876371383667
10895,3.2707786560058594
10896,3.109260320663452
10897,3.020951747894287
10898,23.23174476623535
10899,12.641373634338379
10900,6.63110876083374
10901,4.513444900512695
10902,3.3303515911102295
10903,2.9845492839813232
10904,2.8376405239105225
10905,22.00510597229004
10906,12.391728401184082
10907,6.596401214599609
10908,4.645102500915527
10909,3.5287227630615234
10910,3.260585308074951
10911,3.120948314666748
10912,3.041184902191162
10913,21.83586883544922
10914,12.336064338684082
10915,6.553683757781982
10916,4.618618011474609
10917,3.5095672607421875
10918,3.240046262741089
10919,3.097055435180664
10920,3.0177688598632812
10921,23.533597946166992
10922,13.603865623474121
10923,7.629819393157959
10924,5.929964542388916
10925,4.829385757446289
10926,4.468091011047363
10927,4.325267791748047
10928,4.230618000030518
10929,22.55433464050293
10930,12.726896286010742
10931,6.839856147766113
10932,4.940275192260742
10933,3.833249092102051
10934,3.547116756439209
10935,3.4090206623077393
10936,3.321913719177246
10937,21.978721618652344
10938,12.339446067810059
10939,6.547724723815918
10940,4.567263603210449
10941,3.4594292640686035
10942,3.16306734085083
10943,3.0079121589660645
10944,2.9321773052215576
10945,15.45821762084961
10946,11.610945701599121
10947,18.585006713867188
10948,9.391088485717773
10949,13.947392463684082
10950,7.219357490539551
10951,11.271963119506836
10952,8.446015357971191
10953,7.676114082336426
10954,0.9310387969017029
10955,10.613414764404297
10956,7.7890305519104
10957,7.269256114959717
10958,6.560299396514893
10959,28.08641815185547
10960,16.571468353271484
10961,9.549661636352539
10962,7.352948188781738
10963,5.83414888381958
10964,5.468339443206787
10965,5.28145694732666
10966,5.168089389801025
10967,21.83562660217285
10968,12.152560234069824
10969,6.375312805175781
10970,4.470427513122559
10971,3.3170037269592285
10972,3.0227551460266113
10973,2.877164363861084
10974,2.793497323989868
10975,22.68653106689453
10976,12.857135772705078
10977,6.990060806274414
10978,5.14139986038208
10979,4.0160298347473145
10980,3.7259836196899414
10981,3.594526529312134
10982,3.5323827266693115
10983,21.095060348510742
10984,11.665902137756348
10985,5.982919692993164
10986,4.045866012573242
10987,2.866751194000244
10988,2.5437259674072266
10989,2.3863420486450195
10990,2.318509578704834
10991,63.53607177734375
10992,6.304436206817627
10993,7.38429594039917
10994,6.930629253387451
10995,6.016330242156982
10996,5.570628643035889
10997,21.851593017578125
10998,12.14107894897461
10999,6.40963077545166
11000,4.40960168838501
11001,3.3168413639068604
11002,3.0048294067382812
11003,2.856029510498047
11004,2.782844066619873
11005,93.41754150390625
11006,59.54840087890625
11007,4.277586460113525
11008,28.367971420288086
11009,17.173641204833984
11010,9.984779357910156
11011,7.747209072113037
11012,6.254586696624756
11013,5.861996650695801
11014,5.667035102844238
11015,5.562403202056885
11016,28.935977935791016
11017,17.28813362121582
11018,10.074542999267578
11019,7.854005336761475
11020,6.298995494842529
11021,5.905663013458252
11022,5.7002058029174805
11023,5.603217124938965
11024,28.0107479095459
11025,16.88640594482422
11026,9.358896255493164
11027,7.622292518615723
11028,6.266092300415039
11029,5.858941555023193
11030,5.635254859924316
11031,5.507284641265869
11032,23.069534301757812
11033,13.10472297668457
11034,7.173566818237305
11035,5.208141803741455
11036,4.054031848907471
11037,3.734360456466675
11038,3.602435350418091
11039,3.512838363647461
11040,24.095298767089844
11041,13.955389022827148
11042,8.186908721923828
11043,6.243760108947754
11044,4.975472450256348
11045,4.683956146240234
11046,4.556763648986816
11047,4.490779876708984
11048,25.372676849365234
11049,14.872989654541016
11050,8.873330116271973
11051,6.880036354064941
11052,5.4564409255981445
11053,5.148597717285156
11054,5.0016703605651855
11055,4.937047481536865
11056,28.225582122802734
11057,17.084819793701172
11058,9.93420696258545
11059,7.705079078674316
11060,6.219719886779785
11061,5.82912540435791
11062,5.635167598724365
11063,5.5304083824157715
11064,28.812341690063477
11065,17.186811447143555
11066,9.994392395019531
11067,7.754922389984131
11068,6.205347061157227
11069,5.801722526550293
11070,5.601701736450195
11071,5.478753566741943
11072,27.500574111938477
11073,16.045373916625977
11074,9.191106796264648
11075,6.922937393188477
11076,5.513072490692139
11077,5.122915267944336
11078,4.953984260559082
11079,4.819595813751221
11080,3.7000293731689453
11081,11.043781280517578
11082,7.064295291900635
11083,6.670904636383057
11084,6.05533504486084
11085,68.94085693359375
11086,22.68476104736328
11087,12.63079833984375
11088,6.606773376464844
11089,4.612738609313965
11090,3.387704610824585
11091,3.044975519180298
11092,2.886608362197876
11093,2.7862489223480225
11094,25.88005256652832
11095,15.032698631286621
11096,8.33648681640625
11097,6.430919170379639
11098,5.023041725158691
11099,4.689223289489746
11100,4.578409671783447
11101,4.482143878936768
11102,29.133995056152344
11103,17.11383056640625
11104,9.818669319152832
11105,7.393041133880615
11106,5.998320579528809
11107,5.5999321937561035
11108,5.421722412109375
11109,5.338042259216309
11110,63.87672805786133
11111,32.93498611450195
11112,23.93971061706543
11113,22.309072494506836
11114,19.248104095458984
11115,28.80301856994629
11116,17.452383041381836
11117,10.037190437316895
11118,7.8694915771484375
11119,6.384793281555176
11120,5.9574198722839355
11121,5.738916397094727
11122,5.618734359741211
11123,28.75191307067871
11124,17.416160583496094
11125,10.12648868560791
11126,7.896806716918945
11127,6.366211414337158
11128,5.960568428039551
11129,5.757676601409912
11130,5.665581226348877
11131,29.548458099365234
11132,18.013561248779297
11133,10.647109985351562
11134,8.397256851196289
11135,6.857606887817383
11136,6.484769344329834
11137,6.280436038970947
11138,6.260345458984375
11139,24.28071403503418
11140,14.038211822509766
11141,7.874162673950195
11142,6.003580570220947
11143,4.863375186920166
11144,4.500021934509277
11145,4.341283321380615
11146,4.2859320640563965
11147,24.735919952392578
11148,13.966910362243652
11149,7.32616662979126
11150,5.16504430770874
11151,3.8871474266052246
11152,3.5378189086914062
11153,3.3540031909942627
11154,3.24379563331604
11155,122.05044555664062
11156,135.50367736816406
11157,168.37925720214844
11158,35.45036697387695
11159,24.399642944335938
11160,13.957666397094727
11161,7.717560291290283
11162,5.730082035064697
11163,4.3491902351379395
11164,3.9606242179870605
11165,3.819345712661743
11166,3.7293314933776855
11167,31.787315368652344
11168,13.028606414794922
11169,11.851168632507324
11170,10.187209129333496
11171,23.84999656677246
11172,13.326024055480957
11173,7.003398418426514
11174,4.907069206237793
11175,3.6609373092651367
11176,3.3219246864318848
11177,3.1550488471984863
11178,3.0615344047546387
11179,18.29556655883789
11180,13.15451717376709
11181,3.52134108543396
11182,3.6075034141540527
11183,26.496973037719727
11184,16.062360763549805
11185,9.733004570007324
11186,7.917990207672119
11187,6.734416961669922
11188,6.455355644226074
11189,6.329983234405518
11190,6.205322265625
11191,33.54045486450195
11192,1.8065407276153564
11193,1.8092747926712036
11194,1.492307424545288
11195,69.51569366455078
11196,23.60089874267578
11197,13.036078453063965
11198,7.274858474731445
11199,5.138582706451416
11200,3.8928325176239014
11201,3.5695688724517822
11202,3.4507017135620117
11203,24.4621524810791
11204,13.565990447998047
11205,7.585766792297363
11206,5.456357002258301
11207,4.225616931915283
11208,3.883523464202881
11209,3.74830961227417
11210,2.6933674812316895
11211,25.404159545898438
11212,5.835041046142578
11213,36.18898010253906
11214,22.13629722595215
11215,17.622074127197266
11216,16.184186935424805
11217,5.712244987487793
11218,5.176639080047607
11219,4.303520679473877
11220,3.7235641479492188
11221,3.1972649097442627
11222,20.934310913085938
11223,11.554760932922363
11224,5.859353542327881
11225,3.897275686264038
11226,2.720799446105957
11227,2.4049553871154785
11228,2.2469468116760254
11229,2.1815779209136963
11230,21.611867904663086
11231,12.081838607788086
11232,6.37650728225708
11233,4.405921459197998
11234,3.3046252727508545
11235,2.989431619644165
11236,2.8333258628845215
11237,2.760401725769043
11238,22.029085159301758
11239,12.323434829711914
11240,6.415444850921631
11241,4.419674873352051
11242,3.3137662410736084
11243,2.955591917037964
11244,2.824092149734497
11245,2.7156691551208496
11246,9.87644100189209
11247,7.547080993652344
11248,17.584531784057617
11249,27.813060760498047
11250,16.739566802978516
11251,9.678590774536133
11252,7.460305213928223
11253,5.919255256652832
11254,5.5434651374816895
11255,5.380054473876953
11256,5.278450965881348
11257,28.321266174316406
11258,16.42333984375
11259,9.228475570678711
11260,6.674736022949219
11261,5.338657379150391
11262,4.954048156738281
11263,4.7595953941345215
11264,4.6239399909973145
11265,28.752643585205078
11266,16.924270629882812
11267,9.71955680847168
11268,7.333150386810303
11269,6.027673721313477
11270,5.614988327026367
11271,5.450282573699951
11272,5.354599475860596
11273,20.208688735961914
11274,10.436287879943848
11275,9.26502513885498
11276,9.035929679870605
11277,8.70105266571045
11278,28.69452476501465
11279,16.364656448364258
11280,9.255990982055664
11281,6.793995380401611
11282,5.349807262420654
11283,5.033573627471924
11284,4.814942359924316
11285,4.691503524780273
11286,13.60768985748291
11287,10.279417037963867
11288,8.821495056152344
11289,8.313769340515137
11290,5.720322132110596
11291,52.71105194091797
11292,31.28662872314453
11293,13.649002075195312
11294,1.9406598806381226
11295,14.209882736206055
11296,5.0522871017456055
11297,22.26698875427246
11298,12.134367942810059
11299,6.3050432205200195
11300,4.257303237915039
11301,3.089421272277832
11302,2.7535440921783447
11303,2.6301071643829346
11304,16.8360538482666
11305,12.25195026397705
11306,10.437679290771484
11307,7.486807823181152
11308,5.359499454498291
11309,7.426418781280518
11310,11.51014518737793
11311,28.64349365234375
11312,16.86313247680664
11313,9.95218276977539
11314,7.809108734130859
11315,6.3343305587768555
11316,5.928281307220459
11317,5.716504096984863
11318,5.626540184020996
11319,28.460840225219727
11320,16.77301788330078
11321,9.833985328674316
11322,7.598052501678467
11323,6.158554553985596
11324,5.7643656730651855
11325,5.563654899597168
11326,5.478326320648193
11327,1.2351500988006592
11328,6.441673278808594
11329,4.620999813079834
11330,5.938910007476807
11331,1.6240618228912354
11332,29.60814666748047
11333,17.75050926208496
11334,1.8958009481430054
11335,6.144508361816406
11336,5.56446647644043
11337,5.457449436187744
11338,1.3755199909210205
11339,32.9080696105957
11340,20.01404571533203
11341,12.790128707885742
11342,10.73421573638916
11343,9.77039623260498
11344,9.239731788635254
11345,9.027510643005371
11346,8.96875
11347,32.04031753540039
11348,20.680505752563477
11349,15.908210754394531
11350,14.05372428894043
11351,1.7095904350280762
11352,2.026785373687744
11353,17.194917678833008
11354,6.277469635009766
11355,5.245077133178711
11356,3.7750754356384277
11357,4.789026737213135
11358,3.407409191131592
11359,3.310698986053467
11360,3.4544453620910645
11361,23.53595542907715
11362,13.934369087219238
11363,7.789145469665527
11364,6.120196342468262
11365,4.895124435424805
11366,4.584437370300293
11367,4.427227973937988
11368,4.3551554679870605
11369,5.959284782409668
11370,4.079747200012207
11371,26.140697479248047
11372,36.28961944580078
11373,22.458295822143555
11374,12.69421100616455
11375,6.859267711639404
11376,4.916806221008301
11377,3.734164237976074
11378,3.411489248275757
11379,3.280174732208252
11380,3.1873462200164795
11381,27.4563045501709
11382,16.107616424560547
11383,9.424793243408203
11384,7.053227424621582
11385,5.638472557067871
11386,5.342196464538574
11387,5.217804908752441
11388,5.1344194412231445
11389,6.076335430145264
11390,3.619267702102661
11391,27.473804473876953
11392,16.250761032104492
11393,9.919210433959961
11394,7.847230911254883
11395,7.147010326385498
11396,6.838657855987549
11397,6.670090675354004
11398,6.548194885253906
11399,22.654447555541992
11400,12.809163093566895
11401,6.846378803253174
11402,4.855790138244629
11403,3.705850839614868
11404,3.3840110301971436
11405,3.223764657974243
11406,3.1327872276306152
11407,23.778501510620117
11408,13.68803882598877
11409,7.554186820983887
11410,5.766209602355957
11411,4.588616847991943
11412,4.21753454208374
11413,4.07667350769043
11414,3.981865882873535
11415,22.263450622558594
11416,12.554591178894043
11417,6.6840925216674805
11418,4.807285785675049
11419,3.629441738128662
11420,3.281996011734009
11421,3.1583852767944336
11422,3.0511415004730225
11423,4.624203681945801
11424,4.093310356140137
11425,3.7252938747406006
11426,18.869171142578125
11427,10.962798118591309
11428,9.742197036743164
11429,2.898970603942871
11430,11.037734985351562
11431,6.542142391204834
11432,5.644779205322266
11433,28.65666961669922
11434,16.63982391357422
11435,9.554001808166504
11436,6.970379829406738
11437,5.564024925231934
11438,5.226862907409668
11439,5.108335494995117
11440,5.012563705444336
11441,26.358890533447266
11442,17.297626495361328
11443,14.841731071472168
11444,11.280964851379395
11445,28.050823211669922
11446,16.6060848236084
11447,9.54051399230957
11448,7.41941499710083
11449,5.914150714874268
11450,5.525244235992432
11451,5.334680557250977
11452,5.2206268310546875
11453,3.3421669006347656
11454,22.468259811401367
11455,12.677328109741211
11456,6.82499885559082
11457,4.912787437438965
11458,3.7818922996520996
11459,3.489764451980591
11460,3.354140281677246
11461,3.2681643962860107
11462,22.43947410583496
11463,12.690910339355469
11464,6.831751823425293
11465,4.962986946105957
11466,3.8614048957824707
11467,3.589674234390259
11468,3.4590039253234863
11469,3.3814303874969482
11470,21.348575592041016
11471,11.836014747619629
11472,6.165287494659424
11473,4.1461405754089355
11474,3.0041985511779785
11475,2.664100408554077
11476,2.5058698654174805
11477,2.432286262512207
11478,21.382160186767578
11479,11.870969772338867
11480,6.185801982879639
11481,4.160605430603027
11482,3.0192463397979736
11483,2.681685447692871
11484,2.526524782180786
11485,2.4524214267730713
11486,23.719396591186523
11487,13.250042915344238
11488,6.98610782623291
11489,4.916944980621338
11490,3.7204132080078125
11491,3.383063554763794
11492,3.216233730316162
11493,3.124591588973999
11494,23.07994842529297
11495,13.061676025390625
11496,6.997112274169922
11497,5.0105743408203125
11498,3.798384666442871
11499,3.449716567993164
11500,3.3299803733825684
11501,3.2446606159210205
11502,22.667804718017578
11503,12.22138786315918
11504,6.431195259094238
11505,4.391173839569092
11506,3.204221725463867
11507,2.8658313751220703
11508,2.7376787662506104
11509,28.973249435424805
11510,1.632224678993225
11511,7.0817646980285645
11512,3.8207333087921143
11513,3.404197931289673
11514,26.154417037963867
11515,15.22330379486084
11516,8.592805862426758
11517,6.384984493255615
11518,5.100445747375488
11519,4.829484939575195
11520,4.692018985748291
11521,4.574471473693848
11522,26.00542449951172
11523,15.157471656799316
11524,8.568192481994629
11525,6.413990020751953
11526,5.130964756011963
11527,4.856494903564453
11528,4.717187881469727
11529,4.598141670227051
11530,3.3940694332122803
11531,3.0373215675354004
11532,3.4722440242767334
11533,14.044527053833008
11534,11.80454158782959
11535,11.587041854858398
11536,9.997488975524902
11537,29.98200035095215
11538,20.954513549804688
11539,14.16141128540039
11540,11.618673324584961
11541,10.160480499267578
11542,9.803268432617188
11543,9.472671508789062
11544,9.31470775604248
11545,24.2374210357666
11546,13.71782112121582
11547,7.439571380615234
11548,5.299710273742676
11549,4.068471431732178
11550,3.724400520324707
11551,3.5758919715881348
11552,3.490320920944214
11553,22.341691970825195
11554,12.568136215209961
11555,6.581169128417969
11556,4.6059889793396
11557,3.442230701446533
11558,3.124370813369751
11559,2.990912914276123
11560,2.895258903503418
11561,28.08857536315918
11562,16.478408813476562
11563,9.5304536819458
11564,7.239080429077148
11565,5.838335990905762
11566,5.578546047210693
11567,5.455453872680664
11568,5.34053373336792
11569,2.7985243797302246
11570,7.113405227661133
11571,21.242481231689453
11572,2.3733115196228027
11573,6.722743034362793
11574,28.599918365478516
11575,16.92745590209961
11576,10.034782409667969
11577,8.04378890991211
11578,6.391811847686768
11579,6.139201641082764
11580,5.973822593688965
11581,5.858063220977783
11582,56.148712158203125
11583,89.3261489868164
11584,5.324970722198486
11585,28.30731201171875
11586,16.78339385986328
11587,9.69914436340332
11588,7.443984031677246
11589,5.929409980773926
11590,5.563272476196289
11591,5.380767345428467
11592,5.270060062408447
11593,26.783525466918945
11594,15.195573806762695
11595,8.252462387084961
11596,5.832581043243408
11597,4.375444412231445
11598,4.053492069244385
11599,3.966614007949829
11600,3.8394227027893066
11601,27.907146453857422
11602,15.845233917236328
11603,8.547411918640137
11604,6.060391426086426
11605,4.545782566070557
11606,4.219761371612549
11607,4.115114212036133
11608,4.034124851226807
11609,26.074445724487305
11610,14.730098724365234
11611,8.211294174194336
11612,5.863680362701416
11613,4.337242126464844
11614,4.145059585571289
11615,4.089864730834961
11616,25.754974365234375
11617,14.232102394104004
11618,7.874027729034424
11619,5.495622634887695
11620,4.066909313201904
11621,3.6991922855377197
11622,3.596323251724243
11623,2.0143749713897705
11624,4.5209879875183105
11625,52.21715545654297
11626,31.13335609436035
11627,67.76785278320312
11628,52.42466735839844
11629,8.886187553405762
11630,2.1846325397491455
11631,27.581769943237305
11632,16.47178840637207
11633,10.038779258728027
11634,8.141480445861816
11635,6.824731826782227
11636,6.361544609069824
11637,6.19058895111084
11638,6.060704231262207
11639,27.44075584411621
11640,16.428665161132812
11641,10.057299613952637
11642,8.305776596069336
11643,6.794633865356445
11644,6.340648174285889
11645,6.152350902557373
11646,6.101137638092041
11647,19.400405883789062
11648,19.370615005493164
11649,12.583301544189453
11650,52.07854080200195
11651,30.853412628173828
11652,20.293136596679688
11653,19.214628219604492
11654,2.770278215408325
11655,2.9054956436157227
11656,4.612687587738037
11657,1.188523530960083
11658,1.3057076930999756
11659,5.114285469055176
11660,5.232046127319336
11661,20.416933059692383
11662,10.952102661132812
11663,5.304563045501709
11664,3.3773577213287354
11665,2.2298216819763184
11666,1.9022815227508545
11667,1.7576855421066284
11668,1.6821997165679932
11669,7.356878280639648
11670,38.204002380371094
11671,26.405183792114258
11672,15.470538139343262
11673,8.784554481506348
11674,6.713202476501465
11675,5.316782474517822
11676,5.051468372344971
11677,4.872722148895264
11678,4.768361568450928
11679,28.636516571044922
11680,16.4559383392334
11681,9.195639610290527
11682,6.605494022369385
11683,5.121379375457764
11684,4.751477241516113
11685,4.511993885040283
11686,4.379004001617432
11687,27.93097686767578
11688,16.082155227661133
11689,9.02212142944336
11690,6.4601731300354
11691,5.0195112228393555
11692,4.69171142578125
11693,4.465947151184082
11694,4.331662654876709
11695,28.160505294799805
11696,16.48579216003418
11697,9.506768226623535
11698,7.084779262542725
11699,5.712734699249268
11700,5.35666561126709
11701,5.169867038726807
11702,5.05260705947876
11703,27.79520034790039
11704,16.145248413085938
11705,9.282451629638672
11706,6.864128589630127
11707,5.511685848236084
11708,5.190370559692383
11709,5.023539066314697
11710,4.938250541687012
11711,27.58740997314453
11712,15.637272834777832
11713,8.646106719970703
11714,6.214271545410156
11715,4.794225215911865
11716,4.489143371582031
11717,4.380643844604492
11718,4.257933139801025
11719,27.61353874206543
11720,15.700237274169922
11721,8.666318893432617
11722,6.215561866760254
11723,4.757311820983887
11724,4.435707092285156
11725,4.338469505310059
11726,4.222995281219482
11727,29.410263061523438
11728,16.771936416625977
11729,9.313465118408203
11730,6.690726280212402
11731,5.181009292602539
11732,4.859910488128662
11733,4.753533840179443
11734,4.631852149963379
11735,9.281842231750488
11736,14.708297729492188
11737,9.103181838989258
11738,7.666845798492432
11739,14.419187545776367
11740,8.966679573059082
11741,7.5448784828186035
11742,10.77108097076416
11743,5.365530014038086
11744,4.538236141204834
11745,2.6693882942199707
11746,2.1361544132232666
11747,26.318986892700195
11748,15.367297172546387
11749,12.21211051940918
11750,4.5050740242004395
11751,3.5527706146240234
11752,23.03956413269043
11753,15.829781532287598
11754,12.860245704650879
11755,19.954696655273438
11756,16.629364013671875
11757,14.537114143371582
11758,11.69145393371582
11759,25.44485855102539
11760,55.92959213256836
11761,37.82054138183594
11762,48.84907913208008
11763,35.20970916748047
11764,26.608821868896484
11765,22.416683197021484
11766,11.449036598205566
11767,27.281139373779297
11768,15.81187915802002
11769,8.897147178649902
11770,6.429774284362793
11771,5.062591552734375
11772,4.725508213043213
11773,4.533226490020752
11774,4.416583061218262
11775,27.45178985595703
11776,15.89127254486084
11777,8.94272518157959
11778,6.46270751953125
11779,5.06021785736084
11780,4.728575229644775
11781,4.512330532073975
11782,4.389650821685791
11783,10.57698917388916
11784,26.123579025268555
11785,5.755321025848389
11786,2.281092882156372
11787,22.137588500976562
11788,12.469329833984375
11789,6.681375980377197
11790,4.844134330749512
11791,3.6440510749816895
11792,3.3726086616516113
11793,3.2339727878570557
11794,3.1547439098358154
11795,3.9733612537384033
11796,27.58740997314453
11797,15.637272834777832
11798,8.646106719970703
11799,6.214271545410156
11800,4.794225215911865
11801,4.489143371582031
11802,4.380643844604492
11803,4.257933139801025
11804,27.552658081054688
11805,15.617228507995605
11806,8.629241943359375
11807,6.1969122886657715
11808,4.773640155792236
11809,4.4672064781188965
11810,4.358761787414551
11811,4.241096496582031
11812,7.7374701499938965
11813,12.30521297454834
11814,9.199674606323242
11815,8.002568244934082
11816,7.389184951782227
11817,2.866138458251953
11818,2.615882396697998
11819,2.507826805114746
11820,3.8433609008789062
11821,27.306568145751953
11822,15.634088516235352
11823,8.529621124267578
11824,6.189113616943359
11825,4.953827857971191
11826,4.675329685211182
11827,4.456719398498535
11828,4.414911270141602
11829,7.6938605308532715
11830,6.92971658706665
11831,5.675777912139893
11832,37.29660415649414
11833,29.2866153717041
11834,26.421653747558594
11835,22.908395767211914
11836,19.93527603149414
11837,17.13695526123047
11838,37.501373291015625
11839,18.393573760986328
11840,13.680456161499023
11841,12.470000267028809
11842,11.803871154785156
11843,2.6010613441467285
11844,15.905728340148926
11845,10.474061965942383
11846,8.9254150390625
11847,7.512578964233398
11848,3.0539286136627197
11849,3.0265772342681885
11850,3.210885524749756
11851,3.210885524749756
11852,8.087007522583008
11853,6.61788272857666
11854,33.69056701660156
11855,27.648401260375977
11856,16.13971519470215
11857,9.278937339782715
11858,6.902990341186523
11859,5.534490585327148
11860,5.180741786956787
11861,4.984007835388184
11862,4.847478866577148
11863,25.40252113342285
11864,14.382112503051758
11865,7.738628387451172
11866,5.662375450134277
11867,4.401764392852783
11868,4.144353866577148
11869,3.962278366088867
11870,3.850214719772339
11871,23.557353973388672
11872,13.483665466308594
11873,7.603980541229248
11874,5.625983238220215
11875,4.413311958312988
11876,4.069342613220215
11877,3.9333913326263428
11878,3.8410804271698
11879,26.57426643371582
11880,15.125919342041016
11881,8.163583755493164
11882,5.918811798095703
11883,4.5801191329956055
11884,4.242122173309326
11885,4.096477508544922
11886,3.990238666534424
11887,27.750015258789062
11888,15.922738075256348
11889,9.055740356445312
11890,6.377613067626953
11891,4.928457260131836
11892,4.594987392425537
11893,4.4128570556640625
11894,4.279550075531006
11895,22.726573944091797
11896,12.882861137390137
11897,6.9133148193359375
11898,4.942910194396973
11899,3.715620994567871
11900,3.3848986625671387
11901,3.2079720497131348
11902,3.1333653926849365
11903,29.887332916259766
11904,12.228668212890625
11905,115.28441619873047
11906,22.731199264526367
11907,7.459775924682617
11908,7.1950860023498535
11909,11.288763046264648
11910,21.779163360595703
11911,12.213761329650879
11912,6.489069938659668
11913,4.5555949211120605
11914,3.414127826690674
11915,3.109302520751953
11916,2.9530396461486816
11917,2.8830864429473877
11918,17.93726921081543
11919,31.456865310668945
11920,18.64557456970215
11921,11.398849487304688
11922,9.215977668762207
11923,6.573672294616699
11924,5.7535080909729
11925,5.361680507659912
11926,5.128177642822266
11927,20.071809768676758
11928,25.983524322509766
11929,2.425139904022217
11930,1.9613499641418457
11931,1.5907505750656128
11932,3.1418910026550293
11933,8.540595054626465
11934,16.136016845703125
11935,3.192701578140259
11936,2.949113130569458
11937,2.8326008319854736
11938,2.8450851440429688
11939,2.1711268424987793
11940,10.945775032043457
11941,28.93895721435547
11942,16.11210060119629
11943,9.209258079528809
11944,6.606626510620117
11945,5.045395374298096
11946,4.868556022644043
11947,4.840854167938232
11948,4.782971382141113
11949,40.132232666015625
11950,22.877946853637695
11951,12.960628509521484
11952,7.079629898071289
11953,5.24869441986084
11954,4.114498615264893
11955,3.8230156898498535
11956,3.6944620609283447
11957,3.6272268295288086
11958,21.969837188720703
11959,12.203092575073242
11960,6.433248996734619
11961,4.4217352867126465
11962,3.3315656185150146
11963,3.016099691390991
11964,2.867429733276367
11965,2.79298734664917
11966,22.18381118774414
11967,12.447940826416016
11968,6.586476802825928
11969,4.680817604064941
11970,3.5124621391296387
11971,3.236177444458008
11972,3.0932068824768066
11973,3.004305839538574
11974,2.9347453117370605
11975,3.016798496246338
11976,2.8896381855010986
11977,27.944995880126953
11978,15.73297119140625
11979,9.021944046020508
11980,6.426634788513184
11981,5.048422336578369
11982,4.776853561401367
11983,4.6497483253479
11984,4.550982475280762
11985,28.662822723388672
11986,16.53923225402832
11987,9.892196655273438
11988,7.113587856292725
11989,5.498333930969238
11990,4.843157768249512
11991,4.523398399353027
11992,4.304169178009033
11993,16.220787048339844
11994,7.466594696044922
11995,13.140876770019531
11996,7.5533294677734375
11997,6.944033145904541
11998,4.743716239929199
11999,17.048091888427734
12000,22.2269229888916
12001,12.838279724121094
12002,6.928360462188721
12003,5.175578594207764
12004,4.015749931335449
12005,3.65883207321167
12006,3.528735399246216
12007,3.4221673011779785
12008,21.28879165649414
12009,11.239864349365234
12010,22.94854736328125
12011,8.043676376342773
12012,6.27876091003418
12013,5.957449436187744
12014,5.081499099731445
12015,5.120016574859619
12016,28.132051467895508
12017,16.426937103271484
12018,9.447132110595703
12019,7.186502933502197
12020,5.67315149307251
12021,5.285937786102295
12022,5.109820365905762
12023,4.975329875946045
12024,29.41010284423828
12025,9.594844818115234
12026,7.030338287353516
12027,6.40308141708374
12028,5.185452461242676
12029,4.9812846183776855
12030,12.831937789916992
12031,10.052952766418457
12032,9.453423500061035
12033,7.8942461013793945
12034,13.699772834777832
12035,26.034862518310547
12036,21.463130950927734
12037,18.018726348876953
12038,13.537248611450195
12039,12.58605670928955
12040,5.068360328674316
12041,19.054773330688477
12042,12.267534255981445
12043,10.851670265197754
12044,9.814040184020996
12045,22.396236419677734
12046,12.844138145446777
12047,10.472249984741211
12048,11.64339828491211
12049,8.631905555725098
12050,8.712377548217773
12051,7.148244380950928
12052,16.389312744140625
12053,5.266005992889404
12054,6.348962306976318
12055,16.389312744140625
12056,10.773536682128906
12057,22.918376922607422
12058,14.77407169342041
12059,8.782676696777344
12060,6.516517162322998
12061,5.33035945892334
12062,4.931974411010742
12063,4.782400608062744
12064,4.687248229980469
12065,22.5734806060791
12066,13.024063110351562
12067,7.12736177444458
12068,5.371999740600586
12069,4.238719463348389
12070,3.899122953414917
12071,3.7660152912139893
12072,3.6556012630462646
12073,29.166954040527344
12074,17.278942108154297
12075,11.058891296386719
12076,8.65888786315918
12077,7.187529563903809
12078,6.978885650634766
12079,6.802900791168213
12080,6.739222049713135
12081,22.826114654541016
12082,12.660479545593262
12083,6.630471229553223
12084,4.5853471755981445
12085,3.36782169342041
12086,3.04789400100708
12087,2.8878233432769775
12088,2.7921762466430664
12089,23.311416625976562
12090,12.957226753234863
12091,6.791857719421387
12092,4.723875522613525
12093,3.4687938690185547
12094,3.139063596725464
12095,2.978386163711548
12096,2.8476388454437256
12097,22.227155685424805
12098,12.708524703979492
12099,6.896440029144287
12100,5.112056732177734
12101,3.9392666816711426
12102,3.6000425815582275
12103,3.45619535446167
12104,3.355640411376953
12105,33.65812683105469
12106,7.956118106842041
12107,8.971368789672852
12108,3.584043264389038
12109,109.37671661376953
12110,11.459664344787598
12111,14.724891662597656
12112,22.277429580688477
12113,12.399589538574219
12114,6.4815874099731445
12115,4.529499530792236
12116,3.32684326171875
12117,2.9963109493255615
12118,2.846651077270508
12119,2.7596778869628906
12120,23.424715042114258
12121,13.055614471435547
12122,6.8099589347839355
12123,4.753637313842773
12124,3.487152099609375
12125,3.1479976177215576
12126,2.9878578186035156
12127,2.886134386062622
12128,22.11376953125
12129,12.301313400268555
12130,6.437229156494141
12131,4.507059574127197
12132,3.331061840057373
12133,3.0143425464630127
12134,2.8602242469787598
12135,2.777958869934082
12136,22.60194206237793
12137,12.583292007446289
12138,6.601012229919434
12139,4.625240325927734
12140,3.4222378730773926
12141,3.0986857414245605
12142,2.9515380859375
12143,2.8778138160705566
12144,21.977760314941406
12145,12.213654518127441
12146,6.384954452514648
12147,4.4515838623046875
12148,3.262209415435791
12149,2.940175771713257
12150,2.7862064838409424
12151,2.7004740238189697
12152,22.849578857421875
12153,37.883514404296875
12154,7.0961737632751465
12155,6.764796733856201
12156,21.897972106933594
12157,12.28075122833252
12158,6.52597713470459
12159,4.539592742919922
12160,3.4272539615631104
12161,3.1400318145751953
12162,2.9845924377441406
12163,2.909280300140381
12164,22.919654846191406
12165,12.752298355102539
12166,6.681029796600342
12167,4.668729782104492
12168,3.4678244590759277
12169,3.1319708824157715
12170,2.970006227493286
12171,2.8809432983398438
12172,23.098968505859375
12173,14.157146453857422
12174,8.481866836547852
12175,6.3458170890808105
12176,5.255943298339844
12177,4.860984802246094
12178,4.722830772399902
12179,4.649158954620361
12180,22.329357147216797
12181,19.049591064453125
12182,15.12220573425293
12183,11.638017654418945
12184,6.768640041351318
12185,45.49609375
12186,16.6710147857666
12187,12.886345863342285
12188,16.147993087768555
12189,21.073415756225586
12190,28.66864013671875
12191,38.38249969482422
12192,25.891691207885742
12193,21.98587989807129
12194,12.185824394226074
12195,6.331599712371826
12196,4.408828258514404
12197,3.2746124267578125
12198,2.9699716567993164
12199,2.811368703842163
12200,2.7137203216552734
12201,22.2790584564209
12202,12.71964168548584
12203,6.709743499755859
12204,4.8185014724731445
12205,3.660914421081543
12206,3.325838565826416
12207,3.1948955059051514
12208,3.0974438190460205
12209,12.732604026794434
12210,8.587708473205566
12211,7.487646102905273
12212,4.948400974273682
12213,23.225252151489258
12214,13.133748054504395
12215,6.955834865570068
12216,4.9417829513549805
12217,3.7606351375579834
12218,3.3878190517425537
12219,3.2562644481658936
12220,3.150986433029175
12221,22.97299575805664
12222,12.770880699157715
12223,6.658227920532227
12224,4.629282474517822
12225,3.394120216369629
12226,3.0509941577911377
12227,2.8814597129821777
12228,2.7862589359283447
12229,21.491886138916016
12230,11.883020401000977
12231,6.146670341491699
12232,4.218109607696533
12233,3.023127317428589
12234,2.6959800720214844
12235,2.5529003143310547
12236,2.452664852142334
12237,22.27668571472168
12238,12.430313110351562
12239,6.420535564422607
12240,4.418983459472656
12241,3.2134335041046143
12242,2.9069581031799316
12243,2.7584521770477295
12244,2.729250907897949
12245,94.4765625
12246,53.08612823486328
12247,40.14323425292969
12248,30.191513061523438
12249,24.403446197509766
12250,22.385719299316406
12251,12.763044357299805
12252,6.927836894989014
12253,5.126153945922852
12254,3.934201717376709
12255,3.596747875213623
12256,3.454193115234375
12257,3.3559608459472656
12258,3.336775541305542
12259,5.231642723083496
12260,25.222572326660156
12261,14.545602798461914
12262,8.430047035217285
12263,6.4145612716674805
12264,5.069892883300781
12265,4.759737491607666
12266,4.666544437408447
12267,4.564308166503906
12268,26.979612350463867
12269,15.661784172058105
12270,9.369363784790039
12271,7.520218372344971
12272,6.047947406768799
12273,5.735768795013428
12274,5.628381729125977
12275,5.511260509490967
12276,30.097888946533203
12277,17.731948852539062
12278,10.423874855041504
12279,8.677214622497559
12280,7.356774806976318
12281,6.951803207397461
12282,6.910398960113525
12283,6.718812465667725
12284,28.75768280029297
12285,16.91267204284668
12286,10.069463729858398
12287,7.659438133239746
12288,6.308404445648193
12289,5.961603164672852
12290,5.775193691253662
12291,5.701474189758301
12292,27.096099853515625
12293,15.985206604003906
12294,9.2635498046875
12295,7.257432460784912
12296,5.871006965637207
12297,5.606005668640137
12298,5.455380916595459
12299,5.323550224304199
12300,7.039818286895752
12301,5.9096903800964355
12302,4.178207874298096
12303,30.276126861572266
12304,19.669517517089844
12305,12.041677474975586
12306,10.854948043823242
12307,48.832298278808594
12308,10.740802764892578
12309,8.73870849609375
12310,34.07905960083008
12311,16.500442504882812
12312,27.80652618408203
12313,25.285232543945312
12314,23.894765853881836
12315,8.36044979095459
12316,5.223692417144775
12317,5.2056884765625
12318,4.648940563201904
12319,49.30445861816406
12320,5.1283464431762695
12321,49.31289291381836
12322,28.388343811035156
12323,22.735166549682617
12324,16.657983779907227
12325,13.173174858093262
12326,13.332588195800781
12327,11.608545303344727
12328,49.31289291381836
12329,28.388343811035156
12330,22.735166549682617
12331,16.657983779907227
12332,13.173174858093262
12333,13.332588195800781
12334,11.608545303344727
12335,2.403378963470459
12336,45.4536018371582
12337,35.6906852722168
12338,173.33642578125
12339,104.47412872314453
12340,79.09925842285156
12341,53.74362564086914
12342,3.0828418731689453
12343,11.766199111938477
12344,11.551321029663086
12345,23.02629280090332
12346,13.005302429199219
12347,6.999200344085693
12348,4.941633224487305
12349,3.7778687477111816
12350,3.4576797485351562
12351,3.309966802597046
12352,3.2232556343078613
12353,3.8381333351135254
12354,22.68643569946289
12355,12.843026161193848
12356,7.052518367767334
12357,5.134356498718262
12358,3.913727283477783
12359,3.6310439109802246
12360,3.497169256210327
12361,3.415844440460205
12362,22.821077346801758
12363,12.70375919342041
12364,6.672478675842285
12365,4.667141914367676
12366,3.3998751640319824
12367,3.0895214080810547
12368,2.9274041652679443
12369,2.831545114517212
12370,26.558069229125977
12371,15.005215644836426
12372,8.311697006225586
12373,5.881463527679443
12374,4.422410488128662
12375,4.03567361831665
12376,3.850764274597168
12377,3.8001089096069336
12378,5.974658012390137
12379,26.574928283691406
12380,15.696508407592773
12381,9.662616729736328
12382,7.075129985809326
12383,5.558407783508301
12384,5.204247951507568
12385,28.079683303833008
12386,16.971830368041992
12387,10.544014930725098
12388,7.934655666351318
12389,6.534448623657227
12390,6.173713207244873
12391,28.87894630432129
12392,17.47490119934082
12393,10.825145721435547
12394,8.32579231262207
12395,6.814688682556152
12396,6.4243245124816895
12397,32.23067092895508
12398,12.46557331085205
12399,11.28207015991211
12400,28.401935577392578
12401,16.726417541503906
12402,9.708909034729004
12403,7.531272888183594
12404,6.102162837982178
12405,5.683294296264648
12406,5.461880683898926
12407,5.356031894683838
12408,5.631638050079346
12409,4.19512414932251
12410,3.2284345626831055
12411,21.766557693481445
12412,12.398547172546387
12413,6.61012601852417
12414,4.845982074737549
12415,3.697502613067627
12416,3.3719089031219482
12417,3.243743896484375
12418,3.136906623840332
12419,4.569403648376465
12420,25.908344268798828
12421,14.949417114257812
12422,8.361639976501465
12423,6.529689311981201
12424,5.181329727172852
12425,4.75861120223999
12426,4.6025214195251465
12427,4.508920669555664
12428,23.970809936523438
12429,13.769355773925781
12430,7.569214820861816
12431,5.744523525238037
12432,4.477269172668457
12433,4.101076126098633
12434,3.9542236328125
12435,3.863518238067627
12436,15.561406135559082
12437,8.018285751342773
12438,511.9826965332031
12439,16.38526153564453
12440,8.614270210266113
12441,27.55354881286621
12442,15.519832611083984
12443,8.43193531036377
12444,6.169478416442871
12445,4.771984100341797
12446,4.516826152801514
12447,4.337214469909668
12448,4.233278274536133
12449,79.64537811279297
12450,26.38170623779297
12451,4.381067276000977
12452,77.11219024658203
12453,14.744552612304688
12454,4.6087646484375
12455,3.241905689239502
12456,2.264080286026001
12457,18.531492233276367
12458,30.539203643798828
12459,7.366647720336914
12460,3.048680067062378
12461,33.18344497680664
12462,19.019933700561523
12463,3.0291545391082764
12464,2.3221020698547363
12465,2.618032455444336
12466,35.99797439575195
12467,80.8397445678711
12468,41.98272705078125
12469,3.8953962326049805
12470,16.506240844726562
12471,9.548093795776367
12472,7.862298488616943
12473,6.880449295043945
12474,8.774938583374023
12475,2.0932703018188477
12476,21.416269302368164
12477,11.810585021972656
12478,6.104745388031006
12479,4.188417434692383
12480,3.020622491836548
12481,2.69045352935791
12482,2.5498969554901123
12483,2.444190740585327
12484,22.186418533325195
12485,12.412785530090332
12486,6.51491641998291
12487,4.567157745361328
12488,3.405712366104126
12489,3.082801580429077
12490,2.92175030708313
12491,2.826505184173584
12492,22.409652709960938
12493,12.602060317993164
12494,6.659234523773193
12495,4.711906433105469
12496,3.53800368309021
12497,3.217594861984253
12498,3.074974536895752
12499,2.988924741744995
12500,23.578100204467773
12501,13.34134292602539
12502,7.210594177246094
12503,5.141712665557861
12504,3.943831443786621
12505,3.6110777854919434
12506,3.4684031009674072
12507,3.3895602226257324
12508,8.325135231018066
12509,1.63614821434021
12510,1.7262957096099854
12511,26.774234771728516
12512,17.962303161621094
12513,11.32532024383545
12514,8.320788383483887
12515,6.733524322509766
12516,6.243046283721924
12517,6.1458001136779785
12518,5.9160475730896
12519,30.818471908569336
12520,22.326032638549805
12521,15.40859603881836
12522,12.781526565551758
12523,11.472394943237305
12524,11.1464204788208
12525,10.977828979492188
12526,10.749712944030762
12527,22.20488929748535
12528,12.360159873962402
12529,6.470328330993652
12530,4.509185791015625
12531,3.2925591468811035
12532,2.9722156524658203
12533,2.819993019104004
12534,2.716595411300659
12535,27.783702850341797
12536,24.045639038085938
12537,4.372000217437744
12538,29.311065673828125
12539,9.205594062805176
12540,4.633729457855225
12541,10.650227546691895
12542,10.122669219970703
12543,24.320661544799805
12544,13.595744132995605
12545,7.1937150955200195
12546,5.084732532501221
12547,3.7933413982391357
12548,3.428941249847412
12549,3.25514554977417
12550,3.1539509296417236
12551,20.33440399169922
12552,46.136531829833984
12553,30.420665740966797
12554,2.53285551071167
12555,24.790361404418945
12556,8.406689643859863
12557,4.930084228515625
12558,2.5123090744018555
12559,1.025693655014038
12560,2.807023048400879
12561,27.778438568115234
12562,16.17336082458496
12563,8.971846580505371
12564,6.97938871383667
12565,5.652680397033691
12566,5.267580032348633
12567,5.166491508483887
12568,5.081859588623047
12569,9.53608512878418
12570,19.140119552612305
12571,17.373275756835938
12572,22.25429916381836
12573,12.448519706726074
12574,6.498886585235596
12575,4.558672904968262
12576,3.418173313140869
12577,3.0429043769836426
12578,2.9064667224884033
12579,2.7843949794769287
12580,41.798133850097656
12581,29.324174880981445
12582,25.615257263183594
12583,21.134563446044922
12584,51.938961029052734
12585,35.088592529296875
12586,30.3319091796875
12587,27.446748733520508
12588,63.19662094116211
12589,47.03910446166992
12590,43.606407165527344
12591,40.28995895385742
12592,48.019134521484375
12593,33.594261169433594
12594,28.97723388671875
12595,24.453731536865234
12596,22.12712860107422
12597,12.17112922668457
12598,6.408313751220703
12599,4.407590866088867
12600,3.3157265186309814
12601,2.998685121536255
12602,2.84572696685791
12603,2.772764205932617
12604,24.40117073059082
12605,14.74817943572998
12606,7.951634883880615
12607,5.890205383300781
12608,3.705120801925659
12609,3.033003330230713
12610,2.792421340942383
12611,2.740840435028076
12612,6.269930362701416
12613,60.3916015625
12614,24.900529861450195
12615,14.947575569152832
12616,9.151701927185059
12617,7.162591457366943
12618,5.824008464813232
12619,5.5066752433776855
12620,5.340917110443115
12621,5.195333957672119
12622,29.00246810913086
12623,17.33930206298828
12624,10.096848487854004
12625,7.873241424560547
12626,6.3151679039001465
12627,5.923492431640625
12628,5.71958065032959
12629,5.628149509429932
12630,28.993417739868164
12631,17.312774658203125
12632,10.078851699829102
12633,7.85459566116333
12634,6.298852920532227
12635,5.908949375152588
12636,5.702322483062744
12637,5.610939025878906
12638,4.110717296600342
12639,7.847780227661133
12640,10.625134468078613
12641,9.00011157989502
12642,5.2316975593566895
12643,17.519493103027344
12644,13.794188499450684
12645,31.303606033325195
12646,20.305957794189453
12647,12.867712020874023
12648,11.087577819824219
12649,9.355714797973633
12650,9.093648910522461
12651,9.09483814239502
12652,8.96575927734375
12653,3.3226585388183594
12654,32.2391357421875
12655,63.576908111572266
12656,23.718273162841797
12657,14.402862548828125
12658,8.829708099365234
12659,6.575682640075684
12660,5.445102214813232
12661,5.0878214836120605
12662,4.934523582458496
12663,4.850985050201416
12664,18.02385139465332
12665,13.516514778137207
12666,11.475811004638672
12667,9.695883750915527
12668,8.608979225158691
12669,15.631957054138184
12670,27.143640518188477
12671,15.799966812133789
12672,9.03166675567627
12673,6.593379974365234
12674,5.322424411773682
12675,4.977703094482422
12676,4.803150653839111
12677,4.674856662750244
12678,27.807388305664062
12679,16.234312057495117
12680,9.391822814941406
12681,7.009483337402344
12682,5.629630088806152
12683,5.272207736968994
12684,5.106392860412598
12685,5.012443542480469
12686,27.807388305664062
12687,16.234312057495117
12688,9.391822814941406
12689,7.009483337402344
12690,5.629630088806152
12691,5.272207736968994
12692,5.106392860412598
12693,5.012443542480469
12694,23.027320861816406
12695,9.50886344909668
12696,17.77834701538086
12697,4.055917739868164
12698,14.360654830932617
12699,10.822731971740723
12700,9.972749710083008
12701,8.589496612548828
12702,66.22681427001953
12703,3.5020945072174072
12704,8.275484085083008
12705,2.5542635917663574
12706,3.323060989379883
12707,3.2339870929718018
12708,2.7616214752197266
12709,2.440993547439575
12710,45.4169807434082
12711,8.145317077636719
12712,22.084135055541992
12713,13.719226837158203
12714,2.9266421794891357
12715,2.7791011333465576
12716,2.5579028129577637
12717,6.542721748352051
12718,2.7729086875915527
12719,2.5670857429504395
12720,2.3752384185791016
12721,2.1702394485473633
12722,19.545574188232422
12723,34.8603401184082
12724,21.274677276611328
12725,15.86727237701416
12726,14.93994140625
12727,15.081133842468262
12728,31.25316047668457
12729,18.93146324157715
12730,14.265986442565918
12731,13.172124862670898
12732,12.932821273803711
12733,18.17681312561035
12734,10.105008125305176
12735,7.505002975463867
12736,6.962635517120361
12737,6.068475246429443
12738,29.43952178955078
12739,18.130844116210938
12740,10.800439834594727
12741,8.773426055908203
12742,7.0069499015808105
12743,6.596217632293701
12744,6.365695953369141
12745,6.2697978019714355
12746,7.413414478302002
12747,2.0310566425323486
12748,2.049670457839966
12749,115.52299499511719
12750,46.754600524902344
12751,27.087886810302734
12752,15.883472442626953
12753,9.09432601928711
12754,6.910536766052246
12755,5.459768772125244
12756,5.1213059425354
12757,4.94168758392334
12758,4.799930095672607
12759,5.125319957733154
12760,4.470712661743164
12761,10.697304725646973
12762,7.483839988708496
12763,8.14417552947998
12764,7.101985931396484
12765,27.818262100219727
12766,15.797673225402832
12767,8.758967399597168
12768,6.314905166625977
12769,4.887025356292725
12770,4.577069282531738
12771,4.472418785095215
12772,4.352354049682617
12773,27.1205997467041
12774,15.464138984680176
12775,8.420900344848633
12776,5.974164009094238
12777,4.513883590698242
12778,4.172297954559326
12779,4.052604675292969
12780,3.9373397827148438
12781,27.822446823120117
12782,16.344804763793945
12783,9.400680541992188
12784,7.383729457855225
12785,5.9066267013549805
12786,5.492650032043457
12787,5.325821876525879
12788,5.2470550537109375
12789,27.638124465942383
12790,16.91510772705078
12791,9.790009498596191
12792,7.89031457901001
12793,6.626328945159912
12794,6.267299175262451
12795,6.113073825836182
12796,5.952020645141602
12797,3.974405288696289
12798,3.3486969470977783
12799,13.97130298614502
12800,17.04725456237793
12801,19.054277420043945
12802,6.195353031158447
12803,8.034804344177246
12804,21.683631896972656
12805,12.082511901855469
12806,6.361468315124512
12807,4.347451686859131
12808,3.23010516166687
12809,2.8998444080352783
12810,2.7535550594329834
12811,2.6850521564483643
12812,4.529720306396484
12813,28.06560516357422
12814,17.503196716308594
12815,11.201532363891602
12816,9.72750186920166
12817,9.064643859863281
12818,8.588976860046387
12819,8.402957916259766
12820,8.31067180633545
12821,7.638634204864502
12822,25.96741485595703
12823,15.627302169799805
12824,9.098663330078125
12825,7.1091203689575195
12826,5.799733638763428
12827,5.415555000305176
12828,5.247125625610352
12829,5.096589088439941
12830,99.66529846191406
12831,7.65156364440918
12832,1.4231607913970947
12833,11.942214012145996
12834,3.9166738986968994
12835,3.607611656188965
12836,30.43476676940918
12837,25.622827529907227
12838,19.51221466064453
12839,16.19330596923828
12840,10.727486610412598
12841,5.124297618865967
12842,31.207042694091797
12843,10.604976654052734
12844,1.9283467531204224
12845,19.30682373046875
12846,12.928133964538574
12847,10.795900344848633
12848,9.258464813232422
12849,7.627295970916748
12850,6.319177627563477
12851,6.315245151519775
12852,58.26799774169922
12853,18.651813507080078
12854,12.737056732177734
12855,11.241938591003418
12856,10.050494194030762
12857,7.9173903465271
12858,7.310302257537842
12859,20.259416580200195
12860,26.723264694213867
12861,15.975113868713379
12862,9.4456787109375
12863,7.435616970062256
12864,6.081352233886719
12865,5.726383686065674
12866,5.580135345458984
12867,5.4348320960998535
12868,10.235464096069336
12869,19.060523986816406
12870,38.11685562133789
12871,30.451128005981445
12872,29.94732666015625
12873,26.12908935546875
12874,25.252342224121094
12875,59.15159225463867
12876,28.154144287109375
12877,42.11394500732422
12878,5.519880294799805
12879,29.693683624267578
12880,17.454660415649414
12881,10.835491180419922
12882,9.146650314331055
12883,7.547083854675293
12884,7.2851738929748535
12885,7.172482013702393
12886,7.043696880340576
12887,29.53719711303711
12888,17.377883911132812
12889,10.567440032958984
12890,8.959436416625977
12891,7.42097282409668
12892,7.15992546081543
12893,7.02841329574585
12894,6.896059989929199
12895,27.700374603271484
12896,26.13121223449707
12897,14.790648460388184
12898,7.829470157623291
12899,5.601138114929199
12900,4.368111610412598
12901,4.048854827880859
12902,3.8174939155578613
12903,3.7251534461975098
12904,26.346637725830078
12905,14.9373197555542
12906,7.913662910461426
12907,5.651464462280273
12908,4.411866664886475
12909,4.078185558319092
12910,3.8441953659057617
12911,3.7530579566955566
12912,19.52434730529785
12913,12.844429969787598
12914,9.007672309875488
12915,7.927448749542236
12916,3.4539377689361572
12917,16.716073989868164
12918,1.4874825477600098
12919,7.203428268432617
12920,15.048566818237305
12921,15.47433090209961
12922,14.555667877197266
12923,13.4971923828125
12924,4.672677516937256
12925,4.127903938293457
12926,3.0453977584838867
12927,2.892287254333496
12928,2.611630439758301
12929,25.098676681518555
12930,18.939640045166016
12931,16.54155158996582
12932,14.060956001281738
12933,12.593976974487305
12934,12.871879577636719
12935,10.5049467086792
12936,1.5665756464004517
12937,11.17436408996582
12938,18.325727462768555
12939,15.106743812561035
12940,2.4044253826141357
12941,5.668695449829102
12942,10.242574691772461
12943,8.693366050720215
12944,6.007937431335449
12945,5.431318283081055
12946,2.877126932144165
12947,8.204853057861328
12948,4.956012725830078
12949,4.476372718811035
12950,2.0860540866851807
12951,10.063705444335938
12952,3.2847518920898438
12953,4.258811950683594
12954,22.405643463134766
12955,1.4949358701705933
12956,6.374197959899902
12957,5.44636869430542
12958,4.783939361572266
12959,27.83219337463379
12960,17.293310165405273
12961,10.452476501464844
12962,8.811952590942383
12963,7.421530723571777
12964,7.109969615936279
12965,6.855505466461182
12966,6.724864959716797
12967,20.686208724975586
12968,14.304110527038574
12969,12.03848648071289
12970,10.380970001220703
12971,8.142786026000977
12972,6.802371978759766
12973,6.7755446434021
12974,18.226207733154297
12975,23.41322135925293
12976,16.09774398803711
12977,14.438079833984375
12978,14.79350471496582
12979,13.743583679199219
12980,1.9670153856277466
12981,2.3307394981384277
12982,10.87817096710205
12983,10.295722961425781
12984,13.263265609741211
12985,15.70760726928711
12986,5.318415641784668
12987,5.277820587158203
12988,14.131542205810547
12989,21.560056686401367
12990,15.652830123901367
12991,9.2308988571167
12992,27.437849044799805
12993,21.844640731811523
12994,12.205850601196289
12995,6.571125507354736
12996,4.504471302032471
12997,3.2932615280151367
12998,2.9552597999572754
12999,2.808556318283081
13000,2.751964807510376
13001,21.6657772064209
13002,12.085713386535645
13003,6.473289966583252
13004,4.424862861633301
13005,3.226656198501587
13006,2.9014315605163574
13007,2.7506332397460938
13008,2.6924550533294678
13009,21.531192779541016
13010,11.992246627807617
13011,6.279117584228516
13012,4.315410614013672
13013,3.154343843460083
13014,2.829737901687622
13015,2.674616813659668
13016,2.6066477298736572
13017,41.682613372802734
13018,24.707195281982422
13019,18.886188507080078
13020,14.576519966125488
13021,21.094266891479492
13022,4.219686031341553
13023,35.55493927001953
13024,10.63834285736084
13025,13.339668273925781
13026,15.248420715332031
13027,11.558649063110352
13028,31.120914459228516
13029,6.201502323150635
13030,11.622239112854004
13031,24.105377197265625
13032,14.889546394348145
13033,8.547138214111328
13034,6.75025749206543
13035,5.402597904205322
13036,5.114327430725098
13037,4.964537620544434
13038,4.857398509979248
13039,18.090896606445312
13040,10.73538589477539
13041,9.210091590881348
13042,6.481109142303467
13043,6.040317535400391
13044,5.3297014236450195
13045,28.878433227539062
13046,16.982074737548828
13047,9.966697692871094
13048,7.694175720214844
13049,6.254384994506836
13050,5.823721885681152
13051,5.623809814453125
13052,5.517087459564209
13053,28.397602081298828
13054,18.707874298095703
13055,11.459981918334961
13056,8.516844749450684
13057,6.923033714294434
13058,6.502615451812744
13059,6.299654006958008
13060,6.215816020965576
13061,4.135617256164551
13062,8.455950736999512
13063,2.5153253078460693
13064,1.8599672317504883
13065,29.75574493408203
13066,17.760578155517578
13067,10.390619277954102
13068,8.057884216308594
13069,6.753675937652588
13070,6.260297775268555
13071,6.074849605560303
13072,5.965549468994141
13073,23.91801643371582
13074,16.08900260925293
13075,9.72265338897705
13076,7.538825988769531
13077,6.321522235870361
13078,6.039465427398682
13079,5.875761985778809
13080,5.805238246917725
13081,5.712972164154053
13082,22.89562225341797
13083,3.400090217590332
13084,8.598499298095703
13085,8.635754585266113
13086,5.079309940338135
13087,26.067523956298828
13088,15.913249015808105
13089,9.398138046264648
13090,7.703092098236084
13091,6.469248294830322
13092,6.407525539398193
13093,6.355025768280029
13094,6.238082408905029
13095,25.330074310302734
13096,17.036762237548828
13097,10.53860855102539
13098,8.225055694580078
13099,7.023513317108154
13100,6.803549289703369
13101,6.646973609924316
13102,6.5883870124816895
13103,29.18954849243164
13104,1.9897568225860596
13105,15.227445602416992
13106,17.475940704345703
13107,13.234081268310547
13108,14.77477741241455
13109,3.21056866645813
13110,2.6661460399627686
13111,5.6403937339782715
13112,5.739147186279297
13113,7.915578842163086
13114,4.29301643371582
13115,8.558448791503906
13116,7.858989238739014
13117,24.364830017089844
13118,4.42165470123291
13119,4.603329181671143
13120,16.01409339904785
13121,9.985431671142578
13122,7.712953567504883
13123,5.478120803833008
13124,6.371944427490234
13125,4.286214351654053
13126,20.4393310546875
13127,25.835697174072266
13128,22.7813720703125
13129,7.185467720031738
13130,5.543244361877441
13131,10.34843635559082
13132,7.809228420257568
13133,11.661919593811035
13134,20.89134979248047
13135,11.315113067626953
13136,5.725893020629883
13137,3.7015106678009033
13138,2.4887447357177734
13139,2.137601137161255
13140,1.9975358247756958
13141,20.858694076538086
13142,11.148542404174805
13143,5.576696872711182
13144,3.5992772579193115
13145,2.398010015487671
13146,2.045785665512085
13147,1.8961191177368164
13148,25.51133155822754
13149,14.406811714172363
13150,8.303974151611328
13151,6.460883617401123
13152,5.228548049926758
13153,4.8638916015625
13154,4.722845077514648
13155,23.193347930908203
13156,13.218235969543457
13157,7.2636284828186035
13158,5.286248683929443
13159,4.092493534088135
13160,3.757786750793457
13161,3.628582000732422
13162,3.534797191619873
13163,3.300382375717163
13164,10.046526908874512
13165,12.690597534179688
13166,26.405208587646484
13167,16.579641342163086
13168,9.506404876708984
13169,4.422726631164551
13170,9.77352523803711
13171,5.463483810424805
13172,5.995009422302246
13173,3.7646684646606445
13174,3.516639232635498
13175,2.5304527282714844
13176,7.579379081726074
13177,3.851752519607544
13178,4.897857666015625
13179,3.7088844776153564
13180,5.145166873931885
13181,2.465848445892334
13182,3.400200366973877
13183,2.7986018657684326
13184,3.4428584575653076
13185,5.913038730621338
13186,4.361444473266602
13187,2.527742624282837
13188,2.567397117614746
13189,2.571709156036377
13190,3.1237053871154785
13191,2.9664011001586914
13192,4.163792610168457
13193,2.2248833179473877
13194,2.2920215129852295
13195,4.257145881652832
13196,4.948720455169678
13197,3.7944445610046387
13198,3.7542853355407715
13199,3.81077241897583
13200,2.076964855194092
13201,3.0738525390625
13202,3.0066776275634766
13203,2.9585227966308594
13204,2.453228235244751
13205,3.3287389278411865
13206,2.900430917739868
13207,30.61203956604004
13208,6.8456268310546875
13209,2.161146402359009
13210,1.982959270477295
13211,9.712318420410156
13212,2.7586493492126465
13213,9.469228744506836
13214,15.370823860168457
13215,11.765077590942383
13216,9.606732368469238
13217,8.948185920715332
13218,8.683176040649414
13219,3.547740936279297
13220,3.388519048690796
13221,2.9747822284698486
13222,2.665092945098877
13223,2.5802319049835205
13224,6.19066858291626
13225,6.689456939697266
13226,22.736980438232422
13227,12.626594543457031
13228,6.55931282043457
13229,4.5610785484313965
13230,3.3306424617767334
13231,3.012732744216919
13232,2.86271595954895
13233,2.7680907249450684
13234,1.789733648300171
13235,21.01802635192871
13236,11.601781845092773
13237,5.89272928237915
13238,3.9228081703186035
13239,2.7861809730529785
13240,2.468066692352295
13241,2.309570074081421
13242,2.2446987628936768
13243,23.81165313720703
13244,13.59896183013916
13245,7.5145463943481445
13246,5.599904537200928
13247,4.462236404418945
13248,4.1003923416137695
13249,3.9470396041870117
13250,3.8499462604522705
13251,21.607654571533203
13252,12.068093299865723
13253,6.3346099853515625
13254,4.35953426361084
13255,3.2843546867370605
13256,2.9781928062438965
13257,2.8132503032684326
13258,2.73807692527771
13259,27.303730010986328
13260,6.640509605407715
13261,3.1319286823272705
13262,26.292346954345703
13263,15.358254432678223
13264,8.487138748168945
13265,6.509018898010254
13266,5.208003520965576
13267,4.912180423736572
13268,4.741922855377197
13269,4.673863887786865
13270,26.292346954345703
13271,15.358254432678223
13272,8.487138748168945
13273,6.509018898010254
13274,5.208003520965576
13275,4.912180423736572
13276,4.741922855377197
13277,4.673863887786865
13278,1.2590813636779785
13279,28.234149932861328
13280,16.674827575683594
13281,9.616859436035156
13282,7.405113697052002
13283,5.87287712097168
13284,5.504463195800781
13285,5.316207408905029
13286,5.206005573272705
13287,28.461872100830078
13288,16.812896728515625
13289,9.73258113861084
13290,7.522015571594238
13291,5.991966724395752
13292,5.599372386932373
13293,5.411920547485352
13294,5.300625801086426
13295,30.845966339111328
13296,31.080718994140625
13297,8.744308471679688
13298,9.327499389648438
13299,4.7567138671875
13300,5.146103382110596
13301,25.32305145263672
13302,15.03582763671875
13303,8.698957443237305
13304,6.904148101806641
13305,5.569879055023193
13306,5.293818473815918
13307,5.13913631439209
13308,5.026492118835449
13309,25.32305145263672
13310,15.03582763671875
13311,8.698957443237305
13312,6.904148101806641
13313,5.569879055023193
13314,5.293818473815918
13315,5.13913631439209
13316,5.026492118835449
13317,21.559566497802734
13318,11.962433815002441
13319,6.26155948638916
13320,4.2637200355529785
13321,3.200371503829956
13322,2.88596510887146
13323,2.7288944721221924
13324,2.654031276702881
13325,22.605106353759766
13326,12.805448532104492
13327,6.932656288146973
13328,5.088348388671875
13329,3.9676475524902344
13330,3.6666483879089355
13331,3.5370447635650635
13332,3.47249698638916
13333,22.32223129272461
13334,12.56446361541748
13335,6.728208541870117
13336,4.832431793212891
13337,3.6822433471679688
13338,3.3823070526123047
13339,3.244752883911133
13340,3.161501169204712
13341,25.280672073364258
13342,15.346983909606934
13343,9.431292533874512
13344,7.3795599937438965
13345,6.018404006958008
13346,5.675349712371826
13347,5.500731468200684
13348,5.363214015960693
13349,25.280672073364258
13350,15.346983909606934
13351,9.431292533874512
13352,7.3795599937438965
13353,6.018404006958008
13354,5.675349712371826
13355,5.500731468200684
13356,5.363214015960693
13357,28.935522079467773
13358,17.303062438964844
13359,10.072967529296875
13360,7.84958028793335
13361,6.289289951324463
13362,5.897392749786377
13363,5.6936492919921875
13364,5.596770286560059
13365,22.426124572753906
13366,12.666131019592285
13367,6.836099147796631
13368,4.987539768218994
13369,3.893458843231201
13370,3.598785877227783
13371,3.472416400909424
13372,3.4076924324035645
13373,22.54717254638672
13374,12.744780540466309
13375,6.889096260070801
13376,5.029177665710449
13377,3.9268529415130615
13378,3.6279733180999756
13379,3.500694513320923
13380,3.435356855392456
13381,22.606887817382812
13382,12.80454158782959
13383,6.929739475250244
13384,5.0853962898254395
13385,3.960326910018921
13386,3.6588284969329834
13387,3.5305895805358887
13388,3.4663233757019043
13389,21.05679702758789
13390,11.637138366699219
13391,5.967160224914551
13392,3.9906702041625977
13393,2.7932631969451904
13394,2.4753763675689697
13395,2.325228452682495
13396,2.2525203227996826
13397,20.947330474853516
13398,11.579668045043945
13399,5.93026876449585
13400,3.9692156314849854
13401,2.777214527130127
13402,2.4606704711914062
13403,2.311394214630127
13404,2.2391090393066406
13405,21.05679702758789
13406,11.637138366699219
13407,5.967160224914551
13408,3.9906702041625977
13409,2.7932631969451904
13410,2.4753763675689697
13411,2.325228452682495
13412,2.2525203227996826
13413,21.411907196044922
13414,11.92802906036377
13415,6.214888572692871
13416,4.241262435913086
13417,3.130523681640625
13418,2.822854518890381
13419,2.6618921756744385
13420,2.5924649238586426
13421,2.3758857250213623
13422,23.60055160522461
13423,13.343833923339844
13424,7.1263837814331055
13425,5.067721366882324
13426,3.874009370803833
13427,3.538179874420166
13428,3.4167795181274414
13429,3.336420774459839
13430,18.192691802978516
13431,6.502763271331787
13432,7.172465801239014
13433,3.534489631652832
13434,12.418928146362305
13435,9.131651878356934
13436,8.618736267089844
13437,7.513245105743408
13438,4.043724060058594
13439,14.722064971923828
13440,11.290231704711914
13441,10.64812183380127
13442,9.856271743774414
13443,2.2253336906433105
13444,9.794319152832031
13445,7.50845193862915
13446,6.507936954498291
13447,5.379602909088135
13448,1.743025541305542
13449,22.374359130859375
13450,12.62085247039795
13451,6.6615190505981445
13452,4.6760687828063965
13453,3.526445150375366
13454,3.198537826538086
13455,3.0718915462493896
13456,2.9651641845703125
13457,14.100398063659668
13458,20.946565628051758
13459,28.405948638916016
13460,16.506425857543945
13461,9.415016174316406
13462,7.000402927398682
13463,5.661737442016602
13464,5.256563663482666
13465,5.055612087249756
13466,4.9420695304870605
13467,27.84943199157715
13468,16.338167190551758
13469,9.441203117370605
13470,7.239139080047607
13471,5.720480918884277
13472,5.340546131134033
13473,5.14528226852417
13474,5.006348609924316
13475,27.26114845275879
13476,15.936494827270508
13477,9.216053009033203
13478,7.064399242401123
13479,5.605888843536377
13480,5.243969917297363
13481,5.068142890930176
13482,4.9464263916015625
13483,23.645103454589844
13484,13.907855033874512
13485,8.204198837280273
13486,6.477827548980713
13487,5.336446762084961
13488,4.976022243499756
13489,4.826620101928711
13490,4.740095138549805
13491,28.002853393554688
13492,16.26681137084961
13493,9.266557693481445
13494,6.758428573608398
13495,5.465683937072754
13496,5.135706901550293
13497,4.957906246185303
13498,4.855834007263184
13499,28.888551712036133
13500,16.997060775756836
13501,9.974227905273438
13502,7.689243316650391
13503,6.25831937789917
13504,5.825361728668213
13505,5.623779296875
13506,5.519740581512451
13507,28.888551712036133
13508,16.997060775756836
13509,9.974227905273438
13510,7.689243316650391
13511,6.25831937789917
13512,5.825361728668213
13513,5.623779296875
13514,5.519740581512451
13515,8.369744300842285
13516,10.912164688110352
13517,10.220160484313965
13518,5.783790588378906
13519,8.206681251525879
13520,18.20656394958496
13521,13.969928741455078
13522,11.733122825622559
13523,9.517288208007812
13524,1.662608027458191
13525,1.93595552444458
13526,22.355859756469727
13527,12.399991989135742
13528,6.429738998413086
13529,4.452000141143799
13530,3.2658839225769043
13531,2.9509146213531494
13532,2.803990602493286
13533,2.714742660522461
13534,1.620965600013733
13535,6.984496593475342
13536,5.785770416259766
13537,11.966798782348633
13538,7.564857482910156
13539,6.371971607208252
13540,32.49318313598633
13541,12.666801452636719
13542,11.466466903686523
13543,6.491992473602295
13544,9.48511791229248
13545,8.465787887573242
13546,6.616389751434326
13547,4.047991752624512
13548,6.215648174285889
13549,6.14740514755249
13550,21.481847763061523
13551,11.77296257019043
13552,5.955278396606445
13553,4.1449174880981445
13554,3.0133657455444336
13555,2.722970962524414
13556,2.5760750770568848
13557,2.488945484161377
13558,22.38471221923828
13559,12.452125549316406
13560,6.486454486846924
13561,4.507241249084473
13562,3.3053064346313477
13563,2.972773313522339
13564,2.8206961154937744
13565,2.7257776260375977
13566,23.186342239379883
13567,13.231047630310059
13568,7.120965957641602
13569,5.360714912414551
13570,4.119753837585449
13571,3.7596077919006348
13572,3.6181113719940186
13573,3.537269115447998
13574,29.108144760131836
13575,17.1549072265625
13576,10.293749809265137
13577,8.355348587036133
13578,6.698723316192627
13579,6.2097601890563965
13580,5.965512275695801
13581,5.830273628234863
13582,3.151885747909546
13583,5.448444366455078
13584,23.37209129333496
13585,13.620866775512695
13586,7.537085056304932
13587,5.849491119384766
13588,4.7251057624816895
13589,4.375910758972168
13590,4.226832866668701
13591,4.133871078491211
13592,22.352413177490234
13593,12.71894359588623
13594,6.780333518981934
13595,4.9492645263671875
13596,3.7538671493530273
13597,3.4022674560546875
13598,3.277033805847168
13599,3.1708438396453857
13600,6.952515602111816
13601,29.643749237060547
13602,18.172636032104492
13603,11.14959716796875
13604,8.796102523803711
13605,7.077998638153076
13606,6.7757439613342285
13607,6.6291399002075195
13608,6.544727325439453
13609,4.030894756317139
13610,12.246344566345215
13611,13.439530372619629
13612,9.021444320678711
13613,8.192878723144531
13614,6.786063194274902
13615,7.011041164398193
13616,6.596377372741699
13617,2.990333318710327
13618,5.6274638175964355
13619,29.941085815429688
13620,18.116073608398438
13621,11.048116683959961
13622,9.01262378692627
13623,7.149252414703369
13624,6.681089401245117
13625,6.448741436004639
13626,6.431994915008545
13627,12.921058654785156
13628,3.1397392749786377
13629,13.51612663269043
13630,25.753799438476562
13631,10.695194244384766
13632,22.5848388671875
13633,12.65080738067627
13634,6.687302112579346
13635,4.651632785797119
13636,3.5784761905670166
13637,3.2627532482147217
13638,3.130854606628418
13639,3.053161144256592
13640,5.384732246398926
13641,15.843461990356445
13642,118.93357849121094
13643,70.17497253417969
13644,2.325718879699707
13645,31.785932540893555
13646,19.939685821533203
13647,12.710711479187012
13648,10.39956283569336
13649,8.788344383239746
13650,8.386002540588379
13651,8.260385513305664
13652,8.112446784973145
13653,1.8223283290863037
13654,2.1919760704040527
13655,5.561134338378906
13656,5.5762529373168945
13657,5.06500244140625
13658,4.8491435050964355
13659,39.57841110229492
13660,1.4387654066085815
13661,2.5700526237487793
13662,4.804267406463623
13663,2.7499072551727295
13664,4.58392858505249
13665,4.509810447692871
13666,5.830563068389893
13667,7.552636623382568
13668,4.803924560546875
13669,28.95537757873535
13670,16.55605697631836
13671,9.008061408996582
13672,6.612570762634277
13673,5.038407802581787
13674,4.692155838012695
13675,4.572424411773682
13676,4.4167633056640625
13677,25.465612411499023
13678,16.98008155822754
13679,10.384354591369629
13680,7.974615573883057
13681,6.688222408294678
13682,6.414775371551514
13683,6.239224910736084
13684,6.173929214477539
13685,24.30327606201172
13686,16.27884292602539
13687,9.99492073059082
13688,7.746293544769287
13689,6.501984119415283
13690,6.218879699707031
13691,6.046727180480957
13692,6.00084924697876
13693,7.154581546783447
13694,53.53218460083008
13695,38.341609954833984
13696,34.027122497558594
13697,30.808008193969727
13698,22.747053146362305
13699,13.014403343200684
13700,7.094622611999512
13701,5.34649658203125
13702,4.155308723449707
13703,3.8039848804473877
13704,3.6611316204071045
13705,3.5702435970306396
13706,23.17266082763672
13707,13.330716133117676
13708,7.366539478302002
13709,5.653049945831299
13710,4.44370698928833
13711,4.081241607666016
13712,3.9498085975646973
13713,3.861527919769287
13714,21.70213508605957
13715,12.017780303955078
13716,6.223853588104248
13717,4.305474758148193
13718,3.1361637115478516
13719,2.831880807876587
13720,2.682774782180786
13721,2.5909981727600098
13722,22.54279136657715
13723,12.538077354431152
13724,6.502521514892578
13725,4.497056007385254
13726,3.3075788021087646
13727,2.976436138153076
13728,2.8259449005126953
13729,2.7081940174102783
13730,21.35165023803711
13731,2.805213451385498
13732,22.716676712036133
13733,12.787290573120117
13734,6.782904624938965
13735,4.7966718673706055
13736,3.6488568782806396
13737,3.3107733726501465
13738,3.183760643005371
13739,3.10388445854187
13740,24.82994270324707
13741,13.958992958068848
13742,7.4061994552612305
13743,5.222827911376953
13744,3.914875030517578
13745,3.5737967491149902
13746,3.399887800216675
13747,3.3147177696228027
13748,22.02001953125
13749,12.508634567260742
13750,6.562633037567139
13751,4.719804286956787
13752,3.590029239654541
13753,3.2592170238494873
13754,3.1306402683258057
13755,3.02590012550354
13756,22.570171356201172
13757,12.730680465698242
13758,6.800038814544678
13759,4.864322662353516
13760,3.675877094268799
13761,3.339632272720337
13762,3.2097363471984863
13763,3.116706132888794
13764,24.556007385253906
13765,13.704435348510742
13766,7.19830322265625
13767,5.00726318359375
13768,3.7892723083496094
13769,3.4969863891601562
13770,3.335822582244873
13771,3.2779531478881836
13772,22.284273147583008
13773,12.57703685760498
13774,6.687358379364014
13775,4.793835163116455
13776,3.6219091415405273
13777,3.28859543800354
13778,3.163120985031128
13779,3.0691165924072266
13780,28.518108367919922
13781,16.25416374206543
13782,9.000520706176758
13783,6.564909934997559
13784,5.402355194091797
13785,5.079868793487549
13786,4.882683753967285
13787,4.760220527648926
13788,1.1149892807006836
13789,28.890605926513672
13790,16.89223861694336
13791,9.787337303161621
13792,7.340705871582031
13793,5.972644329071045
13794,5.597693920135498
13795,5.417857646942139
13796,5.324248790740967
13797,35.01834487915039
13798,112.7540283203125
13799,49.383689880371094
13800,33.46073913574219
13801,24.479248046875
13802,37.86203384399414
13803,46.40064239501953
13804,3.0671353340148926
13805,20.73518180847168
13806,11.381216049194336
13807,5.748550891876221
13808,3.79483699798584
13809,2.6562693119049072
13810,2.323462963104248
13811,2.1834120750427246
13812,2.1144204139709473
13813,122.14884948730469
13814,93.6309585571289
13815,69.84178161621094
13816,330.4118347167969
13817,5.495309352874756
13818,6.37959623336792
13819,6.76831579208374
13820,5.624889850616455
13821,27.53414535522461
13822,16.769405364990234
13823,9.743542671203613
13824,7.439739227294922
13825,5.9316511154174805
13826,5.58020544052124
13827,5.388450622558594
13828,5.259014129638672
13829,6.898048400878906
13830,27.827274322509766
13831,16.180540084838867
13832,9.260163307189941
13833,6.791449546813965
13834,5.524229049682617
13835,5.205839157104492
13836,5.0913496017456055
13837,4.956225395202637
13838,35.90945816040039
13839,24.761798858642578
13840,17.448110580444336
13841,16.568153381347656
13842,15.217060089111328
13843,15.172948837280273
13844,15.129512786865234
13845,14.668081283569336
13846,31.16323471069336
13847,19.40315055847168
13848,12.074575424194336
13849,10.233969688415527
13850,8.632668495178223
13851,8.435113906860352
13852,8.078211784362793
13853,7.84636116027832
13854,4.474782466888428
13855,4.709090232849121
13856,27.848533630371094
13857,16.26338768005371
13858,9.298666000366211
13859,7.011743545532227
13860,5.593331336975098
13861,5.215211868286133
13862,5.029918193817139
13863,4.886410713195801
13864,11.19868278503418
13865,5.731691360473633
13866,9.190398216247559
13867,67.3602523803711
13868,79.8331069946289
13869,2.814488410949707
13870,2.5675101280212402
13871,2.692272424697876
13872,3.170289993286133
13873,5.523769855499268
13874,3.6738274097442627
13875,7.277117729187012
13876,12.260567665100098
13877,6.3059563636779785
13878,7.137916088104248
13879,16.687000274658203
13880,28.298377990722656
13881,16.554134368896484
13882,9.544514656066895
13883,7.184426784515381
13884,5.814119815826416
13885,5.404538154602051
13886,5.204851150512695
13887,5.0841898918151855
13888,28.29471778869629
13889,17.01784324645996
13890,10.318548202514648
13891,8.007824897766113
13892,6.587194919586182
13893,6.225963592529297
13894,6.059452056884766
13895,5.960741996765137
13896,11.730005264282227
13897,8.35599422454834
13898,7.203588008880615
13899,9.084047317504883
13900,9.688675880432129
13901,13.772722244262695
13902,17.390310287475586
13903,17.390310287475586
13904,9.655355453491211
13905,9.876519203186035
13906,30.181772232055664
13907,19.384403228759766
13908,12.500975608825684
13909,11.183730125427246
13910,10.086673736572266
13911,9.606143951416016
13912,9.207079887390137
13913,8.927621841430664
13914,4.628889083862305
13915,9.995532989501953
13916,5.355306625366211
13917,10.671287536621094
13918,7.394847393035889
13919,26.798095703125
13920,15.460780143737793
13921,9.080090522766113
13922,6.989645481109619
13923,5.716520309448242
13924,5.353724956512451
13925,5.224359512329102
13926,5.12117338180542
13927,4.600131988525391
13928,4.191640377044678
13929,3.5999293327331543
13930,2.5830841064453125
13931,2.6960361003875732
13932,27.398807525634766
13933,6.183752059936523
13934,6.678325653076172
13935,2.1489903926849365
13936,2.4646618366241455
13937,13.198297500610352
13938,29.77528953552246
13939,6.490201473236084
13940,2.067739486694336
13941,5.9388108253479
13942,4.489897727966309
13943,4.34342622756958
13944,29.630870819091797
13945,4.732046604156494
13946,3.4031779766082764
13947,2.8282992839813232
13948,2.808940887451172
13949,15.464606285095215
13950,27.229068756103516
13951,13.020980834960938
13952,7.374305725097656
13953,16.23650360107422
13954,2.1687958240509033
13955,2.163079023361206
13956,2.766407012939453
13957,26.04116439819336
13958,3.9106760025024414
13959,4.417794704437256
13960,28.29059600830078
13961,16.579090118408203
13962,9.728812217712402
13963,7.732177734375
13964,6.312809944152832
13965,5.969415187835693
13966,5.839661121368408
13967,5.735245227813721
13968,27.923200607299805
13969,16.264183044433594
13970,9.555693626403809
13971,7.594255447387695
13972,6.21975564956665
13973,5.890684604644775
13974,5.7750139236450195
13975,5.683663368225098
13976,5.521512031555176
13977,9.153337478637695
13978,4.740359783172607
13979,18.607646942138672
13980,27.253665924072266
13981,15.901749610900879
13982,9.087651252746582
13983,6.740191459655762
13984,5.432244300842285
13985,5.107666969299316
13986,4.933624267578125
13987,4.822299957275391
13988,23.80352783203125
13989,24.484663009643555
13990,137.710205078125
13991,117.06388092041016
13992,101.4557876586914
13993,97.29859161376953
13994,84.43123626708984
13995,14.846413612365723
13996,14.032025337219238
13997,16.157251358032227
13998,2.7952990531921387
13999,3.93491792678833
14000,2.915968179702759
14001,2.8795182704925537
14002,6.422408103942871
14003,5.990020751953125
14004,22.108797073364258
14005,12.301447868347168
14006,6.434451103210449
14007,4.505182266235352
14008,3.350095748901367
14009,3.0272178649902344
14010,2.865387439727783
14011,2.762416124343872
14012,2.0749642848968506
14013,23.66307830810547
14014,13.563100814819336
14015,7.249650955200195
14016,5.314587116241455
14017,4.084955215454102
14018,3.7230772972106934
14019,3.595273494720459
14020,3.535245418548584
14021,26.33087730407715
14022,15.997193336486816
14023,9.946011543273926
14024,7.779309272766113
14025,6.3986616134643555
14026,6.067795753479004
14027,5.891506671905518
14028,5.779466152191162
14029,9.502963066101074
14030,13.340675354003906
14031,14.83436107635498
14032,16.509933471679688
14033,16.008113861083984
14034,25.764015197753906
14035,15.65833854675293
14036,9.704214096069336
14037,7.593761920928955
14038,6.201211452484131
14039,5.877135276794434
14040,5.710063457489014
14041,5.581816673278809
14042,3.907928466796875
14043,10.681052207946777
14044,8.07939338684082
14045,8.550735473632812
14046,7.404243469238281
14047,22.833484649658203
14048,12.941965103149414
14049,6.947545051574707
14050,5.104298114776611
14051,3.8801965713500977
14052,3.5153486728668213
14053,3.386775016784668
14054,3.309725046157837
14055,9.635127067565918
14056,8.952786445617676
14057,3.527395248413086
14058,2.3994269371032715
14059,22.579391479492188
14060,12.549527168273926
14061,6.516986846923828
14062,4.529562950134277
14063,3.3349931240081787
14064,2.9773542881011963
14065,2.826509952545166
14066,2.742182970046997
14067,30.095067977905273
14068,2.6184351444244385
14069,2.9485466480255127
14070,28.86457061767578
14071,17.64375877380371
14072,10.410961151123047
14073,8.107967376708984
14074,6.584941387176514
14075,6.21975564956665
14076,6.013060092926025
14077,5.916659832000732
14078,25.924896240234375
14079,15.952588081359863
14080,9.940372467041016
14081,7.757246017456055
14082,6.337645530700684
14083,6.0120744705200195
14084,5.834680080413818
14085,5.734776973724365
14086,3.1030831336975098
14087,4.195433139801025
14088,3.47855281829834
14089,4.39127779006958
14090,3.8638572692871094
14091,3.9780125617980957
14092,27.57465934753418
14093,16.501684188842773
14094,9.828466415405273
14095,7.547783374786377
14096,6.311932563781738
14097,5.909074783325195
14098,5.726761341094971
14099,5.637251853942871
14100,5.360904693603516
14101,4.539730072021484
14102,8.224637031555176
14103,9.940753936767578
14104,7.845835208892822
14105,9.605350494384766
14106,36.39712905883789
14107,7.552758693695068
14108,2.562133312225342
14109,3.7337958812713623
14110,28.06667137145996
14111,15.95484733581543
14112,8.817140579223633
14113,6.352847099304199
14114,4.921954154968262
14115,4.607182502746582
14116,4.501340389251709
14117,4.382765769958496
14118,22.326461791992188
14119,12.437064170837402
14120,6.511542320251465
14121,4.542660236358643
14122,3.3194353580474854
14123,2.999645471572876
14124,2.838470458984375
14125,2.738762617111206
14126,22.489444732666016
14127,12.630455017089844
14128,6.812645435333252
14129,4.77224063873291
14130,3.6228065490722656
14131,3.30928897857666
14132,3.1286401748657227
14133,3.0522501468658447
14134,22.403820037841797
14135,12.568964958190918
14136,6.698596000671387
14137,4.706756591796875
14138,3.461256504058838
14139,3.154696226119995
14140,2.9944067001342773
14141,2.9201204776763916
14142,22.78648567199707
14143,12.817924499511719
14144,6.9264445304870605
14145,4.896903991699219
14146,3.71274471282959
14147,3.4105539321899414
14148,3.2288570404052734
14149,3.155968189239502
14150,33.48911666870117
14151,39.724674224853516
14152,23.013748168945312
14153,12.971713066101074
14154,7.05669641494751
14155,5.006671905517578
14156,3.819352626800537
14157,3.511828899383545
14158,3.32662296295166
14159,3.260981321334839
14160,22.848060607910156
14161,12.866706848144531
14162,6.973909854888916
14163,4.932304859161377
14164,3.7467164993286133
14165,3.453366279602051
14166,3.2694740295410156
14167,3.1999926567077637
14168,27.611648559570312
14169,15.22471809387207
14170,8.231496810913086
14171,5.910097599029541
14172,4.633954048156738
14173,4.3796796798706055
14174,4.338881015777588
14175,4.293145179748535
14176,23.250896453857422
14177,13.825526237487793
14178,7.720685005187988
14179,5.941755771636963
14180,4.797903060913086
14181,4.40609073638916
14182,4.256728649139404
14183,4.147325038909912
14184,25.52773094177246
14185,15.341556549072266
14186,8.748473167419434
14187,6.904860496520996
14188,5.567187309265137
14189,5.251595973968506
14190,5.186445236206055
14191,5.073794841766357
14192,2.0357046127319336
14193,2.2038002014160156
14194,20.048198699951172
14195,11.57530689239502
14196,5.818551063537598
14197,3.797494888305664
14198,2.766342878341675
14199,2.4342496395111084
14200,2.274022340774536
14201,2.2019896507263184
14202,2.136500835418701
14203,20.203235626220703
14204,0.9879679083824158
14205,2.808791399002075
14206,7.236186981201172
14207,6.393791198730469
14208,3.5455398559570312
14209,6.672474384307861
14210,3.223536491394043
14211,3.3164594173431396
14212,1.9743587970733643
14213,2.0181307792663574
14214,5.172174453735352
14215,5.172174453735352
14216,13.314045906066895
14217,9.442748069763184
14218,8.659809112548828
14219,7.730491638183594
14220,26.255163192749023
14221,14.899848937988281
14222,7.914680480957031
14223,5.698153018951416
14224,4.301595687866211
14225,3.9395153522491455
14226,3.8017637729644775
14227,3.695505142211914
14228,2.2710256576538086
14229,2.6111724376678467
14230,25.241783142089844
14231,14.887310028076172
14232,8.690452575683594
14233,6.646424770355225
14234,5.381065368652344
14235,4.931537628173828
14236,4.762005805969238
14237,4.620213508605957
14238,3.155421018600464
14239,3.583200454711914
14240,4.1786932945251465
14241,3.3297877311706543
14242,11.420756340026855
14243,4.252711296081543
14244,4.757523059844971
14245,4.6820855140686035
14246,4.468329429626465
14247,5.1294264793396
14248,25.188018798828125
14249,15.456697463989258
14250,9.5194091796875
14251,7.41141414642334
14252,6.02015495300293
14253,5.715842247009277
14254,5.553839683532715
14255,5.446706295013428
14256,29.31086540222168
14257,17.570756912231445
14258,10.13215160369873
14259,7.883877277374268
14260,6.3509202003479
14261,5.9197587966918945
14262,5.72113561630249
14263,5.597947597503662
14264,3.2722485065460205
14265,7.049132823944092
14266,2.6655852794647217
14267,6.707212448120117
14268,3.7129669189453125
14269,3.0579633712768555
14270,53.614933013916016
14271,40.01097869873047
14272,28.85786247253418
14273,17.80501937866211
14274,3.543382167816162
14275,9.781820297241211
14276,2.6282567977905273
14277,28.39266014099121
14278,16.64861297607422
14279,9.80831241607666
14280,7.807252883911133
14281,6.196320533752441
14282,5.830159664154053
14283,5.605429172515869
14284,5.491944789886475
14285,26.640178680419922
14286,15.131510734558105
14287,8.94259262084961
14288,4.240771293640137
14289,2.687762975692749
14290,1.9786887168884277
14291,1.7306753396987915
14292,1.6278233528137207
14293,1.5635255575180054
14294,53.25736618041992
14295,13.476938247680664
14296,14.573040962219238
14297,7.997408866882324
14298,26.879243850708008
14299,15.715585708618164
14300,9.065849304199219
14301,6.919902801513672
14302,5.470396041870117
14303,5.130651473999023
14304,4.959542751312256
14305,4.8252644538879395
14306,27.960033416748047
14307,16.45110511779785
14308,9.428187370300293
14309,7.186830520629883
14310,5.674262523651123
14311,5.281075954437256
14312,5.095573902130127
14313,4.93012809753418
14314,22.425189971923828
14315,12.760112762451172
14316,6.946044445037842
14317,5.150635242462158
14318,4.0095038414001465
14319,3.6646759510040283
14320,3.5214688777923584
14321,3.4175209999084473
14322,30.17594337463379
14323,19.869232177734375
14324,12.947921752929688
14325,10.321394920349121
14326,8.84125804901123
14327,8.168261528015137
14328,8.006608009338379
14329,7.867884635925293
14330,21.210241317749023
14331,11.71558952331543
14332,6.0252203941345215
14333,4.045807361602783
14334,2.9469964504241943
14335,2.626952886581421
14336,2.4576456546783447
14337,2.3852474689483643
14338,24.769229888916016
14339,2.050662040710449
14340,19.673301696777344
14341,13.51379680633545
14342,10.645744323730469
14343,7.160243988037109
14344,6.228011131286621
14345,22.73442268371582
14346,15.23415470123291
14347,8.242819786071777
14348,7.171496391296387
14349,5.783936977386475
14350,21.938169479370117
14351,14.6812744140625
14352,11.735292434692383
14353,8.028373718261719
14354,6.828873157501221
14355,22.297088623046875
14356,14.927939414978027
14357,11.977709770202637
14358,8.205495834350586
14359,7.144789218902588
14360,29.351932525634766
14361,17.34958267211914
14362,9.851668357849121
14363,7.629313945770264
14364,6.307315349578857
14365,5.856980800628662
14366,5.692990779876709
14367,5.570383071899414
14368,5.716835021972656
14369,2.814601421356201
14370,2.8283004760742188
14371,7.121560096740723
14372,7.164041042327881
14373,5.308906555175781
14374,7.6164350509643555
14375,26.819061279296875
14376,31.372756958007812
14377,44.185646057128906
14378,27.7390193939209
14379,14.246625900268555
14380,10.55482006072998
14381,10.179423332214355
14382,4.991962432861328
14383,5.447353363037109
14384,34.920284271240234
14385,8.013102531433105
14386,9.803050994873047
14387,9.416350364685059
14388,221.67535400390625
14389,129.6943817138672
14390,73.30028533935547
14391,6.441483020782471
14392,3.7695353031158447
14393,20.945152282714844
14394,11.565169334411621
14395,5.914679527282715
14396,3.9619452953338623
14397,2.8262641429901123
14398,2.5030221939086914
14399,2.3463287353515625
14400,2.279675006866455
14401,21.60792350769043
14402,12.110719680786133
14403,6.425235748291016
14404,4.4857282638549805
14405,3.3718502521514893
14406,3.0628061294555664
14407,2.907710313796997
14408,2.838134288787842
14409,3.7294130325317383
14410,38.920204162597656
14411,3.1990513801574707
14412,21.15275764465332
14413,14.298986434936523
14414,11.285964965820312
14415,7.689815998077393
14416,6.54357385635376
14417,22.740934371948242
14418,13.74937629699707
14419,11.570684432983398
14420,8.821843147277832
14421,6.751835823059082
14422,5.472016334533691
14423,20.631669998168945
14424,11.252226829528809
14425,5.618912696838379
14426,3.674105644226074
14427,2.530250072479248
14428,2.183530807495117
14429,2.028286933898926
14430,1.9577292203903198
14431,26.0697021484375
14432,16.519975662231445
14433,10.370626449584961
14434,8.006412506103516
14435,6.7962422370910645
14436,6.5719428062438965
14437,6.408726692199707
14438,6.330101013183594
14439,31.670827865600586
14440,21.072725296020508
14441,14.38243293762207
14442,12.448991775512695
14443,11.736879348754883
14444,11.442778587341309
14445,11.19567584991455
14446,11.116037368774414
14447,9.261772155761719
14448,24.383604049682617
14449,34.432838439941406
14450,27.60117530822754
14451,16.008230209350586
14452,9.57275390625
14453,7.067083358764648
14454,5.543463230133057
14455,5.229006290435791
14456,5.113387107849121
14457,48.662933349609375
14458,9.67107105255127
14459,3.9872817993164062
14460,14.452451705932617
14461,27.9299259185791
14462,16.209957122802734
14463,9.228976249694824
14464,6.704751491546631
14465,5.364315986633301
14466,5.031686305999756
14467,4.8262739181518555
14468,4.717893123626709
14469,28.137361526489258
14470,16.389572143554688
14471,9.418787956237793
14472,7.009618759155273
14473,5.627842426300049
14474,5.265101909637451
14475,5.082216262817383
14476,4.96333122253418
14477,14.502618789672852
14478,28.250490188598633
14479,16.525463104248047
14480,9.52485466003418
14481,7.110377311706543
14482,5.728428363800049
14483,5.368675708770752
14484,5.181915283203125
14485,5.06345796585083
14486,23.51117706298828
14487,13.462605476379395
14488,7.30983829498291
14489,5.230005264282227
14490,3.885087013244629
14491,3.562676191329956
14492,3.379333019256592
14493,3.330115556716919
14494,3.583101272583008
14495,8.298544883728027
14496,5.267650604248047
14497,22.308673858642578
14498,12.703200340270996
14499,6.783572673797607
14500,4.8661580085754395
14501,3.6793787479400635
14502,3.326671600341797
14503,3.1712512969970703
14504,3.0712976455688477
14505,3.4234962463378906
14506,3.101557493209839
14507,4.99176025390625
14508,6.879899024963379
14509,3.2200493812561035
14510,3.308774948120117
14511,3.144193649291992
14512,3.298999071121216
14513,1.7333297729492188
14514,4.228652000427246
14515,11.691802978515625
14516,159.60739135742188
14517,15.807552337646484
14518,4.6124067306518555
14519,1.8584284782409668
14520,22.077835083007812
14521,12.256755828857422
14522,6.414162635803223
14523,4.316018104553223
14524,3.170074939727783
14525,2.8225362300872803
14526,2.7078728675842285
14527,24.5028076171875
14528,14.119548797607422
14529,7.669164180755615
14530,5.781732559204102
14531,4.5881853103637695
14532,4.273776054382324
14533,4.16974401473999
14534,3.5067384243011475
14535,12.871193885803223
14536,14.562994956970215
14537,22.920936584472656
14538,4.375010013580322
14539,3.4537570476531982
14540,0.9064313173294067
14541,7.7684245109558105
14542,10.80028247833252
14543,4.2519450187683105
14544,3.387759208679199
14545,18.970142364501953
14546,18.970142364501953
14547,27.943603515625
14548,16.048419952392578
14549,9.042583465576172
14550,6.656678199768066
14551,5.331334114074707
14552,5.011535167694092
14553,4.90755033493042
14554,4.766519546508789
14555,3.1474905014038086
14556,3.3712427616119385
14557,6.688355445861816
14558,4.386773586273193
14559,5.34597110748291
14560,6.54603385925293
14561,29.60066032409668
14562,17.2640380859375
14563,9.983159065246582
14564,7.326539039611816
14565,5.943892002105713
14566,5.605628490447998
14567,5.432535648345947
14568,5.330352306365967
14569,27.090320587158203
14570,15.82305908203125
14571,8.94111156463623
14572,6.698285102844238
14573,5.403929233551025
14574,5.148885726928711
14575,5.003739356994629
14576,4.883266925811768
14577,4.07146692276001
14578,3.221360206604004
14579,5.925837516784668
14580,13.890766143798828
14581,10.013206481933594
14582,9.18836784362793
14583,8.019430160522461
14584,7.537169933319092
14585,4.3389997482299805
14586,577.1644287109375
14587,20.798892974853516
14588,3.883366584777832
14589,4.3314080238342285
14590,7.354439735412598
14591,26.985822677612305
14592,15.722564697265625
14593,9.16496753692627
14594,6.769009590148926
14595,5.419497489929199
14596,5.09270715713501
14597,4.915444374084473
14598,4.789738655090332
14599,26.56580924987793
14600,15.90695571899414
14601,9.697733879089355
14602,7.108760833740234
14603,5.802989482879639
14604,5.465610027313232
14605,5.322756767272949
14606,5.197544574737549
14607,9.875055313110352
14608,5.492666244506836
14609,21.98238754272461
14610,5.7222747802734375
14611,28.525161743164062
14612,16.693098068237305
14613,9.667224884033203
14614,7.230711936950684
14615,5.842994689941406
14616,5.493206977844238
14617,5.299828052520752
14618,5.184309959411621
14619,37.20188522338867
14620,6.422299385070801
14621,24.994091033935547
14622,55.305030822753906
14623,5.59999418258667
14624,5.275140762329102
14625,5.1276021003723145
14626,6.265499114990234
14627,6.326262474060059
14628,15.418439865112305
14629,25.200746536254883
14630,15.714075088500977
14631,9.706238746643066
14632,7.572747230529785
14633,6.196897506713867
14634,5.893807411193848
14635,5.736021995544434
14636,5.613857746124268
14637,29.104652404785156
14638,18.0726375579834
14639,10.659440994262695
14640,8.482332229614258
14641,6.911860466003418
14642,6.517151355743408
14643,6.278234004974365
14644,6.219599723815918
14645,28.965024948120117
14646,17.256956100463867
14647,10.077301025390625
14648,8.100920677185059
14649,6.637516975402832
14650,6.2551116943359375
14651,6.0418701171875
14652,5.903425216674805
14653,28.954124450683594
14654,17.03394317626953
14655,9.983965873718262
14656,7.914848327636719
14657,6.35129451751709
14658,5.9162750244140625
14659,5.6966633796691895
14660,5.593830108642578
14661,28.326385498046875
14662,16.62125587463379
14663,9.740260124206543
14664,7.745295524597168
14665,6.1489787101745605
14666,5.746992111206055
14667,5.522792816162109
14668,5.408324241638184
14669,7.635872840881348
14670,3.520864248275757
14671,2.7229912281036377
14672,2.911111831665039
14673,4.451870441436768
14674,32.34788131713867
14675,21.85533332824707
14676,15.88644790649414
14677,13.432100296020508
14678,12.51806640625
14679,12.302339553833008
14680,12.256301879882812
14681,11.961332321166992
14682,6.626194477081299
14683,2.5431289672851562
14684,3.9238853454589844
14685,1.6866393089294434
14686,2.1791062355041504
14687,1.2944154739379883
14688,3.834887742996216
14689,5.17664909362793
14690,5.204318523406982
14691,10.266565322875977
14692,29.33226203918457
14693,40.90189743041992
14694,5.996281623840332
14695,3.0747063159942627
14696,4.274938583374023
14697,9.000409126281738
14698,5.668758869171143
14699,5.446854591369629
14700,4.881881237030029
14701,4.640875816345215
14702,30.99273681640625
14703,21.069948196411133
14704,14.321187019348145
14705,12.567230224609375
14706,11.215855598449707
14707,10.751099586486816
14708,10.588018417358398
14709,10.308637619018555
14710,5.423081398010254
14711,5.923910617828369
14712,14.61439323425293
14713,17.84891128540039
14714,45.55143737792969
14715,16.511123657226562
14716,48.31138610839844
14717,32.93509292602539
14718,19.555206298828125
14719,16.331464767456055
14720,7.379304885864258
14721,5.119897365570068
14722,5.2188239097595215
14723,23.2635498046875
14724,13.072547912597656
14725,6.950409412384033
14726,4.942276954650879
14727,3.7683615684509277
14728,3.430302143096924
14729,3.2983736991882324
14730,3.1905746459960938
14731,18.72001838684082
14732,31.59395980834961
14733,22.10345458984375
14734,3.155932664871216
14735,4.125404357910156
14736,3.4932727813720703
14737,1.6926902532577515
14738,2.128342628479004
14739,21.28506088256836
14740,11.78616714477539
14741,6.0824809074401855
14742,4.086764812469482
14743,2.9910054206848145
14744,2.66828989982605
14745,2.5071372985839844
14746,2.4391982555389404
14747,21.70599937438965
14748,12.173964500427246
14749,6.433016777038574
14750,4.442626476287842
14751,3.348235845565796
14752,3.0381853580474854
14753,2.889726400375366
14754,2.8140904903411865
14755,21.503128051757812
14756,11.952797889709473
14757,6.246023178100586
14758,4.229913234710693
14759,3.1392982006073
14760,2.8087258338928223
14761,2.654474973678589
14762,2.583071231842041
14763,22.009653091430664
14764,12.405797004699707
14765,6.603503704071045
14766,4.666591644287109
14767,3.5349531173706055
14768,3.263707160949707
14769,3.1231727600097656
14770,3.04335880279541
14771,22.64749526977539
14772,12.809109687805176
14773,6.901240348815918
14774,5.0441389083862305
14775,3.9594998359680176
14776,3.6729695796966553
14777,3.5511538982391357
14778,3.470824956893921
14779,21.14322853088379
14780,11.690234184265137
14781,6.0055060386657715
14782,4.033431529998779
14783,2.8844785690307617
14784,2.560070514678955
14785,2.405254364013672
14786,2.336437463760376
14787,22.579307556152344
14788,12.738594055175781
14789,6.856473445892334
14790,5.009233474731445
14791,3.825984239578247
14792,3.5373122692108154
14793,3.394134283065796
14794,3.3105015754699707
14795,22.670137405395508
14796,12.80237865447998
14797,7.005663871765137
14798,5.072766304016113
14799,3.8485236167907715
14800,3.5852744579315186
14801,3.4487831592559814
14802,3.369621992111206
14803,21.835952758789062
14804,12.231090545654297
14805,6.478893756866455
14806,4.487316131591797
14807,3.377277374267578
14808,3.0680081844329834
14809,2.9128425121307373
14810,2.837057590484619
14811,20.476694107055664
14812,11.26343059539795
14813,5.655084133148193
14814,3.724717140197754
14815,2.5722925662994385
14816,2.2615585327148438
14817,2.1064212322235107
14818,2.0419979095458984
14819,20.476694107055664
14820,11.26343059539795
14821,5.655084133148193
14822,3.724717140197754
14823,2.5722925662994385
14824,2.2615585327148438
14825,2.1064212322235107
14826,2.0419979095458984
14827,20.68447494506836
14828,11.207605361938477
14829,5.532463073730469
14830,3.5605521202087402
14831,2.3759877681732178
14832,2.044273853302002
14833,1.91102135181427
14834,1.8361784219741821
14835,21.696481704711914
14836,12.097180366516113
14837,6.367213249206543
14838,4.337717056274414
14839,3.202425241470337
14840,2.8611338138580322
14841,2.714648485183716
14842,2.6446475982666016
14843,13.072324752807617
14844,8.60442066192627
14845,7.105088710784912
14846,5.577399730682373
14847,21.318981170654297
14848,11.829935073852539
14849,6.130467891693115
14850,4.144339561462402
14851,2.9592952728271484
14852,2.6387434005737305
14853,2.495418071746826
14854,2.426701784133911
14855,21.383081436157227
14856,11.868759155273438
14857,6.151278018951416
14858,4.166000843048096
14859,2.9848291873931885
14860,2.6618058681488037
14861,2.5161843299865723
14862,2.4479849338531494
14863,22.501115798950195
14864,12.774805068969727
14865,6.9440693855285645
14866,4.981692790985107
14867,3.8159730434417725
14868,3.5154881477355957
14869,3.3782925605773926
14870,3.285214900970459
14871,11.098057746887207
14872,4.034738540649414
14873,3.4973323345184326
14874,4.640356540679932
14875,3.979835033416748
14876,4.775251865386963
14877,3.774689197540283
14878,15.314948081970215
14879,5.991344928741455
14880,4.780209064483643
14881,15.289262771606445
14882,4.524097919464111
14883,4.918851852416992
14884,3.840789318084717
14885,4.658572196960449
14886,4.064835071563721
14887,6.2668375968933105
14888,6.098221778869629
14889,2.124396562576294
14890,17.128660202026367
14891,10.675431251525879
14892,8.180166244506836
14893,5.434276580810547
14894,4.517928123474121
14895,2.5433268547058105
14896,6.1954264640808105
14897,44.85956573486328
14898,30.085927963256836
14899,19.245956420898438
14900,5.368541240692139
14901,6.789206027984619
14902,8.497681617736816
14903,11.168416976928711
14904,7.094730377197266
14905,9.421202659606934
14906,3.1983206272125244
14907,3.655333995819092
14908,2.6173150539398193
14909,3.3194684982299805
14910,22.562713623046875
14911,12.973121643066406
14912,7.022801876068115
14913,5.320901870727539
14914,4.166585445404053
14915,3.796846389770508
14916,3.6675047874450684
14917,3.543877363204956
14918,22.566938400268555
14919,12.525851249694824
14920,6.495242118835449
14921,4.508864879608154
14922,3.3118362426757812
14923,2.9849319458007812
14924,2.832833766937256
14925,2.744877338409424
14926,22.761991500854492
14927,12.884369850158691
14928,6.926613807678223
14929,4.963754177093506
14930,3.764613151550293
14931,3.438997745513916
14932,3.3205935955047607
14933,3.2287282943725586
14934,9.158262252807617
14935,21.919124603271484
14936,5.5616135597229
14937,135.46826171875
14938,27.159473419189453
14939,16.189687728881836
14940,9.170149803161621
14941,6.954305648803711
14942,5.648229598999023
14943,5.365472793579102
14944,5.205458164215088
14945,5.10349178314209
14946,26.75522804260254
14947,15.63648509979248
14948,8.893913269042969
14949,6.652608394622803
14950,5.247877597808838
14951,4.951729774475098
14952,4.809440612792969
14953,4.697142124176025
14954,3.2312614917755127
14955,23.486955642700195
14956,13.140799522399902
14957,6.913355827331543
14958,4.8211774826049805
14959,3.621368646621704
14960,3.3082048892974854
14961,3.1445820331573486
14962,3.0636258125305176
14963,5.431074142456055
14964,11.608113288879395
14965,29.465009689331055
14966,31.479883193969727
14967,6.890521049499512
14968,2.1031200885772705
14969,22.803232192993164
14970,13.384384155273438
14971,7.418779373168945
14972,5.6428422927856445
14973,4.589123725891113
14974,4.220067024230957
14975,4.085522174835205
14976,3.973600149154663
14977,23.70486831665039
14978,13.218822479248047
14979,6.9449663162231445
14980,4.8231353759765625
14981,3.6162078380584717
14982,3.3119473457336426
14983,3.1602795124053955
14984,3.1067941188812256
14985,29.729246139526367
14986,17.581750869750977
14987,10.085105895996094
14988,7.629813194274902
14989,6.278946876525879
14990,5.842935085296631
14991,5.667864799499512
14992,5.576601505279541
14993,25.36376190185547
14994,15.034494400024414
14995,8.69749927520752
14996,6.89124059677124
14997,5.61724853515625
14998,5.35040283203125
14999,5.187317848205566
15000,5.085270404815674
15001,1.7899359464645386
15002,2.3350532054901123
15003,6.4655046463012695
15004,2.4386699199676514
15005,6.644573211669922
15006,67.94139862060547
15007,47.51526641845703
15008,44.516029357910156
15009,3.7316181659698486
15010,25.04615020751953
15011,14.862025260925293
15012,8.565950393676758
15013,6.812420845031738
15014,5.488709449768066
15015,5.2095465660095215
15016,5.056535720825195
15017,4.94319486618042
15018,25.04615020751953
15019,14.862025260925293
15020,8.565950393676758
15021,6.812420845031738
15022,5.488709449768066
15023,5.2095465660095215
15024,5.056535720825195
15025,4.94319486618042
15026,34.06232833862305
15027,11.884673118591309
15028,39.194149017333984
15029,24.51062774658203
15030,16.535114288330078
15031,15.509982109069824
15032,29.273653030395508
15033,7.270367622375488
15034,4.552944183349609
15035,22.312274932861328
15036,12.6209716796875
15037,6.771587371826172
15038,4.8425116539001465
15039,3.6530063152313232
15040,3.327683210372925
15041,3.2059309482574463
15042,3.11370849609375
15043,24.08377456665039
15044,13.622355461120605
15045,7.316064357757568
15046,5.296215057373047
15047,4.114960193634033
15048,3.756993532180786
15049,3.6187710762023926
15050,3.5415585041046143
15051,26.23542594909668
15052,15.156315803527832
15053,8.40872859954834
15054,6.5060882568359375
15055,5.042049884796143
15056,4.673295021057129
15057,4.488493919372559
15058,4.36613655090332
15059,11.380698204040527
15060,5.268514633178711
15061,3.332736015319824
15062,25.578460693359375
15063,14.405071258544922
15064,8.045158386230469
15065,5.58791971206665
15066,4.160965442657471
15067,3.79750394821167
15068,3.6203558444976807
15069,3.508563280105591
15070,23.169231414794922
15071,13.01547908782959
15072,7.2287187576293945
15073,4.96136474609375
15074,3.6073215007781982
15075,3.2737812995910645
15076,3.115705966949463
15077,3.01601243019104
15078,11.34723949432373
15079,5.153999328613281
15080,3.2533373832702637
15081,23.3360538482666
15082,13.259897232055664
15083,7.410761833190918
15084,5.1343841552734375
15085,3.7972567081451416
15086,3.474064588546753
15087,3.314650297164917
15088,3.220254421234131
15089,20.983531951904297
15090,11.289670944213867
15091,5.52366304397583
15092,3.5383107662200928
15093,2.3561909198760986
15094,2.0226290225982666
15095,1.8773939609527588
15096,1.8017789125442505
15097,25.890121459960938
15098,13.380256652832031
15099,14.36325740814209
15100,5.7363786697387695
15101,5.26323938369751
15102,21.23253059387207
15103,5.94987678527832
15104,3.6554436683654785
15105,10.2540283203125
15106,4.581136226654053
15107,4.3210978507995605
15108,4.228846073150635
15109,28.90720558166504
15110,17.290037155151367
15111,9.955778121948242
15112,7.798907279968262
15113,6.265520095825195
15114,5.865176200866699
15115,5.664796829223633
15116,5.544754981994629
15117,24.795791625976562
15118,15.215838432312012
15119,9.347137451171875
15120,7.284882068634033
15121,5.939980506896973
15122,5.6429901123046875
15123,5.487136363983154
15124,5.3698954582214355
15125,25.412303924560547
15126,15.873273849487305
15127,9.884353637695312
15128,7.802556991577148
15129,6.371810436248779
15130,6.052245140075684
15131,5.897597312927246
15132,5.7669219970703125
15133,3.4672329425811768
15134,23.428586959838867
15135,13.785138130187988
15136,7.979766368865967
15137,6.242751121520996
15138,5.098036289215088
15139,4.747024059295654
15140,4.597437858581543
15141,4.495236396789551
15142,28.97635269165039
15143,16.927257537841797
15144,9.837482452392578
15145,7.633882999420166
15146,6.14690637588501
15147,5.6728692054748535
15148,5.446514129638672
15149,5.3364973068237305
15150,23.327136993408203
15151,13.474136352539062
15152,7.41804313659668
15153,5.674586772918701
15154,4.601718425750732
15155,4.249712944030762
15156,4.099984645843506
15157,3.998727560043335
15158,21.623563766479492
15159,12.090579986572266
15160,6.368643760681152
15161,4.489542484283447
15162,3.304684638977051
15163,3.0178871154785156
15164,2.8822381496429443
15165,2.7938199043273926
15166,23.090381622314453
15167,13.106391906738281
15168,7.172634601593018
15169,5.351169109344482
15170,4.188612461090088
15171,3.889108180999756
15172,3.7578227519989014
15173,3.695411205291748
15174,22.81926918029785
15175,12.915181159973145
15176,7.016328811645508
15177,5.217342853546143
15178,4.087580680847168
15179,3.794123411178589
15180,3.6599442958831787
15181,3.5953421592712402
15182,19.520383834838867
15183,28.053850173950195
15184,16.654739379882812
15185,9.617765426635742
15186,7.461390018463135
15187,6.036062240600586
15188,5.649661064147949
15189,5.477154731750488
15190,5.324149131774902
15191,0.9672229290008545
15192,20.974618911743164
15193,11.536457061767578
15194,6.082457065582275
15195,4.057554721832275
15196,2.927670478820801
15197,2.5705103874206543
15198,2.451105833053589
15199,23.203075408935547
15200,12.719144821166992
15201,6.9078803062438965
15202,4.943398475646973
15203,3.7634191513061523
15204,3.4958322048187256
15205,3.372875690460205
15206,21.50377655029297
15207,11.841680526733398
15208,6.260861396789551
15209,4.231250762939453
15210,3.1012532711029053
15211,2.741029739379883
15212,2.6118433475494385
15213,59.36431121826172
15214,92.73451232910156
15215,4.71558952331543
15216,31.76223373413086
15217,45.05304718017578
15218,7.3799943923950195
15219,16.392377853393555
15220,15.022915840148926
15221,15.862419128417969
15222,15.868795394897461
15223,5.601302623748779
15224,10.050060272216797
15225,26.35295867919922
15226,15.637221336364746
15227,9.180668830871582
15228,7.124014854431152
15229,5.711607933044434
15230,5.294009208679199
15231,5.120882511138916
15232,4.991905212402344
15233,25.934043884277344
15234,15.176446914672852
15235,8.567718505859375
15236,6.451400279998779
15237,5.018387794494629
15238,4.6828179359436035
15239,4.514066696166992
15240,4.415043354034424
15241,28.72776222229004
15242,17.383317947387695
15243,10.135865211486816
15244,7.87516975402832
15245,6.373140811920166
15246,6.0010457038879395
15247,5.80357551574707
15248,5.711738586425781
15249,28.427101135253906
15250,18.328975677490234
15251,12.055451393127441
15252,9.352215766906738
15253,8.294076919555664
15254,8.02975845336914
15255,7.836916446685791
15256,7.775714874267578
15257,8.456338882446289
15258,14.098432540893555
15259,8.551665306091309
15260,67.33328247070312
15261,1.1088112592697144
15262,2.446835994720459
15263,2.312319278717041
15264,22.480070114135742
15265,22.98998260498047
15266,12.867380142211914
15267,6.7244110107421875
15268,4.66641092300415
15269,3.5022547245025635
15270,3.1552910804748535
15271,3.010880470275879
15272,2.9089672565460205
15273,12.824238777160645
15274,8.329811096191406
15275,7.295530319213867
15276,5.698892593383789
15277,2.007887363433838
15278,1.9003596305847168
15279,2.163163661956787
15280,2.098623752593994
15281,6.3610639572143555
15282,3.6007261276245117
15283,4.485316276550293
15284,28.248836517333984
15285,16.470991134643555
15286,9.620877265930176
15287,7.1117119789123535
15288,5.6958465576171875
15289,5.383345603942871
15290,5.176033973693848
15291,5.0653395652771
15292,23.060749053955078
15293,13.088075637817383
15294,7.225903034210205
15295,5.283910751342773
15296,4.073658466339111
15297,3.769632339477539
15298,3.580883026123047
15299,3.5083272457122803
15300,23.060749053955078
15301,13.088075637817383
15302,7.225903034210205
15303,5.283910751342773
15304,4.073658466339111
15305,3.769632339477539
15306,3.580883026123047
15307,3.5083272457122803
15308,26.584970474243164
15309,15.561599731445312
15310,8.87238883972168
15311,6.895835876464844
15312,5.374456882476807
15313,5.056558609008789
15314,4.9061479568481445
15315,4.759472846984863
15316,1.3465502262115479
15317,58.66969299316406
15318,27.952993392944336
15319,20.872961044311523
15320,1.7089207172393799
15321,15.71914005279541
15322,15.428011894226074
15323,30.060810089111328
15324,7.937565326690674
15325,4.921576976776123
15326,12.138406753540039
15327,11.138638496398926
15328,4.2761993408203125
15329,8.131956100463867
15330,2.775808572769165
15331,3.093836545944214
15332,15.7824068069458
15333,10.954469680786133
15334,9.105844497680664
15335,7.957962512969971
15336,6.474137306213379
15337,8.377033233642578
15338,5.041545867919922
15339,22.748817443847656
15340,13.184709548950195
15341,7.153365135192871
15342,5.458249568939209
15343,4.287655830383301
15344,3.9186978340148926
15345,3.7850699424743652
15346,3.668148994445801
15347,33.444034576416016
15348,12.32163143157959
15349,28.196369171142578
15350,18.790645599365234
15351,17.823806762695312
15352,22.657310485839844
15353,22.279006958007812
15354,20.800647735595703
15355,20.800647735595703
15356,14.400611877441406
15357,27.456336975097656
15358,6.403237342834473
15359,21.466793060302734
15360,12.953699111938477
15361,6.849155426025391
15362,7.004714488983154
15363,6.6191630363464355
15364,3.40409517288208
15365,13.378484725952148
15366,10.384941101074219
15367,9.350894927978516
15368,10.597890853881836
15369,13.218483924865723
15370,16.3092041015625
15371,10.691539764404297
15372,23.799074172973633
15373,13.103266716003418
15374,6.970469951629639
15375,4.8235368728637695
15376,3.557343006134033
15377,3.1998043060302734
15378,3.092376947402954
15379,3.3245253562927246
15380,3.2377872467041016
15381,3.6090779304504395
15382,5.122943878173828
15383,31.383426666259766
15384,24.89651107788086
15385,15.25229549407959
15386,9.359002113342285
15387,7.279470443725586
15388,5.916816711425781
15389,5.618533134460449
15390,5.464933395385742
15391,5.346292018890381
15392,24.935426712036133
15393,15.285881996154785
15394,9.385176658630371
15395,7.2976579666137695
15396,5.931820869445801
15397,5.6328349113464355
15398,5.478872299194336
15399,5.359951496124268
15400,22.693218231201172
15401,12.835308074951172
15402,6.866317272186279
15403,4.9100446701049805
15404,3.759725332260132
15405,3.415680408477783
15406,3.296506404876709
15407,3.202460765838623
15408,22.263961791992188
15409,12.402824401855469
15410,6.4932427406311035
15411,4.514917373657227
15412,3.365495204925537
15413,3.063361644744873
15414,2.9084482192993164
15415,2.8085527420043945
15416,22.10849380493164
15417,12.477205276489258
15418,6.645446300506592
15419,4.755638122558594
15420,3.6091787815093994
15421,3.279071569442749
15422,3.1563847064971924
15423,3.0597541332244873
15424,27.53617286682129
15425,16.709901809692383
15426,10.603464126586914
15427,8.077787399291992
15428,6.529121398925781
15429,6.185787677764893
15430,5.987142086029053
15431,5.88712739944458
15432,17.340166091918945
15433,11.206113815307617
15434,9.457464218139648
15435,8.19296646118164
15436,7.469326972961426
15437,12.083395957946777
15438,8.938871383666992
15439,8.13764762878418
15440,7.236708641052246
15441,6.193351745605469
15442,22.307357788085938
15443,12.526063919067383
15444,6.6283860206604
15445,4.675143241882324
15446,3.5162010192871094
15447,3.202103853225708
15448,3.037757635116577
15449,2.9491028785705566
15450,25.97025489807129
15451,14.597969055175781
15452,7.721754550933838
15453,5.408505916595459
15454,4.0991058349609375
15455,3.7701127529144287
15456,3.5903878211975098
15457,3.521214008331299
15458,22.868579864501953
15459,12.93483829498291
15460,6.921998023986816
15461,4.947917461395264
15462,3.768115758895874
15463,3.4213879108428955
15464,3.2974894046783447
15465,3.2063183784484863
15466,23.587247848510742
15467,13.330036163330078
15468,7.103687286376953
15469,5.055328369140625
15470,3.8735241889953613
15471,3.5236892700195312
15472,3.4029226303100586
15473,3.313004970550537
15474,70.9601058959961
15475,4.163797855377197
15476,13.68013858795166
15477,2.9889867305755615
15478,2.917027473449707
15479,8.114910125732422
15480,9.410615921020508
15481,6.299168109893799
15482,5.381267547607422
15483,5.084981441497803
15484,65.3746566772461
15485,3.8151092529296875
15486,4.557635307312012
15487,2.057631492614746
15488,4.131861209869385
15489,16.652305603027344
15490,22.09844398498535
15491,4.112060070037842
15492,4.840870380401611
15493,4.567873001098633
15494,24.34963607788086
15495,13.302148818969727
15496,8.709796905517578
15497,8.45545768737793
15498,32.12080383300781
15499,23.42576789855957
15500,7.644318580627441
15501,9.937360763549805
15502,136.94210815429688
15503,186.51539611816406
15504,61.49870300292969
15505,19.260774612426758
15506,52.99625015258789
15507,96.47869873046875
15508,77.0977783203125
15509,51.62178039550781
15510,122.71062469482422
15511,5.904731750488281
15512,5.860500812530518
15513,6.169869422912598
15514,4.284525394439697
15515,8.702942848205566
15516,27.747211456298828
15517,64.70355224609375
15518,39.87700653076172
15519,34.45986557006836
15520,32.029178619384766
15521,14.71672248840332
15522,9.534576416015625
15523,10.45911979675293
15524,22.493520736694336
15525,12.43521499633789
15526,6.436741352081299
15527,4.464354515075684
15528,3.274627447128296
15529,2.9522581100463867
15530,2.803435802459717
15531,2.7093570232391357
15532,22.47704315185547
15533,12.496112823486328
15534,6.480360507965088
15535,4.5022664070129395
15536,3.303330898284912
15537,2.9890823364257812
15538,2.8418145179748535
15539,2.7431461811065674
15540,22.69611358642578
15541,190.5582275390625
15542,9.099806785583496
15543,6.599459648132324
15544,5.370372772216797
15545,4.78039026260376
15546,10.122353553771973
15547,8.389240264892578
15548,7.296696662902832
15549,6.798580169677734
15550,23.709980010986328
15551,2.200618028640747
15552,22.248781204223633
15553,12.38101577758789
15554,6.41714334487915
15555,4.460316181182861
15556,3.2707877159118652
15557,2.9603829383850098
15558,2.808881998062134
15559,2.712282657623291
15560,44.08330154418945
15561,11.613177299499512
15562,26.15926742553711
15563,15.885823249816895
15564,9.876728057861328
15565,7.732972621917725
15566,6.360871315002441
15567,6.031423568725586
15568,5.859604835510254
15569,5.745666980743408
15570,26.15926742553711
15571,15.885823249816895
15572,9.876728057861328
15573,7.732972621917725
15574,6.360871315002441
15575,6.031423568725586
15576,5.859604835510254
15577,5.745666980743408
15578,25.629091262817383
15579,15.774984359741211
15580,9.800094604492188
15581,7.662520408630371
15582,6.283174514770508
15583,5.963034629821777
15584,5.791383743286133
15585,5.68125057220459
15586,23.106212615966797
15587,13.268153190612793
15588,7.282303333282471
15589,5.631822109222412
15590,4.439275741577148
15591,4.081876277923584
15592,3.9249327182769775
15593,3.826202630996704
15594,24.089282989501953
15595,13.932068824768066
15596,7.72294807434082
15597,6.077639102935791
15598,4.876626491546631
15599,4.5128679275512695
15600,4.351022243499756
15601,4.215529441833496
15602,23.098678588867188
15603,13.396393775939941
15604,7.401261806488037
15605,5.801124095916748
15606,4.635066032409668
15607,4.277018070220947
15608,4.128586769104004
15609,4.0278191566467285
15610,22.66352081298828
15611,12.883635520935059
15612,7.070519924163818
15613,5.372442722320557
15614,4.151937961578369
15615,3.80790114402771
15616,3.6536664962768555
15617,3.5577778816223145
15618,5.5211286544799805
15619,21.299297332763672
15620,11.810684204101562
15621,6.095932483673096
15622,4.129935264587402
15623,2.9448611736297607
15624,2.6241016387939453
15625,2.477597713470459
15626,2.410400867462158
15627,21.33418846130371
15628,11.852838516235352
15629,6.134266376495361
15630,4.157220840454102
15631,3.0031661987304688
15632,2.6804535388946533
15633,2.530820608139038
15634,2.46246337890625
15635,21.43637466430664
15636,11.8993558883667
15637,6.175633430480957
15638,4.244831562042236
15639,3.0116918087005615
15640,2.6826655864715576
15641,2.5325188636779785
15642,2.467787265777588
15643,19.642135620117188
15644,12.372790336608887
15645,10.297904968261719
15646,15.75372314453125
15647,6.868755340576172
15648,7.349216461181641
15649,5.3832688331604
15650,2.174647569656372
15651,6.232087135314941
15652,5.343530178070068
15653,4.853419303894043
15654,3.2837486267089844
15655,2.6794776916503906
15656,7.371179103851318
15657,10.825862884521484
15658,20.867313385009766
15659,20.239280700683594
15660,21.343740463256836
15661,22.96308135986328
15662,12.428756713867188
15663,13.030790328979492
15664,27.979633331298828
15665,15.830345153808594
15666,8.913320541381836
15667,6.580235481262207
15668,5.362740516662598
15669,5.1623125076293945
15670,5.1012797355651855
15671,5.009920120239258
15672,5.228050708770752
15673,9.789752960205078
15674,30.664337158203125
15675,18.706377029418945
15676,12.291070938110352
15677,10.117879867553711
15678,8.391547203063965
15679,7.970921993255615
15680,7.759882926940918
15681,7.663458824157715
15682,23.79375648498535
15683,13.881477355957031
15684,7.916404724121094
15685,5.833754539489746
15686,4.595285415649414
15687,4.300191402435303
15688,4.177684783935547
15689,4.062052249908447
15690,25.419769287109375
15691,15.024681091308594
15692,8.567776679992676
15693,6.4968132972717285
15694,5.143731594085693
15695,4.956958293914795
15696,4.8837151527404785
15697,4.788426876068115
15698,5.501171112060547
15699,4.332185745239258
15700,22.24971580505371
15701,12.495397567749023
15702,6.540904998779297
15703,4.577699661254883
15704,3.4370110034942627
15705,3.126617670059204
15706,2.9736504554748535
15707,2.883352041244507
15708,7.517348766326904
15709,21.95272445678711
15710,12.300939559936523
15711,6.403617858886719
15712,4.480195045471191
15713,3.330707311630249
15714,3.0140609741210938
15715,2.8538973331451416
15716,2.762084722518921
15717,1.9025418758392334
15718,4.448049545288086
15719,5.271469593048096
15720,3.4421794414520264
15721,10.573004722595215
15722,7.601166725158691
15723,7.977952003479004
15724,7.014730930328369
15725,28.33792495727539
15726,16.6025390625
15727,9.58251667022705
15728,7.328894138336182
15729,5.864340305328369
15730,5.496274948120117
15731,5.332612991333008
15732,5.216158390045166
15733,22.37626075744629
15734,12.694696426391602
15735,6.7386274337768555
15736,4.82695198059082
15737,3.681645631790161
15738,3.349308967590332
15739,3.224456787109375
15740,3.1341302394866943
15741,26.177194595336914
15742,15.614079475402832
15743,9.264233589172363
15744,7.437773704528809
15745,6.224514961242676
15746,5.887990951538086
15747,5.783509254455566
15748,5.655947208404541
15749,1.9357763528823853
15750,36.222068786621094
15751,10.7116117477417
15752,12.657142639160156
15753,6.567940711975098
15754,5.6775689125061035
15755,9.22339916229248
15756,25.07684326171875
15757,5.970035076141357
15758,2.9235377311706543
15759,4.8226728439331055
15760,2.7229020595550537
15761,5.4233012199401855
15762,3.5618507862091064
15763,7.208444118499756
15764,3.754209041595459
15765,5.710643291473389
15766,5.414722442626953
15767,5.205326080322266
15768,7.249752521514893
15769,3.7307074069976807
15770,5.979153156280518
15771,3.45021390914917
15772,18.715925216674805
15773,11.333139419555664
15774,9.505119323730469
15775,3.82426381111145
15776,4.095367908477783
15777,2.6856348514556885
15778,6.589010238647461
15779,6.374949932098389
15780,4.086580753326416
15781,2.8349201679229736
15782,6.988221168518066
15783,4.465755939483643
15784,4.513347148895264
15785,9.390201568603516
15786,20.223482131958008
15787,16.59745979309082
15788,7.218297958374023
15789,8.296381950378418
15790,7.474028587341309
15791,27.554716110229492
15792,17.97209930419922
15793,11.618569374084473
15794,9.216117858886719
15795,7.756659984588623
15796,7.446777820587158
15797,7.337474822998047
15798,7.30026912689209
15799,7.742558479309082
15800,6.702674388885498
15801,8.301276206970215
15802,5.891322612762451
15803,9.958094596862793
15804,5.473552227020264
15805,2.98221755027771
15806,8.958274841308594
15807,12.63627815246582
15808,3.0173158645629883
15809,22.743654251098633
15810,12.99211311340332
15811,7.096249103546143
15812,5.365662574768066
15813,4.187164306640625
15814,3.8399930000305176
15815,3.700413227081299
15816,3.597769021987915
15817,22.393980026245117
15818,13.122088432312012
15819,7.210784912109375
15820,5.444509506225586
15821,4.334772109985352
15822,3.985283613204956
15823,3.855806350708008
15824,3.740567922592163
15825,79.36164855957031
15826,75.1059341430664
15827,8.24776840209961
15828,6.6505208015441895
15829,5.74827241897583
15830,5.2728495597839355
15831,28.351306915283203
15832,7.20911169052124
15833,2.4601831436157227
15834,73.50811004638672
15835,5.515012741088867
15836,5.515012741088867
15837,4.539239883422852
15838,27.071792602539062
15839,24.471752166748047
15840,30.21586799621582
15841,22.84963035583496
15842,4.789334297180176
15843,1.4958724975585938
15844,7.930805683135986
15845,6.128152847290039
15846,5.040045738220215
15847,26.65018081665039
15848,15.33341121673584
15849,8.537178039550781
15850,6.5440826416015625
15851,5.355401992797852
15852,5.003067970275879
15853,4.865127086639404
15854,4.759042739868164
15855,1.3420062065124512
15856,2.1648612022399902
15857,11.98757266998291
15858,6.769270420074463
15859,3.901075601577759
15860,2.948103427886963
15861,3.4345242977142334
15862,4.343482971191406
15863,26.168548583984375
15864,16.95178985595703
15865,14.146018981933594
15866,11.59926700592041
15867,4.61450719833374
15868,3.253516912460327
15869,5.608287811279297
15870,2.8338544368743896
15871,14.119598388671875
15872,25.477703094482422
15873,6.769613742828369
15874,2.3767998218536377
15875,10.253214836120605
15876,7.681499481201172
15877,6.49940824508667
15878,5.581907272338867
15879,4.985240936279297
15880,10.303387641906738
15881,8.657366752624512
15882,7.573022842407227
15883,6.249899387359619
15884,5.389901161193848
15885,10.186691284179688
15886,7.4881672859191895
15887,6.697944164276123
15888,5.866060733795166
15889,15.95140552520752
15890,56.33845138549805
15891,34.78762435913086
15892,11.497156143188477
15893,28.162368774414062
15894,16.498912811279297
15895,9.53101634979248
15896,7.058568954467773
15897,5.742226600646973
15898,5.3855180740356445
15899,5.204493522644043
15900,5.0784406661987305
15901,22.751861572265625
15902,13.000990867614746
15903,7.110503673553467
15904,5.370765209197998
15905,4.161880970001221
15906,3.8068654537200928
15907,3.654341697692871
15908,3.5477583408355713
15909,22.229469299316406
15910,12.610424995422363
15911,6.876645088195801
15912,5.143821716308594
15913,3.9536213874816895
15914,3.619407892227173
15915,3.46529483795166
15916,3.3680601119995117
15917,27.284475326538086
15918,16.36488151550293
15919,10.239461898803711
15920,7.911805629730225
15921,6.738038063049316
15922,6.396013259887695
15923,6.236660957336426
15924,6.184685230255127
15925,22.523801803588867
15926,12.844213485717773
15927,6.991851329803467
15928,5.229565620422363
15929,4.043057441711426
15930,3.684417247772217
15931,3.529756546020508
15932,3.41940975189209
15933,23.203020095825195
15934,13.12488079071045
15935,6.961365699768066
15936,4.9537200927734375
15937,3.769656181335449
15938,3.4048845767974854
15939,3.2694127559661865
15940,3.1611440181732178
15941,21.954679489135742
15942,12.379156112670898
15943,6.63808536529541
15944,4.7470245361328125
15945,3.5557966232299805
15946,3.2068376541137695
15947,3.0631937980651855
15948,2.9650180339813232
15949,22.180267333984375
15950,12.41452407836914
15951,6.532803535461426
15952,4.595875263214111
15953,3.4421350955963135
15954,3.078486204147339
15955,2.948021411895752
15956,2.8368232250213623
15957,7.0189971923828125
15958,6.9824604988098145
15959,45.38053512573242
15960,40.40565872192383
15961,5.4937520027160645
15962,8.110427856445312
15963,27.606494903564453
15964,16.834402084350586
15965,10.555665969848633
15966,8.428459167480469
15967,6.967458724975586
15968,6.673562526702881
15969,6.488951683044434
15970,6.3850836753845215
15971,11.002552032470703
15972,6.64594030380249
15973,6.9451093673706055
15974,3.884986162185669
15975,12.877074241638184
15976,7.7939581871032715
15977,6.620425224304199
15978,5.061352252960205
15979,7.393611431121826
15980,11.104246139526367
15981,13.630389213562012
15982,15.12691879272461
15983,13.0382661819458
15984,8.199440956115723
15985,5.995848655700684
15986,5.231644630432129
15987,4.652541637420654
15988,14.029633522033691
15989,6.212263107299805
15990,6.224567890167236
15991,20.0850887298584
15992,19.125980377197266
15993,9.28405475616455
15994,8.190683364868164
15995,47.302066802978516
15996,37.871673583984375
15997,51.67747116088867
15998,20.64980125427246
15999,17.71513557434082
16000,13.617633819580078
16001,12.028199195861816
16002,2.504507541656494
16003,1.9049192667007446
16004,9.21387004852295
16005,1.1548171043395996
16006,5.640113353729248
16007,31.5017032623291
16008,2.7982914447784424
16009,5.707282066345215
16010,4.2760090827941895
16011,2.862821340560913
16012,3.38554048538208
16013,2.5270745754241943
16014,2.3223421573638916
16015,12.157160758972168
16016,5.485683917999268
16017,2.1825242042541504
16018,24.95174217224121
16019,14.991264343261719
16020,9.025641441345215
16021,7.305221080780029
16022,6.140589714050293
16023,5.788652420043945
16024,5.616631984710693
16025,5.51285982131958
16026,3.3651528358459473
16027,3.701219081878662
16028,4.252963066101074
16029,1.0707316398620605
16030,1.8145967721939087
16031,6.957082271575928
16032,2.1253581047058105
16033,2.6532540321350098
16034,205.46820068359375
16035,2.851886510848999
16036,4.326686382293701
16037,3.0977282524108887
16038,3.1518077850341797
16039,21.053287506103516
16040,14.398152351379395
16041,6.907425880432129
16042,5.216480731964111
16043,1.9453589916229248
16044,7.868236541748047
16045,7.995476722717285
16046,4.318218231201172
16047,7.075051307678223
16048,2.781747579574585
16049,3.5216453075408936
16050,6.345449924468994
16051,5.705898284912109
16052,5.526082515716553
16053,5.419755935668945
16054,17.510862350463867
16055,3.187410593032837
16056,23.793386459350586
16057,14.564677238464355
16058,8.437771797180176
16059,6.7413763999938965
16060,5.524602890014648
16061,5.263627529144287
16062,5.103573322296143
16063,5.043002605438232
16064,22.0069580078125
16065,5.6003522872924805
16066,5.8873090744018555
16067,2.059068441390991
16068,11.472332000732422
16069,9.337265968322754
16070,8.577354431152344
16071,7.533137798309326
16072,12.470200538635254
16073,9.224739074707031
16074,8.399785995483398
16075,7.283735275268555
16076,6.395778656005859
16077,17.108177185058594
16078,11.17906379699707
16079,9.572209358215332
16080,8.273846626281738
16081,7.837275981903076
16082,25.701284408569336
16083,28.354177474975586
16084,28.584880828857422
16085,7.739591121673584
16086,7.775733947753906
16087,8.0880126953125
16088,4.03204345703125
16089,2.152090549468994
16090,4.966277122497559
16091,5.629516124725342
16092,5.295299530029297
16093,5.850475788116455
16094,4.953726291656494
16095,7.116981506347656
16096,5.479806423187256
16097,4.958611011505127
16098,4.565135955810547
16099,3.873276948928833
16100,18.23090934753418
16101,12.589123725891113
16102,10.726895332336426
16103,7.955165386199951
16104,7.468153476715088
16105,7.125051021575928
16106,27.63759422302246
16107,16.580402374267578
16108,9.54620361328125
16109,7.319082260131836
16110,5.920416831970215
16111,5.578385829925537
16112,5.399251461029053
16113,5.276449203491211
16114,8.90519905090332
16115,2.586585521697998
16116,3.360077381134033
16117,14.513790130615234
16118,2.2164788246154785
16119,2.2315540313720703
16120,1.3330243825912476
16121,6.148581504821777
16122,9.77552604675293
16123,36.78019714355469
16124,106.0479507446289
16125,26.024198532104492
16126,4.729255199432373
16127,10.828523635864258
16128,8.379247665405273
16129,5.201354026794434
16130,3.2856740951538086
16131,2.2310879230499268
16132,7.542004585266113
16133,19.01443862915039
16134,19.379966735839844
16135,11.919964790344238
16136,11.393616676330566
16137,9.365699768066406
16138,3.5545270442962646
16139,3.6505343914031982
16140,22.065364837646484
16141,12.461971282958984
16142,6.627470970153809
16143,4.739964485168457
16144,3.5335488319396973
16145,3.19144606590271
16146,3.0693960189819336
16147,2.965850591659546
16148,6.843634605407715
16149,7.24282169342041
16150,24.412073135375977
16151,14.124116897583008
16152,7.955944061279297
16153,6.082913398742676
16154,4.799999237060547
16155,4.488264560699463
16156,4.331943988800049
16157,4.227458477020264
16158,6.7087249755859375
16159,5.944006443023682
16160,63.42485809326172
16161,28.610633850097656
16162,18.135623931884766
16163,11.412785530090332
16164,9.790816307067871
16165,8.803150177001953
16166,8.575220108032227
16167,8.763249397277832
16168,14.709466934204102
16169,7.767428398132324
16170,7.767428398132324
16171,6.4221906661987305
16172,27.921993255615234
16173,16.75484848022461
16174,9.74367904663086
16175,7.454285621643066
16176,5.965264320373535
16177,5.590271949768066
16178,5.408514499664307
16179,5.281698703765869
16180,27.466583251953125
16181,15.713871955871582
16182,8.687926292419434
16183,6.6001877784729
16184,5.181734561920166
16185,4.836695194244385
16186,4.644886016845703
16187,4.550001621246338
16188,22.32371711730957
16189,12.52470588684082
16190,6.608607292175293
16191,4.660822868347168
16192,3.540710210800171
16193,3.2214553356170654
16194,3.0911026000976562
16195,2.9904468059539795
16196,22.536468505859375
16197,12.60379695892334
16198,6.630397796630859
16199,4.655786037445068
16200,3.508491277694702
16201,3.203155517578125
16202,3.062361478805542
16203,2.9659972190856934
16204,22.595333099365234
16205,12.715819358825684
16206,6.771021366119385
16207,4.804274559020996
16208,3.6294546127319336
16209,3.3045272827148438
16210,3.1347532272338867
16211,3.037888765335083
16212,5.901140213012695
16213,16.8962459564209
16214,18.16713523864746
16215,29.301002502441406
16216,6.534698963165283
16217,2.336312770843506
16218,27.144418716430664
16219,15.513384819030762
16220,8.655219078063965
16221,6.251730442047119
16222,4.823297023773193
16223,4.491369247436523
16224,4.298474311828613
16225,4.181190013885498
16226,2.8194098472595215
16227,2.4059417247772217
16228,2.659437656402588
16229,1.9131768941879272
16230,22.63141441345215
16231,13.068439483642578
16232,7.0871968269348145
16233,5.455352783203125
16234,4.335224151611328
16235,3.9716732501983643
16236,3.8392553329467773
16237,3.7370564937591553
16238,3.0921170711517334
16239,2.0805482864379883
16240,8.155004501342773
16241,7.078300952911377
16242,34.017635345458984
16243,27.89438819885254
16244,12.682149887084961
16245,7.829846382141113
16246,3.666486978530884
16247,21.844388961791992
16248,7.858634948730469
16249,4.9473395347595215
16250,9.565079689025879
16251,25.789827346801758
16252,15.148036003112793
16253,8.8310546875
16254,6.743240833282471
16255,5.529068470001221
16256,5.153742790222168
16257,4.9676103591918945
16258,4.850704669952393
16259,35.43059539794922
16260,21.501419067382812
16261,13.148818969726562
16262,11.370415687561035
16263,9.381993293762207
16264,8.844291687011719
16265,8.537425994873047
16266,8.528237342834473
16267,4.221426963806152
16268,10.580458641052246
16269,3.430107593536377
16270,2.0901708602905273
16271,14.049491882324219
16272,4.708893775939941
16273,42.65167236328125
16274,35.099021911621094
16275,8.599797248840332
16276,3.8189857006073
16277,3.94610857963562
16278,26.97684669494629
16279,15.553478240966797
16280,8.654812812805176
16281,6.440398216247559
16282,5.260156154632568
16283,4.876524925231934
16284,4.6602349281311035
16285,4.529001235961914
16286,7.394166469573975
16287,8.079482078552246
16288,29.361530303955078
16289,7.673394203186035
16290,4.238896369934082
16291,7.298868179321289
16292,2.7666239738464355
16293,5.368229389190674
16294,9.722857475280762
16295,11.451862335205078
16296,13.343364715576172
16297,1.1484906673431396
16298,1.2579221725463867
16299,94.30652618408203
16300,92.47193908691406
16301,12.23307991027832
16302,9.942985534667969
16303,27.986356735229492
16304,53.866695404052734
16305,41.74079895019531
16306,23.024991989135742
16307,24.83858871459961
16308,13.366827964782715
16309,8.248666763305664
16310,15.242961883544922
16311,11.460331916809082
16312,10.341936111450195
16313,14.732440948486328
16314,20.742074966430664
16315,6.040921688079834
16316,5.785269260406494
16317,7.859929084777832
16318,7.567469596862793
16319,29.068771362304688
16320,40.232666015625
16321,29.442821502685547
16322,9.100142478942871
16323,14.480709075927734
16324,2.202526330947876
16325,2.025637626647949
16326,2.175936698913574
16327,32.92833709716797
16328,5.038102149963379
16329,269.393798828125
16330,97.2580795288086
16331,4.665379524230957
16332,18.87721061706543
16333,19.930252075195312
16334,25.926259994506836
16335,14.671032905578613
16336,8.667536735534668
16337,6.146683692932129
16338,4.756688117980957
16339,4.482486248016357
16340,4.355946063995361
16341,4.223598003387451
16342,4.105777740478516
16343,4.002330780029297
16344,15.143245697021484
16345,28.658130645751953
16346,17.072364807128906
16347,9.904151916503906
16348,7.730956077575684
16349,6.190121650695801
16350,5.781537055969238
16351,5.574409008026123
16352,5.459381580352783
16353,21.5498046875
16354,11.910961151123047
16355,6.028802394866943
16356,4.096282005310059
16357,3.0676794052124023
16358,2.7631399631500244
16359,2.6150059700012207
16360,2.538198471069336
16361,28.97113037109375
16362,17.1146183013916
16363,10.28842830657959
16364,8.371448516845703
16365,6.706051349639893
16366,6.225492000579834
16367,5.979565143585205
16368,5.837538242340088
16369,10.716034889221191
16370,29.032703399658203
16371,16.97127914428711
16372,9.894359588623047
16373,7.408589839935303
16374,5.953763484954834
16375,5.600604057312012
16376,5.382393836975098
16377,5.263905048370361
16378,3.382178783416748
16379,3.3641085624694824
16380,4.147534370422363
16381,15.55211067199707
16382,5.547429084777832
16383,5.12551212310791
16384,28.765766143798828
16385,17.606603622436523
16386,10.501312255859375
16387,8.19399642944336
16388,6.627676963806152
16389,6.274624824523926
16390,6.108592987060547
16391,6.002930641174316
16392,9.211175918579102
16393,2.994414806365967
16394,5.434588432312012
16395,7.694108963012695
16396,6.284042835235596
16397,29.534740447998047
16398,18.013511657714844
16399,11.216534614562988
16400,9.00741958618164
16401,7.40442419052124
16402,6.985230445861816
16403,6.761117458343506
16404,6.640924453735352
16405,28.720123291015625
16406,16.78875160217285
16407,9.835289001464844
16408,7.364786148071289
16409,5.9178924560546875
16410,5.5675129890441895
16411,5.398186683654785
16412,5.2917375564575195
16413,44.13086700439453
16414,12.304794311523438
16415,9.830806732177734
16416,6.183982849121094
16417,2.9545929431915283
16418,26.13895606994629
16419,14.729341506958008
16420,8.016986846923828
16421,5.865002155303955
16422,4.516479969024658
16423,4.2486491203308105
16424,4.075067043304443
16425,3.9557294845581055
16426,2.997276544570923
16427,2.4368882179260254
16428,10.706124305725098
16429,9.886470794677734
16430,8.862526893615723
16431,7.8076581954956055
16432,7.116607189178467
16433,22.174510955810547
16434,12.280608177185059
16435,6.311801910400391
16436,4.339305400848389
16437,3.225853443145752
16438,2.9156060218811035
16439,2.769543409347534
16440,2.673086166381836
16441,26.889379501342773
16442,15.640048027038574
16443,8.699261665344238
16444,6.434954643249512
16445,4.9323015213012695
16446,4.654866695404053
16447,4.514645576477051
16448,4.389914035797119
16449,26.40987205505371
16450,14.996866226196289
16451,8.025291442871094
16452,5.698393821716309
16453,4.416556358337402
16454,4.097853183746338
16455,3.921780824661255
16456,3.850029945373535
16457,5.211942672729492
16458,3.215916395187378
16459,4.038395404815674
16460,29.419673919677734
16461,26.550457000732422
16462,15.57321834564209
16463,8.614387512207031
16464,6.765334129333496
16465,5.497570514678955
16466,5.0790228843688965
16467,4.971755027770996
16468,4.863217830657959
16469,26.225204467773438
16470,15.11349868774414
16471,8.432069778442383
16472,6.631918430328369
16473,5.358868598937988
16474,5.0484724044799805
16475,4.869780540466309
16476,4.764803886413574
16477,4.045882225036621
16478,7.447037220001221
16479,13.593827247619629
16480,57.539485931396484
16481,39.089942932128906
16482,4.784374237060547
16483,4.876014232635498
16484,6.866915702819824
16485,32.81781768798828
16486,2.090118646621704
16487,31.139801025390625
16488,7.657629013061523
16489,2.6284608840942383
16490,8.707529067993164
16491,8.450979232788086
16492,9.815295219421387
16493,6.897730827331543
16494,1.7649000883102417
16495,5.602406024932861
16496,34.33100891113281
16497,9.073734283447266
16498,4.613831520080566
16499,9.917276382446289
16500,10.313289642333984
16501,6.789936065673828
16502,14.509961128234863
16503,9.701757431030273
16504,8.211130142211914
16505,5.961318492889404
16506,5.349675178527832
16507,10.12977409362793
16508,25.740259170532227
16509,23.97554588317871
16510,13.399453163146973
16511,7.025820732116699
16512,4.930926322937012
16513,3.6806726455688477
16514,3.3493168354034424
16515,3.1941561698913574
16516,3.106907606124878
16517,17.48873519897461
16518,25.461286544799805
16519,15.123811721801758
16520,8.715677261352539
16521,6.854729652404785
16522,5.597471714019775
16523,5.305593013763428
16524,5.160116195678711
16525,5.0448102951049805
16526,30.65717315673828
16527,20.34910011291504
16528,12.841241836547852
16529,9.913698196411133
16530,8.588056564331055
16531,8.086465835571289
16532,7.765676498413086
16533,7.739743232727051
16534,30.998764038085938
16535,20.579206466674805
16536,12.913562774658203
16537,9.959815979003906
16538,8.59843635559082
16539,8.14234733581543
16540,7.8231730461120605
16541,7.814516067504883
16542,107.69938659667969
16543,9.739416122436523
16544,9.107879638671875
16545,12.041444778442383
16546,8.34916877746582
16547,27.40629768371582
16548,6.267246723175049
16549,2.386160373687744
16550,10.002361297607422
16551,7.675820827484131
16552,4.6401190757751465
16553,4.005914211273193
16554,3.5872011184692383
16555,3.444748640060425
16556,9.662796020507812
16557,6.009146213531494
16558,5.472820281982422
16559,5.269730091094971
16560,5.251283645629883
16561,11.4068603515625
16562,7.284040451049805
16563,6.087652206420898
16564,5.5873517990112305
16565,5.369661331176758
16566,6.230745792388916
16567,3.4936954975128174
16568,3.136279344558716
16569,2.9587249755859375
16570,8.647382736206055
16571,5.412757396697998
16572,4.540904521942139
16573,4.140340328216553
16574,3.975151538848877
16575,9.505314826965332
16576,6.150946140289307
16577,5.1145710945129395
16578,4.621304512023926
16579,4.426488399505615
16580,10.881567001342773
16581,6.889448165893555
16582,5.695480823516846
16583,5.147917747497559
16584,4.87037467956543
16585,8.903189659118652
16586,5.669203281402588
16587,4.8247833251953125
16588,4.34963321685791
16589,4.154236793518066
16590,8.47197437286377
16591,5.600367546081543
16592,5.282817840576172
16593,5.080894470214844
16594,5.0327582359313965
16595,6.886368751525879
16596,3.7054004669189453
16597,3.001116991043091
16598,2.5765106678009033
16599,2.4161572456359863
16600,6.742359638214111
16601,3.763232469558716
16602,3.1303939819335938
16603,2.8081936836242676
16604,2.6562747955322266
16605,10.952011108398438
16606,6.981053352355957
16607,5.870216369628906
16608,5.297848224639893
16609,5.033332824707031
16610,9.73105525970459
16611,6.24545431137085
16612,5.228432655334473
16613,4.863805770874023
16614,4.669848918914795
16615,9.833089828491211
16616,6.473852157592773
16617,5.489371299743652
16618,5.011838912963867
16619,4.8291425704956055
16620,10.650874137878418
16621,6.9274678230285645
16622,5.9116411209106445
16623,8.764805793762207
16624,5.840153694152832
16625,5.265120029449463
16626,10.625202178955078
16627,6.867053508758545
16628,5.583799839019775
16629,5.16943359375
16630,4.8871283531188965
16631,7.89705228805542
16632,5.190586090087891
16633,4.419005870819092
16634,4.127516746520996
16635,3.978114604949951
16636,7.419497489929199
16637,4.327545642852783
16638,3.6940183639526367
16639,3.2870965003967285
16640,3.118044137954712
16641,8.34157657623291
16642,5.646623134613037
16643,4.858133316040039
16644,4.27264404296875
16645,4.110595226287842
16646,7.343470096588135
16647,4.643590927124023
16648,3.885927200317383
16649,3.4358925819396973
16650,3.258678436279297
16651,10.499067306518555
16652,6.6512579917907715
16653,5.568728446960449
16654,5.254993915557861
16655,5.083588123321533
16656,7.396456718444824
16657,4.676082611083984
16658,4.423966407775879
16659,4.190171718597412
16660,4.139745235443115
16661,9.740691184997559
16662,6.031569480895996
16663,4.854174613952637
16664,4.529781818389893
16665,4.318305969238281
16666,8.757759094238281
16667,5.561311721801758
16668,4.859914779663086
16669,4.478053569793701
16670,4.279329299926758
16671,29.790630340576172
16672,17.507450103759766
16673,9.94123363494873
16674,7.291753768920898
16675,5.910366058349609
16676,5.537039756774902
16677,5.363588809967041
16678,5.257354736328125
16679,22.471797943115234
16680,12.660865783691406
16681,6.737987518310547
16682,4.825407028198242
16683,3.651888847351074
16684,3.3170478343963623
16685,3.1910831928253174
16686,3.101252794265747
16687,3.65903377532959
16688,5.7408294677734375
16689,29.94509506225586
16690,20.369474411010742
16691,13.504979133605957
16692,11.49892520904541
16693,10.583110809326172
16694,9.76762866973877
16695,9.298589706420898
16696,9.037474632263184
16697,9.720004081726074
16698,8.662897109985352
16699,9.546130180358887
16700,26.829614639282227
16701,16.772289276123047
16702,11.07551097869873
16703,8.952248573303223
16704,7.745166778564453
16705,7.5037841796875
16706,7.331365585327148
16707,7.24198579788208
16708,28.06209945678711
16709,17.5382137298584
16710,11.555220603942871
16711,9.471078872680664
16712,8.060076713562012
16713,7.84028959274292
16714,7.6766676902771
16715,7.57505989074707
16716,50.463558197021484
16717,11.76064682006836
16718,2.4147908687591553
16719,11.958081245422363
16720,10.013484954833984
16721,8.654987335205078
16722,7.549747943878174
16723,6.66818904876709
16724,17.052112579345703
16725,11.227764129638672
16726,9.757880210876465
16727,8.243989944458008
16728,12.2255220413208
16729,10.591667175292969
16730,9.205961227416992
16731,7.427804470062256
16732,3.36430025100708
16733,3.0218093395233154
16734,21.29538345336914
16735,26.24651527404785
16736,6.055202960968018
16737,2.026803731918335
16738,3.064260244369507
16739,16.005720138549805
16740,23.90581703186035
16741,13.671548843383789
16742,7.757655620574951
16743,5.780258655548096
16744,4.603549480438232
16745,4.346242904663086
16746,4.235596656799316
16747,4.141441822052002
16748,20.402128219604492
16749,3.783127784729004
16750,21.869949340820312
16751,24.638259887695312
16752,14.325819969177246
16753,8.203554153442383
16754,6.247067928314209
16755,5.103507041931152
16756,4.824476718902588
16757,4.672345161437988
16758,4.581866264343262
16759,22.65541648864746
16760,12.721807479858398
16761,6.803802967071533
16762,4.7773661613464355
16763,3.4663758277893066
16764,3.210325241088867
16765,3.1106245517730713
16766,3.024183988571167
16767,4.7782440185546875
16768,31.305221557617188
16769,18.02077293395996
16770,10.160985946655273
16771,7.537302494049072
16772,5.979858875274658
16773,5.670845031738281
16774,5.5987396240234375
16775,5.468428611755371
16776,14.99163818359375
16777,15.095818519592285
16778,13.474072456359863
16779,23.205692291259766
16780,18.354623794555664
16781,22.64332389831543
16782,13.081244468688965
16783,7.234699249267578
16784,5.403018474578857
16785,4.185506820678711
16786,3.8767037391662598
16787,3.723383903503418
16788,3.6387345790863037
16789,22.64332389831543
16790,13.081244468688965
16791,7.234699249267578
16792,5.403018474578857
16793,4.185506820678711
16794,3.8767037391662598
16795,3.723383903503418
16796,3.6387345790863037
16797,28.655364990234375
16798,17.174545288085938
16799,10.595954895019531
16800,8.443029403686523
16801,7.115790843963623
16802,6.755950450897217
16803,6.606993675231934
16804,6.519076824188232
16805,45.34162139892578
16806,28.430255889892578
16807,19.1396484375
16808,16.345565795898438
16809,14.828008651733398
16810,14.571876525878906
16811,14.312705039978027
16812,14.134132385253906
16813,30.25698471069336
16814,18.034809112548828
16815,10.986346244812012
16816,8.956829071044922
16817,7.901525974273682
16818,7.550384521484375
16819,7.374936580657959
16820,7.357237815856934
16821,21.11734390258789
16822,11.757440567016602
16823,5.974528789520264
16824,3.9969000816345215
16825,2.816115617752075
16826,2.454986810684204
16827,2.308908462524414
16828,2.231625556945801
16829,19.86811065673828
16830,10.878192901611328
16831,5.348493576049805
16832,3.4539477825164795
16833,2.3732175827026367
16834,2.0061304569244385
16835,1.8380894660949707
16836,1.7490391731262207
16837,67.47042846679688
16838,27.27281951904297
16839,17.344728469848633
16840,13.008162498474121
16841,10.812887191772461
16842,16.28069305419922
16843,9.039432525634766
16844,4.489587306976318
16845,2.9313766956329346
16846,1.9118589162826538
16847,1.7240986824035645
16848,1.645788550376892
16849,20.397720336914062
16850,11.05186939239502
16851,5.407266616821289
16852,3.463289976119995
16853,2.3084328174591064
16854,1.958961009979248
16855,1.8091191053390503
16856,1.7448399066925049
16857,18.248764038085938
16858,10.339385032653809
16859,5.037566184997559
16860,3.3839128017425537
16861,2.4322004318237305
16862,2.174971103668213
16863,2.0630745887756348
16864,2.0085370540618896
16865,17.727561950683594
16866,10.204434394836426
16867,5.110751152038574
16868,3.4240055084228516
16869,2.3638246059417725
16870,2.111048698425293
16871,2.0407049655914307
16872,1.984082579612732
16873,20.158218383789062
16874,10.907574653625488
16875,5.31953239440918
16876,3.416813850402832
16877,2.2784550189971924
16878,1.9572347402572632
16879,1.815058708190918
16880,1.7344228029251099
16881,24.293262481689453
16882,13.823427200317383
16883,7.559530258178711
16884,5.554960250854492
16885,4.397095203399658
16886,4.050146579742432
16887,3.9126157760620117
16888,3.819905996322632
16889,23.023832321166992
16890,12.970306396484375
16891,6.92811393737793
16892,4.89091682434082
16893,3.7131967544555664
16894,3.384082794189453
16895,3.24210262298584
16896,3.1538844108581543
16897,21.062946319580078
16898,11.29764175415039
16899,6.044512748718262
16900,4.0088210105896
16901,2.80142879486084
16902,2.4889111518859863
16903,2.385300636291504
16904,2.2994775772094727
16905,29.775068283081055
16906,17.844919204711914
16907,10.644905090332031
16908,8.505078315734863
16909,6.8897600173950195
16910,6.493778705596924
16911,6.300137996673584
16912,6.217764854431152
16913,20.59108543395996
16914,22.37330436706543
16915,12.428178787231445
16916,6.464054107666016
16917,4.484490394592285
16918,3.2979390621185303
16919,2.985917091369629
16920,2.8431191444396973
16921,2.7528109550476074
16922,22.05904769897461
16923,12.540827751159668
16924,6.656744003295898
16925,4.8792948722839355
16926,3.7255873680114746
16927,3.390897035598755
16928,3.260554075241089
16929,3.152517080307007
16930,28.044254302978516
16931,16.741628646850586
16932,9.750685691833496
16933,7.56399393081665
16934,6.080677509307861
16935,5.726955890655518
16936,5.5630693435668945
16937,5.4521002769470215
16938,12.961653709411621
16939,10.628097534179688
16940,9.233857154846191
16941,27.713350296020508
16942,16.665502548217773
16943,14.897292137145996
16944,13.834846496582031
16945,21.678821563720703
16946,12.11960220336914
16947,6.361456394195557
16948,4.349268913269043
16949,3.2137351036071777
16950,2.882528305053711
16951,2.7114038467407227
16952,2.653559923171997
16953,20.630775451660156
16954,11.170125961303711
16955,5.503416538238525
16956,3.5409345626831055
16957,2.344111204147339
16958,2.012700080871582
16959,1.8667081594467163
16960,1.800071358680725
16961,1.681191325187683
16962,26.226322174072266
16963,15.312347412109375
16964,8.957735061645508
16965,6.349880218505859
16966,5.06943941116333
16967,4.691305160522461
16968,4.51371431350708
16969,4.35426664352417
16970,10.606040000915527
16971,10.179719924926758
16972,7.964636325836182
16973,21.10211181640625
16974,12.445853233337402
16975,11.002218246459961
16976,10.000703811645508
16977,16.641475677490234
16978,26.199748992919922
16979,16.770170211791992
16980,36.800880432128906
16981,28.385364532470703
16982,23.37657356262207
16983,17.69781494140625
16984,16.40569305419922
16985,13.450692176818848
16986,9.741048812866211
16987,8.256499290466309
16988,7.424224853515625
16989,21.182937622070312
16990,16.546865463256836
16991,14.825267791748047
16992,12.98441219329834
16993,28.315673828125
16994,16.884349822998047
16995,9.778989791870117
16996,7.3672895431518555
16997,6.144399642944336
16998,5.740994930267334
16999,5.545804023742676
17000,5.397219657897949
17001,13.826457977294922
17002,10.262975692749023
17003,9.656532287597656
17004,8.568429946899414
17005,6.745175838470459
17006,6.5923967361450195
17007,23.30710220336914
17008,15.236391067504883
17009,30.00304412841797
17010,17.935077667236328
17011,10.330448150634766
17012,7.987697601318359
17013,6.523509979248047
17014,6.121269702911377
17015,5.936043739318848
17016,5.8089118003845215
17017,27.841222763061523
17018,16.536453247070312
17019,9.59142017364502
17020,7.384664535522461
17021,5.962071895599365
17022,5.578850746154785
17023,5.390146255493164
17024,5.257852554321289
17025,11.459202766418457
17026,22.638032913208008
17027,12.94000244140625
17028,6.888879299163818
17029,4.95872163772583
17030,3.7639288902282715
17031,3.4291892051696777
17032,3.2987303733825684
17033,3.207127094268799
17034,37.70781326293945
17035,23.888813018798828
17036,63.00457763671875
17037,42.15129852294922
17038,15.236067771911621
17039,13.092376708984375
17040,11.85240364074707
17041,11.747468948364258
17042,13.658792495727539
17043,27.404220581054688
17044,16.096149444580078
17045,9.226211547851562
17046,7.00103759765625
17047,5.58664608001709
17048,5.221426010131836
17049,5.042854309082031
17050,4.908843040466309
17051,28.31565284729004
17052,16.6519775390625
17053,9.61731243133545
17054,7.394477844238281
17055,5.93200159072876
17056,5.5716471672058105
17057,5.410074234008789
17058,5.3038859367370605
17059,8.542256355285645
17060,6.002962589263916
17061,19.029342651367188
17062,12.73746395111084
17063,10.665910720825195
17064,10.656048774719238
17065,8.302227020263672
17066,8.277198791503906
17067,28.113130569458008
17068,16.372806549072266
17069,9.355801582336426
17070,6.8512864112854
17071,5.627133369445801
17072,5.319003582000732
17073,5.207133769989014
17074,5.112788677215576
17075,46.999698638916016
17076,21.207326889038086
17077,13.85295581817627
17078,13.105430603027344
17079,40.432498931884766
17080,21.480472564697266
17081,19.45594024658203
17082,6.254960060119629
17083,46.53986740112305
17084,30.908241271972656
17085,21.279916763305664
17086,19.781396865844727
17087,20.7971134185791
17088,11.249226570129395
17089,5.520428657531738
17090,3.543935775756836
17091,2.351818799972534
17092,1.9981493949890137
17093,1.8523755073547363
17094,1.7816929817199707
17095,12.687736511230469
17096,11.280147552490234
17097,10.79806137084961
17098,27.723724365234375
17099,16.153778076171875
17100,9.250829696655273
17101,6.769168853759766
17102,5.556574821472168
17103,5.202402114868164
17104,5.047735214233398
17105,4.9468841552734375
17106,21.90300941467285
17107,11.767778396606445
17108,5.982088565826416
17109,3.8249242305755615
17110,2.6310322284698486
17111,2.271974802017212
17112,2.128763437271118
17113,2.0690367221832275
17114,23.70612335205078
17115,12.74135971069336
17116,6.512843608856201
17117,4.17830228805542
17118,2.888702869415283
17119,2.508537530899048
17120,2.35784649848938
17121,2.304910659790039
17122,20.502391815185547
17123,11.620413780212402
17124,6.054275035858154
17125,4.159074783325195
17126,3.0552926063537598
17127,2.6969518661499023
17128,2.5659754276275635
17129,2.4771640300750732
17130,22.572179794311523
17131,12.72216796875
17132,6.822811126708984
17133,4.9266438484191895
17134,3.830331325531006
17135,3.541957378387451
17136,3.4068994522094727
17137,3.3405959606170654
17138,21.127487182617188
17139,11.648279190063477
17140,5.98215389251709
17141,4.017194747924805
17142,2.8763439655303955
17143,2.551865339279175
17144,2.3897347450256348
17145,2.31408429145813
17146,21.127487182617188
17147,11.648279190063477
17148,5.98215389251709
17149,4.017194747924805
17150,2.8763439655303955
17151,2.551865339279175
17152,2.3897347450256348
17153,2.31408429145813
17154,21.478023529052734
17155,12.071978569030762
17156,6.31195592880249
17157,4.383230209350586
17158,3.2922825813293457
17159,2.9671173095703125
17160,2.8292593955993652
17161,2.7465782165527344
17162,21.14257049560547
17163,11.843525886535645
17164,6.101180076599121
17165,4.114852428436279
17166,3.059030771255493
17167,2.7205216884613037
17168,2.580270290374756
17169,2.4991769790649414
17170,21.28529930114746
17171,11.9357328414917
17172,6.211841583251953
17173,4.260687351226807
17174,3.185765027999878
17175,2.8642520904541016
17176,2.6832473278045654
17177,2.6114683151245117
17178,20.92403221130371
17179,11.793478012084961
17180,6.1253862380981445
17181,4.224587917327881
17182,3.128359317779541
17183,2.775846242904663
17184,2.640242338180542
17185,2.569092273712158
17186,27.188371658325195
17187,16.59807586669922
17188,10.689051628112793
17189,8.253846168518066
17190,7.002350807189941
17191,6.695274353027344
17192,6.503222942352295
17193,6.360166072845459
17194,21.71336555480957
17195,12.300712585449219
17196,6.536687850952148
17197,4.526449203491211
17198,3.402466297149658
17199,3.039454460144043
17200,2.902853488922119
17201,2.8370108604431152
17202,21.6657772064209
17203,12.085713386535645
17204,6.473289966583252
17205,4.424862861633301
17206,3.226656198501587
17207,2.9014315605163574
17208,2.7506332397460938
17209,2.6924550533294678
17210,20.849742889404297
17211,11.160565376281738
17212,5.407483100891113
17213,3.466947555541992
17214,2.2869436740875244
17215,1.944812536239624
17216,1.7992569208145142
17217,1.7189027070999146
17218,20.62792205810547
17219,11.128223419189453
17220,5.41910982131958
17221,3.472188949584961
17222,2.300431966781616
17223,1.9799729585647583
17224,1.8435771465301514
17225,1.7619764804840088
17226,26.929540634155273
17227,15.978967666625977
17228,9.588759422302246
17229,7.3131208419799805
17230,5.896171569824219
17231,5.483015060424805
17232,5.277950763702393
17233,5.191118240356445
17234,25.970684051513672
17235,15.423070907592773
17236,9.322134017944336
17237,7.151949405670166
17238,5.724597454071045
17239,5.328961372375488
17240,5.148646354675293
17241,5.107365608215332
17242,20.245521545410156
17243,10.993066787719727
17244,5.329044818878174
17245,3.3962011337280273
17246,2.2869694232940674
17247,1.92684006690979
17248,1.7912416458129883
17249,1.7143446207046509
17250,21.261735916137695
17251,11.762974739074707
17252,6.068948268890381
17253,4.07693338394165
17254,2.9760072231292725
17255,2.6546406745910645
17256,2.4930615425109863
17257,2.419753313064575
17258,21.859954833984375
17259,12.35971736907959
17260,6.47383975982666
17261,4.775745391845703
17262,3.6221439838409424
17263,3.2680554389953613
17264,3.114210367202759
17265,3.016904592514038
17266,27.229036331176758
17267,16.60281753540039
17268,10.563508987426758
17269,8.125986099243164
17270,6.930651664733887
17271,6.604991436004639
17272,6.424872875213623
17273,6.293103218078613
17274,21.323627471923828
17275,11.821212768554688
17276,6.144833564758301
17277,4.1517744064331055
17278,3.034121513366699
17279,2.7055087089538574
17280,2.551586627960205
17281,2.4824535846710205
17282,21.207799911499023
17283,11.823869705200195
17284,6.106749057769775
17285,4.202752590179443
17286,3.068906545639038
17287,2.7520296573638916
17288,2.609323501586914
17289,2.5261683464050293
17290,20.760568618774414
17291,11.45616340637207
17292,5.711557865142822
17293,3.7681925296783447
17294,2.634629011154175
17295,2.288991689682007
17296,2.1506597995758057
17297,2.070348024368286
17298,21.09058380126953
17299,11.624025344848633
17300,5.776584625244141
17301,3.795396089553833
17302,2.6908230781555176
17303,2.3275556564331055
17304,2.182478427886963
17305,2.1037278175354004
17306,21.570537567138672
17307,12.025107383728027
17308,6.329472064971924
17309,4.322906970977783
17310,3.2372937202453613
17311,2.8947031497955322
17312,2.7425718307495117
17313,2.6815104484558105
17314,21.764738082885742
17315,12.165766716003418
17316,6.435585975646973
17317,4.456564903259277
17318,3.3786230087280273
17319,3.0645945072174072
17320,2.898453950881958
17321,2.8323724269866943
17322,20.432819366455078
17323,11.182287216186523
17324,5.586835861206055
17325,3.6515867710113525
17326,2.500211715698242
17327,2.1680123805999756
17328,2.029245138168335
17329,1.963409185409546
17330,22.123870849609375
17331,12.504959106445312
17332,6.61028528213501
17333,4.567995071411133
17334,3.4962809085845947
17335,3.141110420227051
17336,3.013911008834839
17337,2.9456191062927246
17338,21.30792999267578
17339,11.781685829162598
17340,6.086784839630127
17341,4.114873886108398
17342,2.997258424758911
17343,2.6696033477783203
17344,2.514106512069702
17345,2.444366455078125
17346,22.78482437133789
17347,12.838712692260742
17348,6.909922122955322
17349,4.932086944580078
17350,3.483234405517578
17351,3.1222872734069824
17352,2.9551661014556885
17353,2.8605828285217285
17354,21.609041213989258
17355,12.102725982666016
17356,6.4341959953308105
17357,4.5762457847595215
17358,3.2270870208740234
17359,2.922489643096924
17360,2.8078973293304443
17361,2.7505974769592285
17362,21.171627044677734
17363,11.728949546813965
17364,6.005588054656982
17365,4.032240867614746
17366,2.8555238246917725
17367,2.5332746505737305
17368,2.376737117767334
17369,2.303759813308716
17370,21.441434860229492
17371,11.904056549072266
17372,6.20596981048584
17373,4.218417167663574
17374,3.1128475666046143
17375,2.802159070968628
17376,2.645705461502075
17377,2.5661983489990234
17378,20.519359588623047
17379,11.07098388671875
17380,5.404606342315674
17381,3.433353900909424
17382,2.2796757221221924
17383,1.9424525499343872
17384,1.801597237586975
17385,1.7325639724731445
17386,21.85204315185547
17387,12.30390453338623
17388,6.355796813964844
17389,4.377625465393066
17390,3.263901948928833
17391,2.9490156173706055
17392,2.79460072517395
17393,2.7201569080352783
17394,20.19388771057129
17395,11.123634338378906
17396,5.569974899291992
17397,3.6038081645965576
17398,2.5953001976013184
17399,2.2274816036224365
17400,2.0868654251098633
17401,1.9977437257766724
17402,21.63755989074707
17403,12.178120613098145
17404,6.344919204711914
17405,4.331994533538818
17406,3.2357215881347656
17407,2.890798330307007
17408,2.7530949115753174
17409,2.673248767852783
17410,21.958261489868164
17411,12.398361206054688
17412,6.557061195373535
17413,4.5971360206604
17414,3.4885525703430176
17415,3.1607210636138916
17416,3.0203962326049805
17417,2.944089412689209
17418,19.877573013305664
17419,10.840413093566895
17420,5.363624095916748
17421,3.435173988342285
17422,2.4024434089660645
17423,2.0420901775360107
17424,1.9010931253433228
17425,1.8151025772094727
17426,21.691801071166992
17427,12.027900695800781
17428,6.135213851928711
17429,4.120000839233398
17430,3.001607656478882
17431,2.621678113937378
17432,2.487020492553711
17433,2.4166958332061768
17434,21.185474395751953
17435,12.000051498413086
17436,6.359675407409668
17437,4.4303669929504395
17438,3.3388285636901855
17439,2.9587490558624268
17440,2.811138868331909
17441,2.7397279739379883
17442,21.185619354248047
17443,11.811663627624512
17444,6.273050308227539
17445,4.382953643798828
17446,3.0209553241729736
17447,2.7422969341278076
17448,2.6300747394561768
17449,2.5756266117095947
17450,104.10657501220703
17451,63.17082595825195
17452,47.14480209350586
17453,41.71778106689453
17454,36.96406936645508
17455,22.18663215637207
17456,12.412802696228027
17457,6.5418877601623535
17458,4.663323402404785
17459,3.5969297885894775
17460,3.274428129196167
17461,3.1453628540039062
17462,3.05391526222229
17463,22.352205276489258
17464,12.49477767944336
17465,6.604034900665283
17466,4.686928749084473
17467,3.5813632011413574
17468,3.2651779651641846
17469,3.131216526031494
17470,3.039541244506836
17471,20.552043914794922
17472,11.391758918762207
17473,5.778524875640869
17474,3.873584747314453
17475,2.7913496494293213
17476,2.459003448486328
17477,2.323983907699585
17478,2.256891965866089
17479,2.6399567127227783
17480,22.70863914489746
17481,12.582148551940918
17482,6.367688179016113
17483,4.26664400100708
17484,3.0980520248413086
17485,2.7263152599334717
17486,2.563145160675049
17487,2.5064613819122314
17488,2.1298165321350098
17489,3.2076213359832764
17490,2.549593687057495
17491,1.6762516498565674
17492,2.1243107318878174
17493,3.2108354568481445
17494,6.279738903045654
17495,2.1267919540405273
17496,25.46875
17497,6.617341041564941
17498,2.701476573944092
17499,7.269129276275635
17500,4.112827301025391
17501,4.34027099609375
17502,3.1024329662323
17503,2.4801177978515625
17504,2.182046413421631
17505,25.49580192565918
17506,6.1910624504089355
17507,2.237551689147949
17508,2.722350835800171
17509,2.03629732131958
17510,1.7332603931427002
17511,2.4997751712799072
17512,2.5791220664978027
17513,2.1925954818725586
17514,4.8348822593688965
17515,4.777130126953125
17516,5.326820373535156
17517,4.767743110656738
17518,4.186471939086914
17519,6.866504192352295
17520,6.613310813903809
17521,6.9648118019104
17522,4.7894511222839355
17523,3.203338146209717
17524,2.4450430870056152
17525,2.0613253116607666
17526,20.989036560058594
17527,11.39931869506836
17528,5.637292385101318
17529,3.6385889053344727
17530,2.4812512397766113
17531,2.1519670486450195
17532,2.0039381980895996
17533,1.9346263408660889
17534,1.6117078065872192
17535,7.623286724090576
17536,5.695151329040527
17537,5.018655300140381
17538,2.504761219024658
17539,10.911648750305176
17540,2.0491230487823486
17541,137.83865356445312
17542,28.87754249572754
17543,9.820515632629395
17544,5.274081707000732
17545,2.1517221927642822
17546,2.3218231201171875
17547,22.848064422607422
17548,24.290660858154297
17549,4.630711555480957
17550,5.4754838943481445
17551,1.895669937133789
17552,1.8747652769088745
17553,1.532426118850708
17554,1.4587509632110596
17555,1.291489601135254
17556,1.1965991258621216
17557,1.135681390762329
17558,4.8636474609375
17559,2.8847665786743164
17560,4.622590065002441
17561,7.519234657287598
17562,3.9317259788513184
17563,3.92592191696167
17564,3.8325300216674805
17565,10.348295211791992
17566,7.941961765289307
17567,7.539139747619629
17568,6.6555891036987305
17569,4.505294322967529
17570,2.6966569423675537
17571,21.00977325439453
17572,11.510396957397461
17573,5.739102840423584
17574,3.742077589035034
17575,2.651562452316284
17576,2.2785189151763916
17577,2.130580425262451
17578,2.053936719894409
17579,6.4665679931640625
17580,4.382515907287598
17581,4.385728359222412
17582,2.7331559658050537
17583,1.9154608249664307
17584,1.738029956817627
17585,1.6630430221557617
17586,1.4355988502502441
17587,72.16215515136719
17588,43.8995246887207
17589,33.47386169433594
17590,27.88621711730957
17591,21.799312591552734
17592,1.5455580949783325
17593,9.021932601928711
17594,7.053873062133789
17595,6.567862510681152
17596,19.985157012939453
17597,10.751407623291016
17598,5.229199409484863
17599,3.353529214859009
17600,2.2004740238189697
17601,1.8776072263717651
17602,1.740187168121338
17603,1.666812539100647
17604,5.512547492980957
17605,8.45552921295166
17606,22.87120819091797
17607,12.79644775390625
17608,6.618929386138916
17609,4.430290699005127
17610,3.216111183166504
17611,2.821490526199341
17612,2.6795406341552734
17613,2.596419334411621
17614,20.080184936523438
17615,11.182229995727539
17616,5.627296447753906
17617,3.8169329166412354
17618,2.8088908195495605
17619,2.502821683883667
17620,2.3845067024230957
17621,2.305115222930908
17622,20.065473556518555
17623,11.13918685913086
17624,5.614099502563477
17625,3.84456467628479
17626,2.816760778427124
17627,2.5056824684143066
17628,2.3811194896698
17629,2.2988526821136475
17630,20.02855682373047
17631,11.100555419921875
17632,5.575423717498779
17633,3.801445245742798
17634,2.7653961181640625
17635,2.4645190238952637
17636,2.3361423015594482
17637,2.256823778152466
17638,20.230649948120117
17639,11.236797332763672
17640,5.6601104736328125
17641,3.826878070831299
17642,2.8060755729675293
17643,2.4921908378601074
17644,2.3620681762695312
17645,2.2835488319396973
17646,12.203624725341797
17647,3.294631004333496
17648,12.168550491333008
17649,19.77729034423828
17650,19.232982635498047
17651,5.602509021759033
17652,5.0244011878967285
17653,4.789334297180176
17654,13.103574752807617
17655,30.846643447875977
17656,7.90424919128418
17657,3.4258110523223877
17658,30.820220947265625
17659,7.766489505767822
17660,3.2495474815368652
17661,30.6306095123291
17662,7.741703987121582
17663,3.1881892681121826
17664,31.85853385925293
17665,7.668795585632324
17666,3.2827112674713135
17667,8.321287155151367
17668,15.568445205688477
17669,5.650275230407715
17670,0.7505834698677063
17671,2.0081543922424316
17672,0.9491027593612671
17673,68.94242095947266
17674,19.326204299926758
17675,11.93280029296875
17676,7.10924768447876
17677,5.08107852935791
17678,34.9156379699707
17679,8.434957504272461
17680,3.5946834087371826
17681,23.624666213989258
17682,5.7744574546813965
17683,4.759757041931152
17684,4.145788669586182
17685,3.1947128772735596
17686,1.656665325164795
17687,23.34725570678711
17688,3.9548873901367188
17689,6.663255214691162
17690,35.85518264770508
17691,9.20581340789795
17692,3.4264605045318604
17693,11.160341262817383
17694,14.981709480285645
17695,10.911900520324707
17696,16.857624053955078
17697,11.81692886352539
17698,10.121156692504883
17699,9.01407241821289
17700,36.626678466796875
17701,25.473716735839844
17702,2.873314142227173
17703,3.7050089836120605
17704,39.3481330871582
17705,14.701663970947266
17706,14.701663970947266
17707,31.393503189086914
17708,8.174179077148438
17709,3.2929461002349854
17710,1.2712658643722534
17711,15.518741607666016
17712,11.247100830078125
17713,9.855156898498535
17714,9.04310417175293
17715,9.928218841552734
17716,7.014646530151367
17717,6.8368425369262695
17718,6.104218006134033
17719,7.645170211791992
17720,6.224236488342285
17721,5.484485626220703
17722,5.114090919494629
17723,8.686189651489258
17724,8.97108268737793
17725,5.779017448425293
17726,20.179079055786133
17727,0.7457100749015808
17728,2.5738697052001953
17729,2.362260341644287
17730,0.9106777310371399
17731,12.154388427734375
17732,10.973533630371094
17733,8.18790340423584
17734,7.269482135772705
17735,6.405182361602783
17736,4.4468770027160645
17737,33.93513488769531
17738,7.698370933532715
17739,2.5743374824523926
17740,11.828413963317871
17741,37.59511947631836
17742,17.716398239135742
17743,5.0682830810546875
17744,4.613229751586914
17745,46.98987579345703
17746,5.773577690124512
17747,12.934141159057617
17748,17.06290626525879
17749,18.5533447265625
17750,11.531185150146484
17751,11.324491500854492
17752,10.784591674804688
17753,10.060150146484375
17754,9.893173217773438
17755,12.625286102294922
17756,26.272106170654297
17757,231.2286376953125
17758,49.34346389770508
17759,132.26806640625
17760,6.909993648529053
17761,10.287497520446777
17762,8.174275398254395
17763,6.986725330352783
17764,6.547283172607422
17765,14.503070831298828
17766,29.995586395263672
17767,7.751399993896484
17768,3.6763968467712402
17769,31.82965087890625
17770,8.455774307250977
17771,4.109567165374756
17772,11.188136100769043
17773,9.892273902893066
17774,23.585750579833984
17775,13.02912712097168
17776,6.7227654457092285
17777,4.673565864562988
17778,3.429405689239502
17779,3.0992753505706787
17780,2.9418723583221436
17781,2.8608906269073486
17782,10.830734252929688
17783,7.119050025939941
17784,6.199110984802246
17785,4.342049598693848
17786,2.5259687900543213
17787,30.5721492767334
17788,5.758795261383057
17789,2.496345043182373
17790,2.3300416469573975
17791,45.23141098022461
17792,59.48583221435547
17793,15.771727561950684
17794,10.389031410217285
17795,8.927447319030762
17796,6.48916482925415
17797,5.257443428039551
17798,36.01744079589844
17799,10.161706924438477
17800,5.29878568649292
17801,4.213080406188965
17802,4.751136302947998
17803,9.673986434936523
17804,3.9789583683013916
17805,31.6616153717041
17806,7.291197299957275
17807,2.720698118209839
17808,12.572929382324219
17809,38.977577209472656
17810,10.832183837890625
17811,5.053452968597412
17812,33.898399353027344
17813,10.036717414855957
17814,4.579165458679199
17815,32.128787994384766
17816,8.841845512390137
17817,4.448777675628662
17818,5.654806137084961
17819,9.513731002807617
17820,12.083608627319336
17821,5.667733669281006
17822,6.663667678833008
17823,8.970749855041504
17824,12.965352058410645
17825,16.493066787719727
17826,30.652538299560547
17827,8.050042152404785
17828,3.8139264583587646
17829,30.31710433959961
17830,7.968820571899414
17831,3.789865732192993
17832,31.08904266357422
17833,8.263898849487305
17834,3.998164415359497
17835,30.929967880249023
17836,8.26414966583252
17837,3.9974706172943115
17838,25.24498176574707
17839,6.8353142738342285
17840,3.196366310119629
17841,31.024438858032227
17842,7.766304969787598
17843,3.6089837551116943
17844,8.628490447998047
17845,2.7921833992004395
17846,48.063697814941406
17847,8.467133522033691
17848,10.420969009399414
17849,6.346615791320801
17850,4.021490573883057
17851,3.5757102966308594
17852,3.2420246601104736
17853,2.864563226699829
17854,8.126784324645996
17855,30.4993953704834
17856,7.189236164093018
17857,2.992758274078369
17858,14.765085220336914
17859,8.21774959564209
17860,30.65760040283203
17861,24.088321685791016
17862,19.100126266479492
17863,13.574502944946289
17864,28.30736541748047
17865,7.382956027984619
17866,2.5027854442596436
17867,39.70112228393555
17868,1.7084224224090576
17869,46.71832275390625
17870,1.0652979612350464
17871,21.836870193481445
17872,12.071693420410156
17873,6.1981329917907715
17874,4.233915328979492
17875,3.0870752334594727
17876,2.7746481895446777
17877,2.630220651626587
17878,2.5115315914154053
17879,19.17943000793457
17880,7.82151460647583
17881,3.760026693344116
17882,31.17593002319336
17883,7.757247447967529
17884,3.2429356575012207
17885,65.84669494628906
17886,2.4812257289886475
17887,35.37434387207031
17888,9.537046432495117
17889,5.213874816894531
17890,29.523712158203125
17891,6.977038860321045
17892,2.230849504470825
17893,28.325517654418945
17894,6.711265563964844
17895,2.1103484630584717
17896,9.515802383422852
17897,429.2378234863281
17898,237.99093627929688
17899,165.410888671875
17900,137.61285400390625
17901,108.63754272460938
17902,37.209877014160156
17903,524.9494018554688
17904,292.9940185546875
17905,203.94046020507812
17906,172.06143188476562
17907,138.29656982421875
17908,38.93080139160156
17909,28.69175148010254
17910,16.881473541259766
17911,9.832046508789062
17912,7.422807693481445
17913,6.0592474937438965
17914,5.698932647705078
17915,5.52016019821167
17916,5.410403251647949
17917,27.82821273803711
17918,16.156757354736328
17919,9.295249938964844
17920,6.740668773651123
17921,5.455029487609863
17922,5.139326095581055
17923,4.952937602996826
17924,4.845553398132324
17925,15.46713638305664
17926,46.357269287109375
17927,28.435894012451172
17928,27.682987213134766
17929,32.78312301635742
17930,9.653481483459473
17931,4.342970848083496
17932,34.40524673461914
17933,8.49951171875
17934,3.4485645294189453
17935,2.9941322803497314
17936,1.5117528438568115
17937,3.1549291610717773
17938,3.705244541168213
17939,5.809988021850586
17940,20.64297866821289
17941,9.155117988586426
17942,11.175795555114746
17943,169.12850952148438
17944,6.580373764038086
17945,31.193078994750977
17946,7.262547969818115
17947,2.867877721786499
17948,34.17336654663086
17949,10.097016334533691
17950,4.692443370819092
17951,3.4236812591552734
17952,30.334325790405273
17953,6.909106731414795
17954,2.5129384994506836
17955,11.47618293762207
17956,5.919000625610352
17957,8.670029640197754
17958,1.8888224363327026
17959,2.474403142929077
17960,4.830252170562744
17961,4.209903717041016
17962,36.149444580078125
17963,9.534383773803711
17964,3.645542621612549
17965,29.51155662536621
17966,7.105474472045898
17967,2.4387481212615967
17968,33.5457763671875
17969,7.568334102630615
17970,2.4342658519744873
17971,2.1983633041381836
17972,7.289244174957275
17973,29.98346710205078
17974,7.639907360076904
17975,2.961345911026001
17976,29.91244888305664
17977,8.095526695251465
17978,3.4961130619049072
17979,29.53414535522461
17980,7.478704929351807
17981,3.105478525161743
17982,32.958553314208984
17983,8.172792434692383
17984,3.3538742065429688
17985,32.804473876953125
17986,8.313810348510742
17987,3.4638774394989014
17988,34.15767288208008
17989,9.006040573120117
17990,4.281035423278809
17991,30.325197219848633
17992,6.567290306091309
17993,1.9726793766021729
17994,23.320972442626953
17995,13.390562057495117
17996,7.5746941566467285
17997,5.818860054016113
17998,4.5667009353637695
17999,4.196903705596924
18000,4.0351433753967285
18001,3.9349238872528076
18002,33.44697952270508
18003,8.72593879699707
18004,3.973158597946167
18005,31.210498809814453
18006,6.923172473907471
18007,2.4087185859680176
18008,24.069000244140625
18009,6.089552402496338
18010,2.003897190093994
18011,25.109621047973633
18012,6.452799320220947
18013,2.216980457305908
18014,6.148604869842529
18015,4.882030963897705
18016,4.238325595855713
18017,3.666687488555908
18018,6.385406494140625
18019,25.221052169799805
18020,6.592507839202881
18021,2.292177677154541
18022,37.412837982177734
18023,10.82438850402832
18024,6.091294765472412
18025,33.92823791503906
18026,27.595741271972656
18027,16.152801513671875
18028,9.267416954040527
18029,7.147595405578613
18030,5.661818981170654
18031,5.2855072021484375
18032,5.097063064575195
18033,4.959837436676025
18034,28.54652976989746
18035,7.241175651550293
18036,3.0397865772247314
18037,9.908978462219238
18038,23.58626937866211
18039,53.0545654296875
18040,16.478822708129883
18041,10.516242027282715
18042,8.692289352416992
18043,6.165172576904297
18044,5.66916036605835
18045,17.81511688232422
18046,10.803526878356934
18047,9.37402057647705
18048,6.919848918914795
18049,5.7535858154296875
18050,4.801244258880615
18051,14.473920822143555
18052,8.984585762023926
18053,7.2760329246521
18054,5.786517143249512
18055,4.823017597198486
18056,22.883560180664062
18057,13.024540901184082
18058,11.02967357635498
18059,8.28800106048584
18060,6.611255645751953
18061,5.336777687072754
18062,61.0458869934082
18063,54.73217010498047
18064,10.478199005126953
18065,7.866512298583984
18066,6.24890661239624
18067,5.3452887535095215
18068,35.89457702636719
18069,42.06037139892578
18070,33.85380172729492
18071,9.74004077911377
18072,5.355165958404541
18073,33.979698181152344
18074,8.931706428527832
18075,4.7057785987854
18076,35.73986053466797
18077,19.91448211669922
18078,4.319995880126953
18079,20.146522521972656
18080,13.25657844543457
18081,10.585451126098633
18082,7.326627254486084
18083,5.876536846160889
18084,18.77056312561035
18085,12.42784309387207
18086,9.533258438110352
18087,6.48499059677124
18088,5.489291191101074
18089,20.75503158569336
18090,12.256977081298828
18091,10.140283584594727
18092,6.922532081604004
18093,5.496691703796387
18094,11.60942268371582
18095,8.697772026062012
18096,8.055399894714355
18097,6.9140167236328125
18098,1.940965175628662
18099,3.206787586212158
18100,1.1197283267974854
18101,3.7550761699676514
18102,3.3092830181121826
18103,46.236305236816406
18104,33.04035186767578
18105,10.441972732543945
18106,8.464277267456055
18107,8.135299682617188
18108,7.150799751281738
18109,14.938592910766602
18110,10.92430591583252
18111,9.094182968139648
18112,8.021910667419434
18113,2.2688241004943848
18114,1.9285048246383667
18115,6.243706226348877
18116,7.254880905151367
18117,7.59916877746582
18118,4.2308430671691895
18119,4.586285591125488
18120,4.029871940612793
18121,3.0747392177581787
18122,5.334109783172607
18123,2.926551103591919
18124,6.717617988586426
18125,10.672698020935059
18126,25.878549575805664
18127,6.285478115081787
18128,2.3647286891937256
18129,3.2821273803710938
18130,5.050512790679932
18131,4.722455978393555
18132,8.496564865112305
18133,3.912797451019287
18134,24.83758544921875
18135,32.996395111083984
18136,7.674168586730957
18137,2.7377281188964844
18138,32.772090911865234
18139,7.62017822265625
18140,2.8042874336242676
18141,10.940620422363281
18142,13.902388572692871
18143,9.91549301147461
18144,29.400970458984375
18145,6.716148853302002
18146,2.543602228164673
18147,29.400970458984375
18148,6.716148853302002
18149,2.543602228164673
18150,5.934299468994141
18151,32.994998931884766
18152,8.500065803527832
18153,4.015403747558594
18154,2.5652999877929688
18155,14.751707077026367
18156,9.05492877960205
18157,7.3746113777160645
18158,5.129438877105713
18159,4.972643852233887
18160,10.664722442626953
18161,12.423300743103027
18162,10.889445304870605
18163,9.926348686218262
18164,8.601494789123535
18165,28.921398162841797
18166,17.41294288635254
18167,10.894332885742188
18168,8.272915840148926
18169,7.122963905334473
18170,6.794929504394531
18171,6.651512145996094
18172,6.599171161651611
18173,40.948787689208984
18174,7.0155487060546875
18175,27.624427795410156
18176,42.49797439575195
18177,7.143094062805176
18178,29.226638793945312
18179,28.60020637512207
18180,76.5417251586914
18181,33.716827392578125
18182,7.930330276489258
18183,2.963465690612793
18184,30.238807678222656
18185,6.016543865203857
18186,1.643458366394043
18187,34.14698791503906
18188,7.837512969970703
18189,2.9313671588897705
18190,34.27934265136719
18191,8.390494346618652
18192,3.749871253967285
18193,9.695310592651367
18194,11.77410888671875
18195,5.4051408767700195
18196,5.3913774490356445
18197,4.895315647125244
18198,6.773069381713867
18199,25.684640884399414
18200,7.231179237365723
18201,3.3783628940582275
18202,10.524809837341309
18203,8.992758750915527
18204,30.787811279296875
18205,6.979913711547852
18206,2.566986083984375
18207,31.485260009765625
18208,8.407989501953125
18209,3.5605196952819824
18210,4.838669776916504
18211,15.896652221679688
18212,9.967307090759277
18213,8.431447982788086
18214,6.660033226013184
18215,5.653774261474609
18216,35.52573776245117
18217,7.927829265594482
18218,2.8056297302246094
18219,15.576133728027344
18220,30.406328201293945
18221,6.006808280944824
18222,1.626868486404419
18223,34.569313049316406
18224,8.478371620178223
18225,3.7629034519195557
18226,8.336627006530762
18227,9.409132957458496
18228,6.941928863525391
18229,6.809810638427734
18230,6.5303850173950195
18231,6.323753833770752
18232,5.439486980438232
18233,4.948963165283203
18234,4.433460235595703
18235,13.739160537719727
18236,2.430976629257202
18237,2.4403610229492188
18238,6.7460784912109375
18239,32.523704528808594
18240,8.095251083374023
18241,4.036883354187012
18242,4.5477399826049805
18243,4.184087753295898
18244,29.673625946044922
18245,6.660147666931152
18246,2.3733487129211426
18247,3.101208448410034
18248,8.187378883361816
18249,37.92033386230469
18250,9.481367111206055
18251,4.0210981369018555
18252,36.30974197387695
18253,8.997971534729004
18254,3.738537549972534
18255,1.2766491174697876
18256,18.809795379638672
18257,4.874089241027832
18258,3.4095072746276855
18259,3.8019542694091797
18260,7.590553283691406
18261,7.44193172454834
18262,5.8149800300598145
18263,3.409541368484497
18264,58.37716293334961
18265,15.823579788208008
18266,14.436182022094727
18267,34.61176300048828
18268,9.762986183166504
18269,4.355245590209961
18270,31.14607048034668
18271,8.10539436340332
18272,3.7284512519836426
18273,29.062604904174805
18274,17.39035987854004
18275,10.257871627807617
18276,8.087409973144531
18277,6.492159366607666
18278,6.11124324798584
18279,5.9074177742004395
18280,5.825164794921875
18281,30.352725982666016
18282,18.445039749145508
18283,11.902862548828125
18284,9.24035358428955
18285,7.458563327789307
18286,7.044686317443848
18287,6.777557373046875
18288,6.639519214630127
18289,33.231224060058594
18290,7.57366943359375
18291,2.8873777389526367
18292,2.9610495567321777
18293,35.265419006347656
18294,9.063390731811523
18295,3.302854299545288
18296,33.01374053955078
18297,9.252728462219238
18298,5.093770503997803
18299,26.27696990966797
18300,15.764856338500977
18301,9.375362396240234
18302,7.544013977050781
18303,6.2134108543396
18304,5.9352827072143555
18305,5.779653072357178
18306,5.673819065093994
18307,3.6151633262634277
18308,11.465550422668457
18309,14.224793434143066
18310,9.05055046081543
18311,2.3402915000915527
18312,2.6576101779937744
18313,33.88092803955078
18314,8.825613021850586
18315,4.44762659072876
18316,1.7451685667037964
18317,2.495680332183838
18318,1.7050344944000244
18319,1.4408652782440186
18320,2.0253093242645264
18321,2.424220561981201
18322,35.06122970581055
18323,9.650158882141113
18324,4.211190223693848
18325,35.215675354003906
18326,9.733400344848633
18327,4.246150493621826
18328,4.192684173583984
18329,4.108673572540283
18330,78.95512390136719
18331,31.966508865356445
18332,11.778708457946777
18333,10.944289207458496
18334,5.784243583679199
18335,37.43425750732422
18336,29.789609909057617
18337,23.367883682250977
18338,13.38448429107666
18339,5.35595178604126
18340,35.044612884521484
18341,9.493948936462402
18342,4.937364101409912
18343,2.461197853088379
18344,2.440355062484741
18345,32.463504791259766
18346,7.863117218017578
18347,3.635552406311035
18348,29.615345001220703
18349,6.590582847595215
18350,2.3384883403778076
18351,12.233144760131836
18352,12.029582977294922
18353,1.365537405014038
18354,2.7796080112457275
18355,4.550172805786133
18356,3.7400166988372803
18357,92.26618957519531
18358,40.41359329223633
18359,7.633416652679443
18360,31.515623092651367
18361,7.081838607788086
18362,2.9928464889526367
18363,5.126346111297607
18364,3.0916175842285156
18365,2.4359848499298096
18366,35.606468200683594
18367,9.939814567565918
18368,4.550893306732178
18369,34.10686111450195
18370,10.025701522827148
18371,4.689001560211182
18372,34.40709686279297
18373,9.554084777832031
18374,4.005221843719482
18375,3.475858688354492
18376,13.648871421813965
18377,35.44743728637695
18378,9.288321495056152
18379,4.729668140411377
18380,33.95823287963867
18381,8.764812469482422
18382,4.842803955078125
18383,42.398223876953125
18384,12.720847129821777
18385,7.13169527053833
18386,39.8250617980957
18387,11.567233085632324
18388,6.799622535705566
18389,37.03646469116211
18390,10.475630760192871
18391,6.1402082443237305
18392,38.16872024536133
18393,11.075352668762207
18394,6.840747833251953
18395,30.083894729614258
18396,7.241713047027588
18397,2.4916253089904785
18398,7.1244988441467285
18399,5.89887809753418
18400,4.734241485595703
18401,4.523081302642822
18402,4.618362903594971
18403,2.050086259841919
18404,28.9991455078125
18405,6.299732208251953
18406,2.1290156841278076
18407,3.5230917930603027
18408,32.62562561035156
18409,9.022360801696777
18410,4.843601703643799
18411,35.53804397583008
18412,10.7869291305542
18413,5.995738506317139
18414,33.66575622558594
18415,9.171831130981445
18416,3.934502363204956
18417,35.40105056762695
18418,9.40401840209961
18419,4.404581546783447
18420,35.44700622558594
18421,9.775304794311523
18422,4.289102554321289
18423,36.4350471496582
18424,12.067407608032227
18425,6.725104331970215
18426,67.77176666259766
18427,38.152774810791016
18428,6.1089186668396
18429,39.47298049926758
18430,11.905462265014648
18431,6.603114128112793
18432,27.73285675048828
18433,6.630914211273193
18434,2.079861879348755
18435,21.643959045410156
18436,5.747483730316162
18437,16.605087280273438
18438,5.759053707122803
18439,4.624912261962891
18440,3.566098213195801
18441,12.027087211608887
18442,3.7746591567993164
18443,12.795327186584473
18444,2.116835355758667
18445,35.20156478881836
18446,11.08793830871582
18447,6.9364118576049805
18448,36.54643249511719
18449,9.076059341430664
18450,4.062222480773926
18451,4.517638683319092
18452,3.1881263256073
18453,11.772260665893555
18454,10.361474990844727
18455,33.42420959472656
18456,9.402779579162598
18457,5.385929107666016
18458,1.343946099281311
18459,2.0973777770996094
18460,8.116599082946777
18461,1.2922886610031128
18462,1.7216461896896362
18463,7.953140735626221
18464,1.947008490562439
18465,1.5834574699401855
18466,7.597234725952148
18467,6.818978786468506
18468,2.358715057373047
18469,10.108182907104492
18470,2.3184502124786377
18471,34.79359436035156
18472,9.257722854614258
18473,3.791510820388794
18474,38.53319549560547
18475,12.780981063842773
18476,6.7699971199035645
18477,37.07416915893555
18478,9.53596305847168
18479,3.574492931365967
18480,41.55792236328125
18481,11.847837448120117
18482,5.857588768005371
18483,3.2285115718841553
18484,3.295325994491577
18485,19.563020706176758
18486,18.189556121826172
18487,4.773292064666748
18488,1.6552250385284424
18489,27.477561950683594
18490,37.68869400024414
18491,11.060320854187012
18492,5.78432559967041
18493,4.30780553817749
18494,3.1763691902160645
18495,2.3833413124084473
18496,2.0329806804656982
18497,1.8971730470657349
18498,33.091796875
18499,8.709095001220703
18500,4.442030429840088
18501,442.9700012207031
18502,258.59979248046875
18503,182.9977264404297
18504,151.71095275878906
18505,120.00859832763672
18506,11.988263130187988
18507,32.700477600097656
18508,24.858854293823242
18509,19.392894744873047
18510,14.096402168273926
18511,20.484418869018555
18512,18.753334045410156
18513,16.243228912353516
18514,16.45425033569336
18515,13.596373558044434
18516,5.741603374481201
18517,33.5009880065918
18518,8.230975151062012
18519,3.417050838470459
18520,3.8205161094665527
18521,9.26396369934082
18522,7.424631595611572
18523,6.943874359130859
18524,6.144285202026367
18525,27.73261070251465
18526,16.06488609313965
18527,9.103650093078613
18528,6.597931861877441
18529,5.255359172821045
18530,4.942248344421387
18531,4.731272220611572
18532,4.614890098571777
18533,9.677495002746582
18534,8.902153968811035
18535,4.677488803863525
18536,31.161399841308594
18537,7.397668361663818
18538,2.879084587097168
18539,15.05280876159668
18540,11.741449356079102
18541,32.844329833984375
18542,8.726631164550781
18543,4.214621067047119
18544,19.667070388793945
18545,6.761941432952881
18546,5.440305709838867
18547,7.5048723220825195
18548,42.262107849121094
18549,12.448555946350098
18550,7.0334601402282715
18551,40.83293151855469
18552,12.0162353515625
18553,6.763160228729248
18554,36.85580062866211
18555,10.964836120605469
18556,5.0917510986328125
18557,26.400306701660156
18558,16.20670509338379
18559,9.988323211669922
18560,8.168288230895996
18561,6.9521307945251465
18562,6.638284206390381
18563,6.475967884063721
18564,6.338244915008545
18565,31.037797927856445
18566,7.0441107749938965
18567,2.4771268367767334
18568,3.672743558883667
18569,24.96719741821289
18570,29.71326446533203
18571,27.872573852539062
18572,7.488185405731201
18573,2.8408548831939697
18574,33.35520935058594
18575,8.159542083740234
18576,3.255520820617676
18577,32.93360137939453
18578,8.152364730834961
18579,3.457502841949463
18580,6.836363792419434
18581,50.844207763671875
18582,68.2093505859375
18583,30.17241096496582
18584,6.8376383781433105
18585,2.4334261417388916
18586,31.836952209472656
18587,7.382989406585693
18588,2.7059426307678223
18589,28.52267837524414
18590,16.90310287475586
18591,10.494983673095703
18592,8.479667663574219
18593,6.8430023193359375
18594,6.461477756500244
18595,6.2240376472473145
18596,6.112200736999512
18597,28.56142807006836
18598,18.67059898376465
18599,11.704179763793945
18600,8.911105155944824
18601,7.234543800354004
18602,6.843323707580566
18603,6.607779026031494
18604,6.523128032684326
18605,8.436666488647461
18606,1.3185988664627075
18607,2.401819944381714
18608,1.8784031867980957
18609,10.314825057983398
18610,7.883842945098877
18611,2.12947154045105
18612,28.38824462890625
18613,6.915196418762207
18614,2.751746654510498
18615,23.40850830078125
18616,5.089482307434082
18617,1.7536523342132568
18618,1.8342708349227905
18619,2.048515558242798
18620,2.094576835632324
18621,2.259258270263672
18622,3.693401336669922
18623,4.02962064743042
18624,3.9734373092651367
18625,31.733104705810547
18626,7.392750263214111
18627,2.783261775970459
18628,8.096968650817871
18629,4.903984069824219
18630,23.65914535522461
18631,135.230712890625
18632,88.66275024414062
18633,13.770905494689941
18634,9.002214431762695
18635,7.995055675506592
18636,115.86083984375
18637,9.869527816772461
18638,7.310162544250488
18639,35.31730270385742
18640,10.101877212524414
18641,4.689822673797607
18642,17.146005630493164
18643,9.05941104888916
18644,7.198378562927246
18645,5.5760722160339355
18646,4.019901275634766
18647,2.907719612121582
18648,4.698320388793945
18649,16.76847267150879
18650,11.40818977355957
18651,5.294595718383789
18652,11.586982727050781
18653,4.08179235458374
18654,3.783963680267334
18655,5.353118419647217
18656,3.8684518337249756
18657,5.2647905349731445
18658,4.677963733673096
18659,5.044681549072266
18660,13.903956413269043
18661,27.804346084594727
18662,6.366948127746582
18663,2.965346336364746
18664,2.888296365737915
18665,2.048096179962158
18666,76.54519653320312
18667,22.557422637939453
18668,18.624961853027344
18669,2.3602004051208496
18670,2.0145978927612305
18671,4.094824314117432
18672,7.723123550415039
18673,3.6582345962524414
18674,2.8807973861694336
18675,4.715124130249023
18676,4.3436808586120605
18677,5.246743202209473
18678,8.344792366027832
18679,3.584686756134033
18680,1.6009881496429443
18681,2.679927349090576
18682,3.6723103523254395
18683,3.8770360946655273
18684,3.8754289150238037
18685,1.5442520380020142
18686,38.79554748535156
18687,14.238607406616211
18688,11.533784866333008
18689,18.743417739868164
18690,9.507453918457031
18691,6.730216026306152
18692,20.607450485229492
18693,10.687165260314941
18694,19.445960998535156
18695,9.867162704467773
18696,20.953609466552734
18697,10.769933700561523
18698,6.619231700897217
18699,4.5894575119018555
18700,3.4949371814727783
18701,3.317958354949951
18702,3.368088483810425
18703,3.3512070178985596
18704,2.7639713287353516
18705,2.586765766143799
18706,16.096336364746094
18707,11.024238586425781
18708,9.5438232421875
18709,8.335869789123535
18710,133.98878479003906
18711,2.4847660064697266
18712,78.11740112304688
18713,27.81415367126465
18714,6.381153106689453
18715,2.746598720550537
18716,36.15663528442383
18717,10.238595008850098
18718,4.966003894805908
18719,6.544851779937744
18720,31.48417854309082
18721,8.528736114501953
18722,3.5896451473236084
18723,32.10768508911133
18724,8.340442657470703
18725,3.3116655349731445
18726,36.787139892578125
18727,11.13014030456543
18728,5.2947797775268555
18729,34.87141799926758
18730,10.557063102722168
18731,5.056874752044678
18732,52.7183837890625
18733,23.741817474365234
18734,10.523218154907227
18735,8.544629096984863
18736,5.184884071350098
18737,18.813682556152344
18738,10.176151275634766
18739,6.156100749969482
18740,3.461594343185425
18741,4.559228897094727
18742,5.230477809906006
18743,4.097105979919434
18744,3.8268532752990723
18745,4.183347702026367
18746,32.86612319946289
18747,9.21527099609375
18748,3.913292407989502
18749,52.986087799072266
18750,17.81153106689453
18751,14.564701080322266
18752,11.202266693115234
18753,24.145078659057617
18754,11.761183738708496
18755,7.872559070587158
18756,34.70451736450195
18757,54.522071838378906
18758,39.242794036865234
18759,29.76247215270996
18760,6.436652183532715
18761,2.4192841053009033
18762,30.859050750732422
18763,7.940958023071289
18764,3.6181492805480957
18765,1.9025346040725708
18766,30.19417381286621
18767,10.268747329711914
18768,9.962703704833984
18769,11.215900421142578
18770,10.716408729553223
18771,35.51612091064453
18772,9.918314933776855
18773,4.6076130867004395
18774,35.44366455078125
18775,9.859817504882812
18776,4.567302703857422
18777,16.965042114257812
18778,12.390768051147461
18779,374.5643005371094
18780,217.67474365234375
18781,141.07879638671875
18782,116.72889709472656
18783,92.92619323730469
18784,9.827665328979492
18785,6.506740093231201
18786,5.030272483825684
18787,2.3129074573516846
18788,2.178554058074951
18789,35.67329025268555
18790,10.565963745117188
18791,5.277602672576904
18792,34.90107345581055
18793,10.169634819030762
18794,4.978066921234131
18795,36.32095718383789
18796,10.931650161743164
18797,5.42180061340332
18798,34.56035614013672
18799,11.0714693069458
18800,7.488010406494141
18801,32.480003356933594
18802,9.557718276977539
18803,5.771379470825195
18804,7.899105548858643
18805,1.6076500415802002
18806,21.783409118652344
18807,14.548182487487793
18808,11.852643966674805
18809,8.08826732635498
18810,6.952230930328369
18811,58.32181930541992
18812,36.1811637878418
18813,10.910419464111328
18814,5.9085307121276855
18815,32.587955474853516
18816,10.624433517456055
18817,6.020140171051025
18818,32.14290237426758
18819,9.711560249328613
18820,4.365195274353027
18821,35.12966537475586
18822,10.568069458007812
18823,6.031365871429443
18824,197.27645874023438
18825,101.4632797241211
18826,68.82952880859375
18827,53.745628356933594
18828,42.3253173828125
18829,12.292482376098633
18830,9.40186595916748
18831,7.406604766845703
18832,6.458169937133789
18833,11.764904022216797
18834,8.94716739654541
18835,6.946284770965576
18836,6.023693561553955
18837,4.813411235809326
18838,3.0613465309143066
18839,5.95116662979126
18840,7.503215789794922
18841,9.214038848876953
18842,42.05057907104492
18843,10.297752380371094
18844,17.55068016052246
18845,21.042062759399414
18846,29.531599044799805
18847,6.935214519500732
18848,2.734921455383301
18849,31.821775436401367
18850,8.092949867248535
18851,3.2357218265533447
18852,40.07724380493164
18853,10.373002052307129
18854,4.996037483215332
18855,7.2993388175964355
18856,33.54608917236328
18857,35.660987854003906
18858,9.267802238464355
18859,4.612339496612549
18860,26.957324981689453
18861,6.083976745605469
18862,2.579019784927368
18863,14.327838897705078
18864,8.448527336120605
18865,37.38203811645508
18866,10.667654037475586
18867,6.28476095199585
18868,1.99196195602417
18869,7.746331214904785
18870,6.451245307922363
18871,2.399848461151123
18872,2.5130505561828613
18873,2.699083089828491
18874,2.7638542652130127
18875,33.41602325439453
18876,14.102436065673828
18877,9.422134399414062
18878,2.1994423866271973
18879,7.948209762573242
18880,6.52486515045166
18881,6.216831684112549
18882,5.938619613647461
18883,9.644131660461426
18884,39.76710891723633
18885,6.002565383911133
18886,4.136290073394775
18887,9.166285514831543
18888,10.12264347076416
18889,6.526163101196289
18890,5.1956305503845215
18891,3.551530599594116
18892,3.042250633239746
18893,2.4002280235290527
18894,23.0936279296875
18895,16.4127254486084
18896,14.880152702331543
18897,11.434591293334961
18898,10.192091941833496
18899,9.835840225219727
18900,28.57293701171875
18901,130.50155639648438
18902,10.57491397857666
18903,41.95458221435547
18904,2.469647169113159
18905,4.130177021026611
18906,7.452360153198242
18907,12.868310928344727
18908,11.797602653503418
18909,11.59078598022461
18910,1.3045547008514404
18911,1.0700830221176147
18912,15.321011543273926
18913,33.41078186035156
18914,7.854024410247803
18915,3.1961300373077393
18916,35.276790618896484
18917,9.233427047729492
18918,3.5304160118103027
18919,31.29879379272461
18920,9.391592979431152
18921,5.007488250732422
18922,30.910980224609375
18923,8.09040641784668
18924,3.688383102416992
18925,26.38385772705078
18926,7.719971179962158
18927,4.075279235839844
18928,24.040298461914062
18929,18.66042137145996
18930,16.57098960876465
18931,12.6707181930542
18932,11.57715129852295
18933,10.955490112304688
18934,34.28704833984375
18935,10.401107788085938
18936,5.04715633392334
18937,35.367652893066406
18938,9.743366241455078
18939,4.283736705780029
18940,35.65984344482422
18941,9.757668495178223
18942,4.2891716957092285
18943,6.182703018188477
18944,1.9560537338256836
18945,32.54220199584961
18946,3.355562448501587
18947,35.193397521972656
18948,8.965167045593262
18949,4.312910556793213
18950,10.751935005187988
18951,21.864322662353516
18952,28.564496994018555
18953,10.115778923034668
18954,32.8967399597168
18955,8.300518035888672
18956,3.9740889072418213
18957,30.04041290283203
18958,7.91322660446167
18959,3.2290890216827393
18960,3.1970913410186768
18961,3.08780574798584
18962,31.257375717163086
18963,7.540933609008789
18964,3.350452423095703
18965,5.020649433135986
18966,4.559627056121826
18967,2.3275158405303955
18968,2.246087074279785
18969,3.6118011474609375
18970,3.583082675933838
18971,4.984995365142822
18972,4.6747331619262695
18973,4.600234031677246
18974,4.215761184692383
18975,4.64071798324585
18976,15.694154739379883
18977,13.446367263793945
18978,12.835514068603516
18979,12.708934783935547
18980,10.854568481445312
18981,38.6004638671875
18982,9.63711929321289
18983,1.7473623752593994
18984,37.039894104003906
18985,10.8350248336792
18986,5.221559047698975
18987,7.332220077514648
18988,7.163331985473633
18989,24.95551872253418
18990,23.616058349609375
18991,27.295509338378906
18992,6.702322006225586
18993,3.2816126346588135
18994,4.526429653167725
18995,3.827259063720703
18996,9.779495239257812
18997,33.607173919677734
18998,25.001117706298828
18999,21.993877410888672
19000,15.436406135559082
19001,14.999090194702148
19002,14.458669662475586
19003,15.52627182006836
19004,10.203996658325195
19005,8.572455406188965
19006,6.3965959548950195
19007,5.657340049743652
19008,4.881040573120117
19009,8.794319152832031
19010,26.0599365234375
19011,32.27165985107422
19012,9.362105369567871
19013,6.72934627532959
19014,36.10319519042969
19015,9.653899192810059
19016,4.921931743621826
19017,11.170798301696777
19018,4.283022880554199
19019,8.664412498474121
19020,8.189489364624023
19021,11.32550048828125
19022,19.333269119262695
19023,2.601032257080078
19024,5.73734712600708
19025,67.8275146484375
19026,6.8520636558532715
19027,47.39967727661133
19028,10.482017517089844
19029,28.8006649017334
19030,6.8386077880859375
19031,2.1356356143951416
19032,3.824301242828369
19033,36.478057861328125
19034,11.4716796875
19035,5.757088661193848
19036,6.3797831535339355
19037,3.3558638095855713
19038,2.2392516136169434
19039,33.47834777832031
19040,8.973620414733887
19041,3.489083766937256
19042,6.561041831970215
19043,34.5041618347168
19044,9.374327659606934
19045,4.022593975067139
19046,1.9816733598709106
19047,2.1927452087402344
19048,2.5401711463928223
19049,8.26220989227295
19050,12.339404106140137
19051,4.524441242218018
19052,33.90966033935547
19053,8.350467681884766
19054,3.572188377380371
19055,2.3353800773620605
19056,33.61143493652344
19057,8.71303939819336
19058,3.985518217086792
19059,31.89116668701172
19060,8.351067543029785
19061,3.87872576713562
19062,4.217346668243408
19063,4.287141799926758
19064,5.628939628601074
19065,4.923183441162109
19066,4.55781364440918
19067,11.139505386352539
19068,9.0413818359375
19069,8.259275436401367
19070,6.877020835876465
19071,13.950222969055176
19072,11.184882164001465
19073,9.371978759765625
19074,8.807283401489258
19075,4.4617719650268555
19076,7.590699672698975
19077,5.95411491394043
19078,5.129493713378906
19079,4.452985763549805
19080,6.19883394241333
19081,4.508631706237793
19082,4.33919095993042
19083,3.70668363571167
19084,13.581921577453613
19085,5.541834831237793
19086,4.989960193634033
19087,4.331857681274414
19088,3.5709033012390137
19089,3.0085558891296387
19090,35.337764739990234
19091,10.027070999145508
19092,5.390744209289551
19093,27.461170196533203
19094,6.589570045471191
19095,3.150301456451416
19096,33.81216049194336
19097,8.136399269104004
19098,3.314131498336792
19099,4.417004585266113
19100,8.216100692749023
19101,6.679468154907227
19102,5.544401168823242
19103,4.811258792877197
19104,3.2797460556030273
19105,5.294201850891113
19106,4.236783027648926
19107,3.8017191886901855
19108,3.5035812854766846
19109,61.93122863769531
19110,31.586318969726562
19111,8.347521781921387
19112,4.009993553161621
19113,7.710231304168701
19114,10.689092636108398
19115,3.3970344066619873
19116,3.7361462116241455
19117,25.702754974365234
19118,5.615739345550537
19119,2.1951470375061035
19120,25.702754974365234
19121,5.615739345550537
19122,2.1951470375061035
19123,6.323999404907227
19124,8.546902656555176
19125,7.018326759338379
19126,27.738096237182617
19127,15.795381546020508
19128,8.891854286193848
19129,6.774923801422119
19130,5.377291679382324
19131,5.10432243347168
19132,4.9348649978637695
19133,4.7723493576049805
19134,2.7548716068267822
19135,23.9731502532959
19136,32.17996597290039
19137,6.80216121673584
19138,2.209414005279541
19139,29.246166229248047
19140,17.51721954345703
19141,10.616264343261719
19142,8.52860164642334
19143,6.936110496520996
19144,6.489973068237305
19145,6.28628396987915
19146,6.164004802703857
19147,22.284608840942383
19148,12.65629768371582
19149,6.725146293640137
19150,4.83231258392334
19151,3.6558663845062256
19152,3.3263368606567383
19153,3.1997764110565186
19154,3.1102380752563477
19155,24.526586532592773
19156,13.92047119140625
19157,7.44141149520874
19158,5.273132801055908
19159,3.7975013256073
19160,3.5231800079345703
19161,3.4260687828063965
19162,3.302839756011963
19163,22.119314193725586
19164,12.55100154876709
19165,6.8721466064453125
19166,5.1578779220581055
19167,3.9650912284851074
19168,3.6229357719421387
19169,3.477477550506592
19170,3.3726210594177246
19171,20.36025047302246
19172,10.467730522155762
19173,11.50149154663086
19174,4.000729560852051
19175,47.00269317626953
19176,15.256143569946289
19177,10.268206596374512
19178,36.36920928955078
19179,8.222844123840332
19180,3.2872395515441895
19181,32.182708740234375
19182,8.92695426940918
19183,4.5702433586120605
19184,32.35126495361328
19185,8.392718315124512
19186,4.154648303985596
19187,5.840084552764893
19188,3.2311899662017822
19189,243.49830627441406
19190,136.5809783935547
19191,31.530261993408203
19192,7.18775749206543
19193,2.334348201751709
19194,26.6076602935791
19195,7.643250465393066
19196,3.3430709838867188
19197,33.299034118652344
19198,22.677204132080078
19199,12.645467758178711
19200,6.706440448760986
19201,4.616791725158691
19202,3.4502220153808594
19203,3.1054043769836426
19204,2.978588104248047
19205,24.7852783203125
19206,13.868623733520508
19207,7.31641149520874
19208,5.159016132354736
19209,3.8805999755859375
19210,3.551022529602051
19211,3.3753738403320312
19212,3.276575803756714
19213,19.251535415649414
19214,12.062703132629395
19215,10.167840957641602
19216,7.002237319946289
19217,5.902814865112305
19218,5.24951171875
19219,34.77787780761719
19220,9.735318183898926
19221,5.367066860198975
19222,4.508476257324219
19223,1.9920985698699951
19224,3.5232903957366943
19225,3.6008009910583496
19226,2.5876426696777344
19227,5.182750701904297
19228,5.626467227935791
19229,17.41307830810547
19230,11.467316627502441
19231,36.08973693847656
19232,9.13827133178711
19233,4.28700590133667
19234,3.6524806022644043
19235,14.149441719055176
19236,61.52517318725586
19237,3.8653032779693604
19238,5.053765296936035
19239,5.055532932281494
19240,9.834747314453125
19241,24.318571090698242
19242,6.783115863800049
19243,14.662071228027344
19244,11.388077735900879
19245,5.800860404968262
19246,23.30643081665039
19247,24.213287353515625
19248,23.32137107849121
19249,20.501117706298828
19250,17.87335777282715
19251,6.425722599029541
19252,7.100003242492676
19253,11.066118240356445
19254,16.729822158813477
19255,7.0400471687316895
19256,39.96373748779297
19257,224.3642578125
19258,6.332615852355957
19259,7.397276878356934
19260,1.6654630899429321
19261,10.459589958190918
19262,3.5443716049194336
19263,30.190303802490234
19264,3.800539493560791
19265,7.996936798095703
19266,4.321933746337891
19267,32.6226921081543
19268,3.385448932647705
19269,31.760820388793945
19270,7.170579433441162
19271,2.895752191543579
19272,31.760820388793945
19273,7.170579433441162
19274,2.895752191543579
19275,34.776554107666016
19276,8.274706840515137
19277,3.6164448261260986
19278,19.736778259277344
19279,12.447517395019531
19280,9.841090202331543
19281,6.857023239135742
19282,5.6565117835998535
19283,4.817267894744873
19284,18.61426544189453
19285,12.100533485412598
19286,9.814033508300781
19287,6.581737518310547
19288,5.730447292327881
19289,5.029355049133301
19290,35.43096923828125
19291,9.233945846557617
19292,4.32246208190918
19293,5.408783912658691
19294,2.599926233291626
19295,2.654169797897339
19296,2.6923234462738037
19297,7.545253753662109
19298,17.227275848388672
19299,11.629294395446777
19300,6.009377479553223
19301,3.2770259380340576
19302,69.0252685546875
19303,35.49920654296875
19304,10.943744659423828
19305,6.6651458740234375
19306,31.467647552490234
19307,7.974013805389404
19308,3.7575697898864746
19309,34.33721923828125
19310,9.187162399291992
19311,4.974548816680908
19312,41.956512451171875
19313,29.096044540405273
19314,5.9384002685546875
19315,1.6704102754592896
19316,10.711244583129883
19317,7.224542140960693
19318,17.28900146484375
19319,1.6766966581344604
19320,32.226585388183594
19321,7.874514579772949
19322,3.6628520488739014
19323,32.33538055419922
19324,7.994050025939941
19325,3.8270018100738525
19326,40.444244384765625
19327,42.98988342285156
19328,17.889049530029297
19329,11.514925956726074
19330,10.208216667175293
19331,7.692391395568848
19332,7.019774913787842
19333,6.563976287841797
19334,64.26958465576172
19335,42.3006477355957
19336,40.98157501220703
19337,48.92223358154297
19338,5.634336471557617
19339,2.7552437782287598
19340,30.966951370239258
19341,32.99102783203125
19342,32.36915588378906
19343,32.57991409301758
19344,32.716896057128906
19345,35.53006362915039
19346,3.100276470184326
19347,3.1875269412994385
19348,3.366271734237671
19349,14.966012954711914
19350,80.27156066894531
19351,3.7518293857574463
19352,1.294131875038147
19353,33.96759033203125
19354,4.045836925506592
19355,71.96337127685547
19356,35.62242126464844
19357,9.762961387634277
19358,4.332584857940674
19359,3.728109121322632
19360,3.7187891006469727
19361,8.720781326293945
19362,8.533339500427246
19363,30.092178344726562
19364,17.71092987060547
19365,10.357993125915527
19366,7.624075889587402
19367,6.167943000793457
19368,5.847549915313721
19369,5.743949890136719
19370,5.7337493896484375
19371,30.178998947143555
19372,17.698665618896484
19373,10.313721656799316
19374,7.565178871154785
19375,6.117849826812744
19376,5.792253017425537
19377,5.673274040222168
19378,5.663396835327148
19379,29.46256446838379
19380,17.20733642578125
19381,10.021605491638184
19382,7.292104244232178
19383,5.796347618103027
19384,5.4950714111328125
19385,5.3588337898254395
19386,5.29747200012207
19387,12.650190353393555
19388,8.695954322814941
19389,30.980411529541016
19390,24.652101516723633
19391,11.036959648132324
19392,7.230950355529785
19393,5.748152732849121
19394,4.059229373931885
19395,3.699993133544922
19396,3.1707468032836914
19397,14.698456764221191
19398,8.586009979248047
19399,6.601867198944092
19400,4.7712860107421875
19401,4.157481670379639
19402,3.38753342628479
19403,4.812080383300781
19404,1.8455126285552979
19405,14.525936126708984
19406,12.744033813476562
19407,34.77385330200195
19408,9.635297775268555
19409,16.428651809692383
19410,16.604320526123047
19411,10.909957885742188
19412,9.086936950683594
19413,6.588712692260742
19414,6.056410312652588
19415,5.41594123840332
19416,12.039563179016113
19417,13.817824363708496
19418,8.746636390686035
19419,7.117816925048828
19420,5.01809549331665
19421,4.247825622558594
19422,3.6747355461120605
19423,3.436023235321045
19424,27.16498565673828
19425,30.892574310302734
19426,126.57284545898438
19427,163.10243225097656
19428,105.92123413085938
19429,28.299989700317383
19430,26.362674713134766
19431,5.7931599617004395
19432,54.75566101074219
19433,43.11515426635742
19434,2.2447164058685303
19435,13.364502906799316
19436,4.114658832550049
19437,4.3830718994140625
19438,22.848289489746094
19439,30.45406723022461
19440,7.083596706390381
19441,2.729126453399658
19442,31.194122314453125
19443,7.507473945617676
19444,3.4269378185272217
19445,11.80783462524414
19446,9.54112434387207
19447,21.072132110595703
19448,20.736923217773438
19449,18.160062789916992
19450,16.37698745727539
19451,14.956543922424316
19452,9.640092849731445
19453,8.126147270202637
19454,5.941072940826416
19455,5.146750450134277
19456,4.791959762573242
19457,4.514359951019287
19458,20.733299255371094
19459,13.231009483337402
19460,10.78160285949707
19461,7.620347023010254
19462,6.342434883117676
19463,5.387401103973389
19464,5.080214500427246
19465,22.781463623046875
19466,14.062390327453613
19467,11.20202922821045
19468,9.055622100830078
19469,6.664195537567139
19470,6.007258415222168
19471,5.511427879333496
19472,62.13704299926758
19473,30.70684242248535
19474,8.661520004272461
19475,4.774923324584961
19476,32.59516525268555
19477,9.837956428527832
19478,5.54211950302124
19479,31.200498580932617
19480,7.437639236450195
19481,2.9897968769073486
19482,29.229978561401367
19483,6.027744770050049
19484,1.7056434154510498
19485,3.511594772338867
19486,31.71633529663086
19487,7.146958827972412
19488,1.912616491317749
19489,10.42102336883545
19490,9.450033187866211
19491,10.89667797088623
19492,1.922907829284668
19493,27.238250732421875
19494,6.247930526733398
19495,2.336334466934204
19496,19.7127685546875
19497,11.43620491027832
19498,23.754087448120117
19499,5.698775768280029
19500,2.1404619216918945
19501,5.146963596343994
19502,5.297183513641357
19503,4.335253715515137
19504,33.0687255859375
19505,8.32211685180664
19506,3.8394579887390137
19507,31.400110244750977
19508,7.811403274536133
19509,3.6166460514068604
19510,19.13324546813965
19511,23.7381591796875
19512,42.353736877441406
19513,20.6612548828125
19514,14.240893363952637
19515,12.4579496383667
19516,9.247828483581543
19517,7.742822647094727
19518,6.764917373657227
19519,12.076530456542969
19520,2.6919102668762207
19521,3.0466177463531494
19522,9.17435359954834
19523,32.8084716796875
19524,7.942983627319336
19525,3.3097221851348877
19526,6.452221870422363
19527,19.744075775146484
19528,2.7384912967681885
19529,4.643272399902344
19530,39.95428466796875
19531,11.995345115661621
19532,5.877658843994141
19533,5.990617752075195
19534,4.814156532287598
19535,7.302064418792725
19536,5.542425155639648
19537,68.93126678466797
19538,6.922028541564941
19539,31.796449661254883
19540,8.028030395507812
19541,3.2796716690063477
19542,31.676393508911133
19543,7.1005353927612305
19544,2.493135452270508
19545,123.82353210449219
19546,3.830807685852051
19547,4.199355125427246
19548,14.7880859375
19549,4.54661750793457
19550,3.8216285705566406
19551,122.49732971191406
19552,41.630088806152344
19553,36.64873504638672
19554,11.864631652832031
19555,7.099272727966309
19556,7.738743305206299
19557,7.905294895172119
19558,3.8821001052856445
19559,4.392973899841309
19560,4.519540786743164
19561,13.00007438659668
19562,92.41587829589844
19563,56.71306610107422
19564,17.485584259033203
19565,31.276260375976562
19566,27.966693878173828
19567,42.87626647949219
19568,8.091980934143066
19569,8.317680358886719
19570,10.196496963500977
19571,42.25722885131836
19572,30.69794464111328
19573,7.056249618530273
19574,2.6123597621917725
19575,7.897025108337402
19576,6.896144866943359
19577,12.94303035736084
19578,44.99647903442383
19579,12.309664726257324
19580,9.869365692138672
19581,9.326610565185547
19582,13.64267349243164
19583,45.814056396484375
19584,13.995234489440918
19585,7.376964092254639
19586,21.844032287597656
19587,13.855615615844727
19588,11.295615196228027
19589,8.01611328125
19590,6.596545696258545
19591,5.700575351715088
19592,14.120302200317383
19593,11.605314254760742
19594,8.258686065673828
19595,7.1057963371276855
19596,6.248295307159424
19597,48.23963165283203
19598,33.73047637939453
19599,28.31976890563965
19600,19.967763900756836
19601,18.358409881591797
19602,17.738616943359375
19603,14.54626178741455
19604,1.7267217636108398
19605,6.6797685623168945
19606,17.916259765625
19607,3.5797948837280273
19608,130.43121337890625
19609,16.87731170654297
19610,72.55650329589844
19611,49.95731735229492
19612,30.50346565246582
19613,23.37348747253418
19614,17.850582122802734
19615,16.8798885345459
19616,16.163957595825195
19617,29.809934616088867
19618,6.328113079071045
19619,1.8453091382980347
19620,6.236364364624023
19621,26.416400909423828
19622,7.000545024871826
19623,2.2888126373291016
19624,11.447335243225098
19625,7.405701637268066
19626,5.889317512512207
19627,4.151116847991943
19628,3.8353755474090576
19629,3.243584156036377
19630,14.505364418029785
19631,9.363401412963867
19632,7.5691022872924805
19633,5.301147937774658
19634,4.791598796844482
19635,4.308270454406738
19636,14.17855453491211
19637,9.083935737609863
19638,7.497042655944824
19639,5.2704362869262695
19640,4.743967533111572
19641,4.257236003875732
19642,21.22969627380371
19643,13.472052574157715
19644,10.960769653320312
19645,7.793902397155762
19646,6.527175426483154
19647,5.567883014678955
19648,21.179731369018555
19649,13.531068801879883
19650,11.161761283874512
19651,7.885815143585205
19652,6.630946159362793
19653,5.6956963539123535
19654,21.304973602294922
19655,13.55400276184082
19656,11.12907886505127
19657,7.910281658172607
19658,6.669437408447266
19659,5.7308759689331055
19660,31.74781036376953
19661,7.669430732727051
19662,3.0870869159698486
19663,3.33613657951355
19664,3.4748404026031494
19665,4.146792888641357
19666,20.427030563354492
19667,18.61237144470215
19668,17.386919021606445
19669,15.614399909973145
19670,3.4224863052368164
19671,17.356937408447266
19672,14.073593139648438
19673,13.336636543273926
19674,12.596673965454102
19675,4.216091156005859
19676,5.131136417388916
19677,34.67853546142578
19678,8.550878524780273
19679,2.8068764209747314
19680,9.984463691711426
19681,5.623264789581299
19682,6.138247966766357
19683,14.382305145263672
19684,9.344093322753906
19685,7.996010780334473
19686,5.986896991729736
19687,5.104089736938477
19688,4.4982805252075195
19689,14.180721282958984
19690,9.205501556396484
19691,7.871826171875
19692,5.894464015960693
19693,4.972872257232666
19694,4.376763820648193
19695,14.131630897521973
19696,9.165872573852539
19697,7.847806930541992
19698,5.890897750854492
19699,4.980890274047852
19700,4.3848772048950195
19701,16.610652923583984
19702,10.501900672912598
19703,9.170343399047852
19704,7.045204162597656
19705,5.795718193054199
19706,5.316822052001953
19707,15.224592208862305
19708,9.728857040405273
19709,8.382379531860352
19710,6.1577911376953125
19711,5.0577921867370605
19712,4.479924201965332
19713,24.6860408782959
19714,3.83866286277771
19715,32.1546516418457
19716,9.367035865783691
19717,4.968842029571533
19718,31.814895629882812
19719,7.965234756469727
19720,3.1165409088134766
19721,147.51332092285156
19722,30.456188201904297
19723,6.896640777587891
19724,2.468703031539917
19725,32.86040496826172
19726,16.81456756591797
19727,29.744083404541016
19728,7.267626762390137
19729,2.48127818107605
19730,2.507993221282959
19731,14.075737953186035
19732,2.331120491027832
19733,29.779605865478516
19734,6.502426624298096
19735,2.216500997543335
19736,29.79574203491211
19737,6.580435752868652
19738,2.2521607875823975
19739,35.81315231323242
19740,8.125051498413086
19741,3.2755470275878906
19742,34.525291442871094
19743,7.514049530029297
19744,2.5669033527374268
19745,30.121822357177734
19746,6.51609992980957
19747,1.965531587600708
19748,31.069400787353516
19749,7.004400253295898
19750,2.714843988418579
19751,31.942157745361328
19752,7.276504039764404
19753,2.581501007080078
19754,30.029273986816406
19755,6.8092875480651855
19756,2.542384386062622
19757,32.43444061279297
19758,8.106673240661621
19759,3.6583950519561768
19760,32.72222900390625
19761,8.243327140808105
19762,3.9693493843078613
19763,35.86304473876953
19764,8.12709903717041
19765,2.9577958583831787
19766,4.978055477142334
19767,1.6096065044403076
19768,1.1301932334899902
19769,4.499514102935791
19770,4.448009490966797
19771,4.989582061767578
19772,5.67990255355835
19773,32.38945007324219
19774,8.083937644958496
19775,3.066164016723633
19776,1.894042730331421
19777,2.600973129272461
19778,2.39340877532959
19779,2.5029494762420654
19780,19.902210235595703
19781,2.2203197479248047
19782,3.0755982398986816
19783,4.974742889404297
19784,7.109835147857666
19785,5.089503765106201
19786,3.0943973064422607
19787,10.851723670959473
19788,5.257439613342285
19789,3.672823905944824
19790,7.273438453674316
19791,13.39956283569336
19792,3.8345553874969482
19793,10.101247787475586
19794,5.314281940460205
19795,35.85834884643555
19796,8.246492385864258
19797,3.270705461502075
19798,8.873371124267578
19799,96.62161254882812
19800,78.28726959228516
19801,12.899937629699707
19802,8.432008743286133
19803,7.023176193237305
19804,5.040503025054932
19805,4.663747787475586
19806,4.124502182006836
19807,11.842815399169922
19808,7.930871963500977
19809,6.514408588409424
19810,4.701680660247803
19811,4.196815490722656
19812,3.6918039321899414
19813,3.5370490550994873
19814,15.225096702575684
19815,9.838777542114258
19816,8.684379577636719
19817,6.269586086273193
19818,6.002663612365723
19819,5.222665786743164
19820,16.566890716552734
19821,10.898168563842773
19822,9.502288818359375
19823,7.0044097900390625
19824,5.681056976318359
19825,4.939321041107178
19826,17.36593246459961
19827,11.656872749328613
19828,10.240748405456543
19829,7.269781112670898
19830,5.919318675994873
19831,5.278125762939453
19832,21.64487648010254
19833,13.843340873718262
19834,11.313480377197266
19835,8.030866622924805
19836,6.766666889190674
19837,5.809324741363525
19838,13.964574813842773
19839,8.689188003540039
19840,7.355612277984619
19841,5.084936618804932
19842,4.3469061851501465
19843,3.6907246112823486
19844,21.60292625427246
19845,13.759891510009766
19846,11.144393920898438
19847,7.894427299499512
19848,6.674949645996094
19849,5.749663352966309
19850,20.624998092651367
19851,13.287598609924316
19852,10.957016944885254
19853,7.740540027618408
19854,6.548232078552246
19855,5.634411811828613
19856,20.999845504760742
19857,13.346256256103516
19858,11.032426834106445
19859,7.725717067718506
19860,6.530008316040039
19861,5.587337017059326
19862,15.370213508605957
19863,302.34722900390625
19864,154.9134521484375
19865,119.4296875
19866,105.20572662353516
19867,82.2687759399414
19868,3.6636171340942383
19869,49.62398147583008
19870,3.105684280395508
19871,2.9657764434814453
19872,3.832517147064209
19873,2.361609697341919
19874,33.47931671142578
19875,8.207159042358398
19876,3.6362948417663574
19877,34.93790817260742
19878,8.317519187927246
19879,3.8243281841278076
19880,3.7857840061187744
19881,8.681953430175781
19882,2.3916587829589844
19883,33.40507125854492
19884,9.78924560546875
19885,5.0562214851379395
19886,27.80791473388672
19887,16.1409969329834
19888,9.227051734924316
19889,6.728945255279541
19890,5.385524272918701
19891,5.079034805297852
19892,4.903695583343506
19893,4.800940036773682
19894,2.8342580795288086
19895,2.7100021839141846
19896,31.572097778320312
19897,6.617165565490723
19898,2.14416241645813
19899,32.660240173339844
19900,20.44740104675293
19901,30.746261596679688
19902,30.080120086669922
19903,33.27809524536133
19904,8.353320121765137
19905,3.8076388835906982
19906,30.619911193847656
19907,7.198498249053955
19908,2.7599401473999023
19909,33.380184173583984
19910,8.222445487976074
19911,3.6483497619628906
19912,18.2559757232666
19913,12.765955924987793
19914,10.994181632995605
19915,8.98951530456543
19916,8.765928268432617
19917,8.293883323669434
19918,20.290958404541016
19919,24.774982452392578
19920,5.816483974456787
19921,7.616754531860352
19922,4.703361988067627
19923,2.1246113777160645
19924,1.8472005128860474
19925,1.7022814750671387
19926,1.6341818571090698
19927,1.6434165239334106
19928,33.760047912597656
19929,8.310035705566406
19930,3.5395140647888184
19931,3.920436143875122
19932,3.920436143875122
19933,31.25721549987793
19934,7.162572860717773
19935,2.9349496364593506
19936,32.24501419067383
19937,7.41920804977417
19938,3.204343795776367
19939,32.18099594116211
19940,9.21940803527832
19941,4.635058403015137
19942,37.35063171386719
19943,8.184904098510742
19944,3.7041938304901123
19945,15.619865417480469
19946,5.239114761352539
19947,82.03771209716797
19948,17.123273849487305
19949,32.58307647705078
19950,8.01034164428711
19951,3.6918065547943115
19952,20.87932777404785
19953,3.099785089492798
19954,6.972945213317871
19955,4.9588942527771
19956,22.884496688842773
19957,13.089656829833984
19958,7.007965564727783
19959,5.0688581466674805
19960,3.844970703125
19961,3.484869956970215
19962,3.3574888706207275
19963,3.271298885345459
19964,27.455581665039062
19965,15.992903709411621
19966,9.142522811889648
19967,6.7047929763793945
19968,5.407450199127197
19969,5.082088947296143
19970,4.909557819366455
19971,4.794646739959717
19972,27.67190170288086
19973,16.15363311767578
19974,9.265166282653809
19975,6.812094211578369
19976,5.490245342254639
19977,5.163900375366211
19978,4.982429027557373
19979,4.866797924041748
19980,37.60563659667969
19981,11.344878196716309
19982,5.502458095550537
19983,9.023977279663086
19984,10.740959167480469
19985,9.243868827819824
19986,123.198974609375
19987,124.5697250366211
19988,27.5356502532959
19989,11.80106258392334
19990,6.603222846984863
19991,3.218587875366211
19992,1.717536211013794
19993,132.56842041015625
19994,3.6831297874450684
19995,2.7692759037017822
19996,2.8739864826202393
19997,1.236534833908081
19998,2.4924676418304443
19999,5.4157633781433105
20000,33.83325958251953
20001,8.417960166931152
20002,3.672070026397705
20003,30.011383056640625
20004,6.807023525238037
20005,2.377652645111084
20006,30.011383056640625
20007,6.807023525238037
20008,2.377652645111084
20009,30.59721565246582
20010,6.880701541900635
20011,2.4886884689331055
20012,30.097612380981445
20013,6.787299633026123
20014,2.6269779205322266
20015,4.597344875335693
20016,4.566694736480713
20017,4.846450328826904
20018,30.271804809570312
20019,6.612785816192627
20020,2.1753604412078857
20021,32.7396125793457
20022,7.205244064331055
20023,2.4302585124969482
20024,3.620690107345581
20025,29.470401763916016
20026,6.124934673309326
20027,2.012446165084839
20028,31.09788703918457
20029,6.712641716003418
20030,2.2809901237487793
20031,2.8156585693359375
20032,34.40092468261719
20033,8.611834526062012
20034,3.847139835357666
20035,36.04966354370117
20036,9.091829299926758
20037,4.28257417678833
20038,32.701934814453125
20039,8.094579696655273
20040,3.777843952178955
20041,33.10988235473633
20042,7.97441291809082
20043,3.52553391456604
20044,29.961402893066406
20045,7.801695346832275
20046,3.6642329692840576
20047,29.669618606567383
20048,6.627123832702637
20049,2.336209774017334
20050,3.0470058917999268
20051,7.129806041717529
20052,7.011898517608643
20053,6.675983428955078
20054,29.286914825439453
20055,7.490311622619629
20056,2.8950719833374023
20057,3.922550916671753
20058,33.36796188354492
20059,8.226161003112793
20060,2.774554967880249
20061,36.59542465209961
20062,10.280983924865723
20063,5.985405921936035
20064,5.631776332855225
20065,36.189178466796875
20066,10.12938117980957
20067,4.823532581329346
20068,26.331594467163086
20069,15.427325248718262
20070,8.922070503234863
20071,6.7614874839782715
20072,5.434871673583984
20073,5.175868034362793
20074,5.031665325164795
20075,4.9239606857299805
20076,27.584339141845703
20077,16.068973541259766
20078,9.10987663269043
20079,6.745992660522461
20080,5.265474319458008
20081,4.992645740509033
20082,4.850770950317383
20083,4.7313761711120605
20084,51.484188079833984
20085,47.17969512939453
20086,16.68274688720703
20087,6.015286445617676
20088,3.1320266723632812
20089,4.511985778808594
20090,3.5730221271514893
20091,7.098543643951416
20092,29.421812057495117
20093,7.511551380157471
20094,2.759514093399048
20095,28.71758270263672
20096,7.183831691741943
20097,2.5986199378967285
20098,33.14209747314453
20099,8.119186401367188
20100,3.4555532932281494
20101,28.542072296142578
20102,6.21878719329834
20103,2.018706798553467
20104,31.57624626159668
20105,8.773798942565918
20106,4.469675064086914
20107,32.64195251464844
20108,10.042123794555664
20109,4.947954177856445
20110,32.03054428100586
20111,8.943608283996582
20112,4.579161167144775
20113,2.689650058746338
20114,26.41500473022461
20115,7.028963565826416
20116,2.300262689590454
20117,31.170494079589844
20118,8.556642532348633
20119,4.199256896972656
20120,9.266160011291504
20121,90.92649841308594
20122,5.5817694664001465
20123,17.6546573638916
20124,19.086166381835938
20125,36.35743713378906
20126,9.239124298095703
20127,4.293060302734375
20128,24.580904006958008
20129,5.2016072273254395
20130,1.341429591178894
20131,41.27691650390625
20132,5.417459964752197
20133,5.395699501037598
20134,3.9166653156280518
20135,6.919009685516357
20136,18.02652931213379
20137,12.606101989746094
20138,11.1693115234375
20139,8.576805114746094
20140,7.318019866943359
20141,6.76530647277832
20142,4.87721586227417
20143,2.0606119632720947
20144,1.802863359451294
20145,4.236697196960449
20146,33.479408264160156
20147,9.606948852539062
20148,5.44191837310791
20149,35.35475540161133
20150,10.903450012207031
20151,6.580877780914307
20152,17.145370483398438
20153,5.858328819274902
20154,2.4637656211853027
20155,2.7162389755249023
20156,17.145370483398438
20157,5.858328819274902
20158,2.4637656211853027
20159,16.93831443786621
20160,5.790524482727051
20161,2.4388201236724854
20162,3.4996695518493652
20163,4.291357040405273
20164,32.34950256347656
20165,8.134956359863281
20166,3.9902710914611816
20167,5.618765354156494
20168,30.12530517578125
20169,7.140986442565918
20170,2.84767484664917
20171,19.662351608276367
20172,18.338134765625
20173,14.798542022705078
20174,25.462596893310547
20175,16.445446014404297
20176,3.488593578338623
20177,5.660410404205322
20178,6.064810752868652
20179,29.64360237121582
20180,6.7741780281066895
20181,2.724734306335449
20182,8.836153984069824
20183,2.449390172958374
20184,5.463913440704346
20185,4.319518089294434
20186,81.29637908935547
20187,53.91485595703125
20188,73.604736328125
20189,26.560935974121094
20190,2.319589376449585
20191,15.525371551513672
20192,16.810720443725586
20193,32.510005950927734
20194,8.553568840026855
20195,4.090888023376465
20196,2.370063066482544
20197,11.73486328125
20198,16.281831741333008
20199,11.46887493133545
20200,11.878162384033203
20201,4.244061470031738
20202,6.397774696350098
20203,30.520212173461914
20204,7.39601993560791
20205,2.8377890586853027
20206,31.2470703125
20207,6.803637504577637
20208,2.2635080814361572
20209,33.076053619384766
20210,7.6541056632995605
20211,3.337467908859253
20212,30.774789810180664
20213,7.309079647064209
20214,2.885855197906494
20215,29.04376983642578
20216,28.096960067749023
20217,14.44900894165039
20218,13.988459587097168
20219,7.915036201477051
20220,7.03297233581543
20221,8.7108736038208
20222,7.707796573638916
20223,10.717412948608398
20224,3.9433023929595947
20225,14.969822883605957
20226,39.18910598754883
20227,17.380245208740234
20228,42.57350158691406
20229,42.751583099365234
20230,47.84794235229492
20231,3.454439878463745
20232,32.192562103271484
20233,8.562267303466797
20234,4.184242248535156
20235,44.93760681152344
20236,7.583150386810303
20237,3.530160665512085
20238,21.15731430053711
20239,14.593465805053711
20240,12.824594497680664
20241,9.493270874023438
20242,8.27709674835205
20243,7.954486846923828
20244,6.0411763191223145
20245,39.72669982910156
20246,11.073261260986328
20247,5.939878940582275
20248,39.53645706176758
20249,11.0040864944458
20250,5.903896331787109
20251,33.18079376220703
20252,8.40165901184082
20253,4.151175498962402
20254,26.311416625976562
20255,27.431507110595703
20256,26.545305252075195
20257,12.640974998474121
20258,11.329445838928223
20259,7.244968414306641
20260,5.843715667724609
20261,4.782767295837402
20262,3.659874200820923
20263,3.1386606693267822
20264,3.052128314971924
20265,86.59300994873047
20266,136.04928588867188
20267,128.87017822265625
20268,168.80812072753906
20269,106.16862487792969
20270,22.56814193725586
20271,5.438079833984375
20272,7.282046318054199
20273,3.010807514190674
20274,31.33393096923828
20275,7.119537353515625
20276,2.5178120136260986
20277,88.01604461669922
20278,78.00287628173828
20279,61.815330505371094
20280,34.44169616699219
20281,20.309953689575195
20282,12.647382736206055
20283,9.708881378173828
20284,7.684595108032227
20285,7.183183193206787
20286,6.885235786437988
20287,6.745072364807129
20288,4.088261604309082
20289,22.90727996826172
20290,12.971688270568848
20291,7.02063512802124
20292,5.041127681732178
20293,3.8378331661224365
20294,3.502894639968872
20295,3.361769199371338
20296,3.2739615440368652
20297,22.788143157958984
20298,12.902342796325684
20299,7.005171775817871
20300,5.019702434539795
20301,3.8214259147644043
20302,3.4949746131896973
20303,3.3585872650146484
20304,3.267880439758301
20305,5.3978271484375
20306,27.692455291748047
20307,6.823920726776123
20308,3.4290010929107666
20309,36.66122817993164
20310,10.0512113571167
20311,5.621856689453125
20312,38.630882263183594
20313,10.437222480773926
20314,5.469485282897949
20315,23.85607147216797
20316,4.906944274902344
20317,1.4880648851394653
20318,1.4407649040222168
20319,4.910665512084961
20320,3.458134174346924
20321,4.692193031311035
20322,2.958670139312744
20323,2.9040210247039795
20324,1.7348154783248901
20325,5.081863880157471
20326,26.190555572509766
20327,32.79110336303711
20328,10.071844100952148
20329,4.529759407043457
20330,27.626850128173828
20331,8.191767692565918
20332,3.501645565032959
20333,33.196258544921875
20334,8.057147979736328
20335,3.46616792678833
20336,29.87191390991211
20337,7.140124320983887
20338,2.3491570949554443
20339,19.14983367919922
20340,23.561477661132812
20341,5.325833320617676
20342,1.9806238412857056
20343,22.509197235107422
20344,5.537341594696045
20345,1.9672763347625732
20346,29.528879165649414
20347,6.475942611694336
20348,2.061367988586426
20349,25.92329216003418
20350,22.046846389770508
20351,7.797847747802734
20352,32.59822082519531
20353,16.200069427490234
20354,10.308548927307129
20355,8.955784797668457
20356,6.713921070098877
20357,5.446805953979492
20358,5.065530300140381
20359,16.480100631713867
20360,10.405658721923828
20361,8.98729419708252
20362,6.543103218078613
20363,5.238218307495117
20364,4.738637924194336
20365,14.814746856689453
20366,9.714509963989258
20367,8.09815788269043
20368,5.685091972351074
20369,4.474917411804199
20370,3.977734088897705
20371,13.073694229125977
20372,8.174099922180176
20373,6.7762532234191895
20374,4.74660587310791
20375,4.030967712402344
20376,3.535114049911499
20377,15.25042724609375
20378,9.747298240661621
20379,8.163030624389648
20380,5.953625679016113
20381,5.079288005828857
20382,4.417716979980469
20383,14.794822692871094
20384,9.428282737731934
20385,7.570913791656494
20386,5.2962188720703125
20387,4.328902244567871
20388,3.7604548931121826
20389,12.67663288116455
20390,8.02212905883789
20391,6.36406135559082
20392,4.402801990509033
20393,3.7569100856781006
20394,3.164400100708008
20395,36.715938568115234
20396,10.809745788574219
20397,5.763844013214111
20398,32.38201141357422
20399,9.854988098144531
20400,5.600167274475098
20401,32.64694595336914
20402,8.03409194946289
20403,3.3834400177001953
20404,32.380775451660156
20405,8.850381851196289
20406,4.995270729064941
20407,5.802007675170898
20408,3.680448293685913
20409,54.46794509887695
20410,6.576424598693848
20411,6.933194160461426
20412,5.437686920166016
20413,27.978511810302734
20414,11.278716087341309
20415,28.98030662536621
20416,6.879631042480469
20417,3.0190863609313965
20418,18.173189163208008
20419,41.676658630371094
20420,11.3455171585083
20421,5.701165199279785
20422,2.2096385955810547
20423,3.9439544677734375
20424,57.805419921875
20425,13.1368408203125
20426,13.289947509765625
20427,16.91502571105957
20428,5.794674396514893
20429,33.098487854003906
20430,33.098487854003906
20431,28.59827995300293
20432,7.946446418762207
20433,2.846074342727661
20434,14.46134090423584
20435,3.006951332092285
20436,4.853060722351074
20437,29.44619369506836
20438,6.449577331542969
20439,2.1334421634674072
20440,4.841256141662598
20441,7.023737907409668
20442,5.101190567016602
20443,5.925743103027344
20444,21.46170997619629
20445,42.51450729370117
20446,12.211241722106934
20447,6.550083637237549
20448,34.32884216308594
20449,9.143595695495605
20450,4.3455491065979
20451,39.12559509277344
20452,10.849048614501953
20453,5.727542877197266
20454,29.053789138793945
20455,7.431573867797852
20456,2.764493465423584
20457,413.44085693359375
20458,373.853759765625
20459,30.575979232788086
20460,8.03447151184082
20461,3.7886102199554443
20462,13.180732727050781
20463,4.049631595611572
20464,3.6997439861297607
20465,6.8802385330200195
20466,1.9550769329071045
20467,12.791441917419434
20468,7.420413494110107
20469,3.528371810913086
20470,3.826335906982422
20471,46.92531967163086
20472,68.49765014648438
20473,47.247127532958984
20474,39.82065200805664
20475,38.127357482910156
20476,33.73556137084961
20477,30.216552734375
20478,6.284555912017822
20479,5.40432596206665
20480,17.102256774902344
20481,26.228036880493164
20482,49.63011169433594
20483,49.63011169433594
20484,26.7421875
20485,26.7421875
20486,17.876422882080078
20487,17.876422882080078
20488,11.407600402832031
20489,11.407600402832031
20490,9.119192123413086
20491,9.119192123413086
20492,7.962060451507568
20493,7.962060451507568
20494,22.6069278717041
20495,36.899085998535156
20496,24.587459564208984
20497,18.80141830444336
20498,13.652099609375
20499,11.999454498291016
20500,10.658870697021484
20501,20.109928131103516
20502,8.412867546081543
20503,34.37174606323242
20504,7.824670314788818
20505,2.4694294929504395
20506,10.828577041625977
20507,1.7433565855026245
20508,32.76158905029297
20509,9.005437850952148
20510,3.5042922496795654
20511,2.9921278953552246
20512,2.4610447883605957
20513,9.120810508728027
20514,7.6917219161987305
20515,8.130313873291016
20516,12.627464294433594
20517,8.746576309204102
20518,18.7381649017334
20519,14.899032592773438
20520,15.014810562133789
20521,13.666377067565918
20522,19.587541580200195
20523,4.544281482696533
20524,1.674782156944275
20525,3.465407371520996
20526,3.523974895477295
20527,2.5774946212768555
20528,3.077765941619873
20529,3.1743876934051514
20530,2.4112071990966797
20531,2.5246236324310303
20532,16.599271774291992
20533,30.699928283691406
20534,7.262218475341797
20535,3.010171413421631
20536,36.80487823486328
20537,10.001748085021973
20538,5.267458438873291
20539,36.80794143676758
20540,9.8882417678833
20541,5.124180316925049
20542,34.060569763183594
20543,8.794292449951172
20544,4.452786922454834
20545,34.109134674072266
20546,9.933722496032715
20547,6.247443675994873
20548,6.200239658355713
20549,3.9552531242370605
20550,10.074631690979004
20551,8.148259162902832
20552,7.370025157928467
20553,6.294166564941406
20554,7.442460060119629
20555,7.245860576629639
20556,6.625720977783203
20557,3.100863456726074
20558,39.581565856933594
20559,6.61718225479126
20560,4.0598578453063965
20561,4.728477954864502
20562,4.804929256439209
20563,35.921627044677734
20564,11.477423667907715
20565,5.631390571594238
20566,36.230255126953125
20567,11.502214431762695
20568,5.649125576019287
20569,3.007065773010254
20570,26.404733657836914
20571,6.101672172546387
20572,2.707612991333008
20573,30.73626708984375
20574,7.547721862792969
20575,3.171729564666748
20576,31.101242065429688
20577,6.910175800323486
20578,2.3322865962982178
20579,2.037140369415283
20580,6.3865485191345215
20581,30.871559143066406
20582,21.23236083984375
20583,30.618541717529297
20584,21.035892486572266
20585,20.346263885498047
20586,4.397145748138428
20587,1.510306477546692
20588,6.430658340454102
20589,35.25580978393555
20590,9.378135681152344
20591,4.7854156494140625
20592,32.380455017089844
20593,8.185172080993652
20594,4.055875778198242
20595,29.59334373474121
20596,5.777024269104004
20597,1.7574965953826904
20598,9.6615571975708
20599,8.936893463134766
20600,8.74837875366211
20601,32.12398147583008
20602,8.163783073425293
20603,3.2672977447509766
20604,33.999717712402344
20605,10.026515007019043
20606,5.1791510581970215
20607,34.024940490722656
20608,9.026472091674805
20609,3.7055916786193848
20610,34.305809020996094
20611,9.358455657958984
20612,3.9215965270996094
20613,34.045135498046875
20614,8.38171100616455
20615,3.6842124462127686
20616,31.541412353515625
20617,8.248529434204102
20618,3.865145206451416
20619,35.19060134887695
20620,9.424630165100098
20621,3.8402562141418457
20622,33.96485137939453
20623,9.896035194396973
20624,4.658612251281738
20625,36.60151672363281
20626,11.264589309692383
20627,5.423129558563232
20628,37.56199264526367
20629,11.835856437683105
20630,7.013562202453613
20631,36.3929557800293
20632,9.392471313476562
20633,4.699794292449951
20634,35.7482795715332
20635,8.966146469116211
20636,4.2229461669921875
20637,31.74652862548828
20638,7.719147205352783
20639,3.705932140350342
20640,41.483768463134766
20641,13.137483596801758
20642,8.016209602355957
20643,34.3750114440918
20644,10.094796180725098
20645,5.404479026794434
20646,34.128902435302734
20647,9.07905387878418
20648,3.7584805488586426
20649,33.74101638793945
20650,9.227055549621582
20651,3.8616034984588623
20652,32.102195739746094
20653,8.245136260986328
20654,4.034469127655029
20655,30.891345977783203
20656,7.352439880371094
20657,2.997403144836426
20658,34.40452575683594
20659,8.296944618225098
20660,3.41976261138916
20661,37.2360725402832
20662,10.254515647888184
20663,4.367842197418213
20664,34.43272018432617
20665,9.941394805908203
20666,5.775260925292969
20667,40.36331558227539
20668,12.80750846862793
20669,7.510844707489014
20670,28.594722747802734
20671,6.75595760345459
20672,2.422391176223755
20673,5.33038330078125
20674,29.942604064941406
20675,7.353092193603516
20676,3.2432024478912354
20677,2.826691150665283
20678,3.797576665878296
20679,2.732470750808716
20680,2.888007164001465
20681,160.94097900390625
20682,87.26837921142578
20683,138.11256408691406
20684,1.6771621704101562
20685,29.788454055786133
20686,14.127485275268555
20687,5.263167381286621
20688,22.92538833618164
20689,13.725160598754883
20690,42.63691329956055
20691,38.70643997192383
20692,47.81187438964844
20693,29.7620849609375
20694,7.522511005401611
20695,3.416301965713501
20696,5.281502723693848
20697,5.785400867462158
20698,6.337611198425293
20699,45.384883880615234
20700,30.843318939208984
20701,6.750799655914307
20702,2.0896806716918945
20703,43.25618362426758
20704,5.59535026550293
20705,5.8410162925720215
20706,14.230451583862305
20707,10.007416725158691
20708,31.355941772460938
20709,7.773808479309082
20710,3.708281993865967
20711,34.196781158447266
20712,7.765865802764893
20713,2.958113193511963
20714,32.24271011352539
20715,7.578129768371582
20716,3.4922335147857666
20717,30.925939559936523
20718,6.972812652587891
20719,2.6562561988830566
20720,31.065732955932617
20721,7.079826831817627
20722,2.766592025756836
20723,30.25428581237793
20724,6.816629886627197
20725,2.5511579513549805
20726,11.434030532836914
20727,35.591896057128906
20728,5.057445526123047
20729,29.10987663269043
20730,69.7467269897461
20731,51.591819763183594
20732,79.24172973632812
20733,37.17512130737305
20734,38.52653121948242
20735,38.2450065612793
20736,26.439769744873047
20737,39.19072341918945
20738,42.33395767211914
20739,39.00520324707031
20740,31.944564819335938
20741,8.666796684265137
20742,4.482778549194336
20743,114.92123413085938
20744,73.72645568847656
20745,68.21745300292969
20746,59.026695251464844
20747,48.77920913696289
20748,13.845688819885254
20749,9.272953033447266
20750,8.207423210144043
20751,3.884329319000244
20752,25.32659149169922
20753,11.146352767944336
20754,11.50224781036377
20755,14.02238655090332
20756,9.930005073547363
20757,6.992155075073242
20758,4.48473596572876
20759,2.7529149055480957
20760,7.917243480682373
20761,7.987882614135742
20762,5.6456098556518555
20763,32.221763610839844
20764,8.247777938842773
20765,4.113144397735596
20766,5.731996536254883
20767,36.09209442138672
20768,9.423114776611328
20769,4.279925346374512
20770,35.67100143432617
20771,9.142476081848145
20772,4.0597968101501465
20773,30.8363037109375
20774,6.8126044273376465
20775,2.190829277038574
20776,5.918342590332031
20777,1.5390551090240479
20778,4.064145088195801
20779,30.496206283569336
20780,8.621129989624023
20781,3.291429042816162
20782,30.563549041748047
20783,6.7484540939331055
20784,2.4187088012695312
20785,5.752053737640381
20786,6.99676513671875
20787,22.015275955200195
20788,12.388132095336914
20789,6.618660926818848
20790,4.678710460662842
20791,3.530754327774048
20792,3.2373850345611572
20793,3.081058979034424
20794,3.0083696842193604
20795,3.07075834274292
20796,20.11053466796875
20797,36.57849884033203
20798,11.493721008300781
20799,8.146474838256836
20800,22.605236053466797
20801,34.65764236450195
20802,29.48311996459961
20803,6.1885247230529785
20804,1.7711613178253174
20805,28.127967834472656
20806,6.294456481933594
20807,2.2680294513702393
20808,13.684086799621582
20809,32.73947525024414
20810,7.729361534118652
20811,2.8363583087921143
20812,32.91284942626953
20813,7.827696800231934
20814,3.0289487838745117
20815,35.60074996948242
20816,9.09151840209961
20817,3.4514379501342773
20818,37.491851806640625
20819,9.72537899017334
20820,3.898787021636963
20821,32.945152282714844
20822,8.972417831420898
20823,3.491407871246338
20824,29.548973083496094
20825,5.7526092529296875
20826,1.7590806484222412
20827,9.841989517211914
20828,6.351872444152832
20829,5.141018390655518
20830,3.685016393661499
20831,3.326489210128784
20832,2.8071186542510986
20833,13.669901847839355
20834,7.546309471130371
20835,6.085591793060303
20836,4.187744140625
20837,3.736891269683838
20838,2.8300888538360596
20839,81.91238403320312
20840,35.068782806396484
20841,30.518970489501953
20842,35.569889068603516
20843,8.87446117401123
20844,3.405778646469116
20845,13.44842529296875
20846,10.326053619384766
20847,9.704521179199219
20848,8.005880355834961
20849,33.380184173583984
20850,8.222445487976074
20851,3.6483497619628906
20852,5.609818935394287
20853,5.729000091552734
20854,3.9552359580993652
20855,4.579461097717285
20856,29.76643943786621
20857,6.565772533416748
20858,2.108311653137207
20859,30.98232650756836
20860,7.260622978210449
20861,2.8473238945007324
20862,19.425750732421875
20863,4.204962730407715
20864,1.4723715782165527
20865,13.44815731048584
20866,3.781135082244873
20867,27.222503662109375
20868,5.765672206878662
20869,1.762717843055725
20870,171.96202087402344
20871,89.3902816772461
20872,57.6146240234375
20873,42.835811614990234
20874,32.65093231201172
20875,158.7325439453125
20876,85.03256225585938
20877,56.21762466430664
20878,41.776458740234375
20879,32.140899658203125
20880,2.1259851455688477
20881,7.078463554382324
20882,5.728731155395508
20883,5.500640392303467
20884,4.683779716491699
20885,34.355018615722656
20886,8.521504402160645
20887,3.6403210163116455
20888,34.13056564331055
20889,8.608660697937012
20890,3.908878803253174
20891,35.612709045410156
20892,9.454263687133789
20893,4.799211502075195
20894,12.16265869140625
20895,42.352561950683594
20896,29.42108154296875
20897,7.4351606369018555
20898,2.5839684009552
20899,28.912710189819336
20900,7.259775161743164
20901,2.570953369140625
20902,29.8700008392334
20903,7.8237833976745605
20904,3.007927894592285
20905,36.616180419921875
20906,10.333763122558594
20907,5.859089374542236
20908,31.994203567504883
20909,6.938535213470459
20910,2.147716522216797
20911,30.455493927001953
20912,6.6325883865356445
20913,2.035252571105957
20914,35.33804702758789
20915,8.540599822998047
20916,3.526869535446167
20917,34.313743591308594
20918,8.2113037109375
20919,3.2907276153564453
20920,32.26971435546875
20921,7.585787773132324
20922,2.7468783855438232
20923,13.93579387664795
20924,1.7859723567962646
20925,33.46918869018555
20926,8.167230606079102
20927,3.5911989212036133
20928,16.90659523010254
20929,11.949040412902832
20930,10.52906608581543
20931,8.064661026000977
20932,7.020605087280273
20933,6.825355529785156
20934,6.429318428039551
20935,11.405323028564453
20936,7.189668655395508
20937,5.715234756469727
20938,3.9939610958099365
20939,3.461810827255249
20940,2.9077060222625732
20941,2.601666212081909
20942,11.90272331237793
20943,7.546181678771973
20944,6.051225662231445
20945,4.249935150146484
20946,3.7449357509613037
20947,3.2408409118652344
20948,3.0219216346740723
20949,4.589303970336914
20950,4.379415035247803
20951,3.172934055328369
20952,2.4487674236297607
20953,3.843686103820801
20954,2.63063645362854
20955,3.495577812194824
20956,17.975080490112305
20957,28.86101722717285
20958,6.937333583831787
20959,2.3515985012054443
20960,2.6017470359802246
20961,40.72868728637695
20962,12.335020065307617
20963,7.690511703491211
20964,6.8777008056640625
20965,11.909048080444336
20966,12.223370552062988
20967,4.287817001342773
20968,31.00809669494629
20969,7.672927379608154
20970,3.575925350189209
20971,3.513845920562744
20972,3.229863166809082
20973,4.202799320220947
20974,3.9859206676483154
20975,2.2038044929504395
20976,1.6595914363861084
20977,30.845172882080078
20978,6.953927516937256
20979,2.667996406555176
20980,31.997127532958984
20981,8.554903030395508
20982,4.367318153381348
20983,4.1143479347229
20984,2.4089057445526123
20985,2.4559688568115234
20986,76.7229995727539
20987,46.07490921020508
20988,42.76100158691406
20989,35.38002395629883
20990,12.40562629699707
20991,9.137490272521973
20992,8.428001403808594
20993,7.757663726806641
20994,31.806257247924805
20995,8.807756423950195
20996,4.706020355224609
20997,36.30844497680664
20998,4.621747016906738
20999,5.120523452758789
21000,32.344482421875
21001,7.627298831939697
21002,2.8687450885772705
21003,32.78085708618164
21004,8.138725280761719
21005,3.708738327026367
21006,2.057107925415039
21007,10.468685150146484
21008,11.438019752502441
21009,9.686609268188477
21010,9.071213722229004
21011,16.928573608398438
21012,32.086341857910156
21013,7.221441268920898
21014,2.3699233531951904
21015,30.820453643798828
21016,6.88785982131958
21017,2.4728057384490967
21018,2.415510416030884
21019,35.918426513671875
21020,8.749617576599121
21021,3.98236346244812
21022,54.3538932800293
21023,4.261857509613037
21024,9.015872955322266
21025,12.34377670288086
21026,100.01429748535156
21027,71.40503692626953
21028,25.400341033935547
21029,38.664085388183594
21030,34.365013122558594
21031,29.529895782470703
21032,6.728674411773682
21033,2.397250175476074
21034,31.797565460205078
21035,7.672203063964844
21036,3.100278854370117
21037,33.083343505859375
21038,7.39017391204834
21039,2.9957075119018555
21040,33.621768951416016
21041,7.654233455657959
21042,3.204996347427368
21043,31.53694725036621
21044,7.562890529632568
21045,3.025617837905884
21046,31.939620971679688
21047,7.668540954589844
21048,3.083545684814453
21049,33.48709487915039
21050,8.336203575134277
21051,3.926802158355713
21052,32.999755859375
21053,7.563515663146973
21054,3.388719081878662
21055,32.14550018310547
21056,7.517733097076416
21057,3.0965819358825684
21058,32.062355041503906
21059,7.306192398071289
21060,2.9367215633392334
21061,30.31046485900879
21062,6.792762756347656
21063,2.3673059940338135
21064,29.613967895507812
21065,9.010948181152344
21066,3.468294620513916
21067,30.68613624572754
21068,7.847106456756592
21069,3.2272655963897705
21070,33.032718658447266
21071,7.363268852233887
21072,2.9787116050720215
21073,33.24006652832031
21074,7.35575532913208
21075,2.9419524669647217
21076,30.68977928161621
21077,6.911118984222412
21078,2.637367010116577
21079,30.68977928161621
21080,6.911118984222412
21081,2.637367010116577
21082,13.062997817993164
21083,11.539968490600586
21084,30.717422485351562
21085,6.9412665367126465
21086,2.4451637268066406
21087,4.19018030166626
21088,32.61618423461914
21089,9.830354690551758
21090,4.795720100402832
21091,11.558527946472168
21092,37.37916564941406
21093,10.430893898010254
21094,5.220523357391357
21095,34.141666412353516
21096,10.01156234741211
21097,5.759704113006592
21098,35.122554779052734
21099,19.489633560180664
21100,12.564068794250488
21101,3.3995895385742188
21102,7.8604736328125
21103,4.072074890136719
21104,7.571892738342285
21105,2.629218578338623
21106,8.212409973144531
21107,10.840998649597168
21108,32.645782470703125
21109,7.650858402252197
21110,3.1483397483825684
21111,7.404064655303955
21112,4.251114368438721
21113,14.096231460571289
21114,7.373618125915527
21115,5.533486843109131
21116,4.083197116851807
21117,7.6883978843688965
21118,8.298897743225098
21119,35.34339904785156
21120,9.623588562011719
21121,4.042043685913086
21122,29.209007263183594
21123,6.953310012817383
21124,2.436060667037964
21125,31.66022300720215
21126,7.611825466156006
21127,3.129164218902588
21128,32.61980438232422
21129,7.6153788566589355
21130,2.574486494064331
21131,5.469051361083984
21132,11.607604026794434
21133,5.848859786987305
21134,6.2181572914123535
21135,3.5854740142822266
21136,6.926228046417236
21137,4.532675743103027
21138,11.455896377563477
21139,4.498878479003906
21140,30.087621688842773
21141,6.913087844848633
21142,3.1555707454681396
21143,31.2551326751709
21144,8.317702293395996
21145,4.4265971183776855
21146,5.391277313232422
21147,6.703653335571289
21148,36.04404067993164
21149,8.850536346435547
21150,3.6922826766967773
21151,3.7692441940307617
21152,3.84855055809021
21153,32.11445236206055
21154,8.006741523742676
21155,3.40105938911438
21156,1.7101166248321533
21157,16.094715118408203
21158,32.68709945678711
21159,60.416473388671875
21160,45.76631164550781
21161,39.233177185058594
21162,31.85269546508789
21163,27.749147415161133
21164,27.288352966308594
21165,25.430068969726562
21166,24.540821075439453
21167,67.03462219238281
21168,49.02687454223633
21169,44.818443298339844
21170,36.872257232666016
21171,35.526912689208984
21172,37.17432403564453
21173,36.627899169921875
21174,36.063072204589844
21175,4.839077472686768
21176,2.5232162475585938
21177,53.36036682128906
21178,27.370800018310547
21179,6.3824052810668945
21180,2.674875497817993
21181,11.62203598022461
21182,7.897703647613525
21183,6.81601095199585
21184,4.923977851867676
21185,29.176530838012695
21186,7.166945457458496
21187,3.1587936878204346
21188,3.3213155269622803
21189,3.6570756435394287
21190,3.4652278423309326
21191,1.8255778551101685
21192,4.688051223754883
21193,10.68544864654541
21194,7.225296974182129
21195,5.9897613525390625
21196,4.9551496505737305
21197,3.059398889541626
21198,3.204238176345825
21199,6.129526615142822
21200,3.366333484649658
21201,36.13097381591797
21202,24.2085018157959
21203,18.494279861450195
21204,10.674379348754883
21205,8.242278099060059
21206,55.7279167175293
21207,20.63361167907715
21208,13.835257530212402
21209,10.894243240356445
21210,9.427407264709473
21211,50.68730926513672
21212,8.798188209533691
21213,15.547924041748047
21214,15.717598915100098
21215,6.715198040008545
21216,5.227419376373291
21217,5.484836578369141
21218,2.5512313842773438
21219,35.011863708496094
21220,11.801556587219238
21221,7.087127208709717
21222,29.267610549926758
21223,8.465953826904297
21224,3.1978824138641357
21225,1.408448338508606
21226,3.3140969276428223
21227,28.789827346801758
21228,6.991751670837402
21229,2.6863152980804443
21230,3.747978448867798
21231,3.353987216949463
21232,2.3872129917144775
21233,3.615715742111206
21234,7.07597541809082
21235,10.293689727783203
21236,10.165204048156738
21237,98.45262145996094
21238,67.43128967285156
21239,4.0030622482299805
21240,56.3196907043457
21241,10.151702880859375
21242,149.0630645751953
21243,73.58025360107422
21244,46.325096130371094
21245,35.500648498535156
21246,28.243057250976562
21247,57.072696685791016
21248,33.065032958984375
21249,9.050844192504883
21250,4.6676740646362305
21251,30.0122127532959
21252,6.800720691680908
21253,2.4962165355682373
21254,32.484683990478516
21255,9.168567657470703
21256,5.011080265045166
21257,16.849079132080078
21258,35.52135467529297
21259,8.78122329711914
21260,3.9164011478424072
21261,1.1787906885147095
21262,1.6015918254852295
21263,1.3823425769805908
21264,62.959022521972656
21265,34.277137756347656
21266,8.790266990661621
21267,4.896543502807617
21268,34.044921875
21269,10.223448753356934
21270,5.184258460998535
21271,1.7357207536697388
21272,1.6103800535202026
21273,2.683265209197998
21274,3.28096342086792
21275,7.284785747528076
21276,15.531596183776855
21277,32.14620590209961
21278,31.03072738647461
21279,7.547607421875
21280,3.2865939140319824
21281,32.847076416015625
21282,9.324869155883789
21283,3.8439717292785645
21284,32.010101318359375
21285,8.93555736541748
21286,3.726719856262207
21287,31.307781219482422
21288,28.612157821655273
21289,7.858063220977783
21290,3.9088361263275146
21291,8.640403747558594
21292,6.659677505493164
21293,7.6631059646606445
21294,163.76446533203125
21295,80.1390151977539
21296,68.50493621826172
21297,41.20294952392578
21298,165.81442260742188
21299,81.16432189941406
21300,69.7199478149414
21301,41.677337646484375
21302,49.086753845214844
21303,32.05160903930664
21304,8.818062782287598
21305,4.490774631500244
21306,32.72690200805664
21307,10.192049026489258
21308,4.676818370819092
21309,30.50263786315918
21310,7.297642230987549
21311,2.9154887199401855
21312,31.87674331665039
21313,8.072614669799805
21314,3.9634134769439697
21315,1.4823474884033203
21316,3.0757579803466797
21317,1.5980689525604248
21318,3.2932021617889404
21319,2.4410629272460938
21320,3.8083324432373047
21321,4.595855236053467
21322,37.91969680786133
21323,9.519835472106934
21324,4.280589580535889
21325,36.408599853515625
21326,8.991854667663574
21327,3.966705322265625
21328,4.727033615112305
21329,2.599358558654785
21330,2.6264524459838867
21331,60.89743423461914
21332,5.6483025550842285
21333,29.98371124267578
21334,1.9739766120910645
21335,2.126145362854004
21336,27.473159790039062
21337,3.625241756439209
21338,7.066004276275635
21339,5.780407905578613
21340,5.039409160614014
21341,4.70298957824707
21342,5.317811489105225
21343,4.103946685791016
21344,4.408731460571289
21345,32.37310028076172
21346,7.961874961853027
21347,3.0051071643829346
21348,31.593048095703125
21349,7.318170547485352
21350,2.70196795463562
21351,37.42266082763672
21352,8.848394393920898
21353,3.4248154163360596
21354,31.738136291503906
21355,7.323606014251709
21356,2.70246958732605
21357,31.806921005249023
21358,7.069517135620117
21359,2.173765182495117
21360,37.08050537109375
21361,8.771064758300781
21362,3.372802257537842
21363,33.585208892822266
21364,8.077768325805664
21365,3.3032569885253906
21366,35.588645935058594
21367,8.249933242797852
21368,3.411226272583008
21369,36.78738021850586
21370,8.640501022338867
21371,3.722123622894287
21372,36.78738021850586
21373,8.640501022338867
21374,3.722123622894287
21375,32.17369079589844
21376,7.575231552124023
21377,3.4836831092834473
21378,1.6541203260421753
21379,1.667553186416626
21380,2.0243728160858154
21381,1.8154380321502686
21382,4.614401817321777
21383,30.643356323242188
21384,6.555230140686035
21385,2.7989819049835205
21386,30.11147689819336
21387,6.473057746887207
21388,2.7237229347229004
21389,27.984840393066406
21390,29.984094619750977
21391,28.140939712524414
21392,28.22774314880371
21393,4.258307933807373
21394,4.2955098152160645
21395,31.692424774169922
21396,38.20000076293945
21397,11.872284889221191
21398,6.071598529815674
21399,33.429603576660156
21400,9.639823913574219
21401,5.266292572021484
21402,3.486143112182617
21403,1.3037346601486206
21404,33.17533874511719
21405,8.030943870544434
21406,7.353082180023193
21407,7.81048059463501
21408,13.946098327636719
21409,3.3621864318847656
21410,5.01337194442749
21411,5.830709457397461
21412,4.410229682922363
21413,2.9730098247528076
21414,10.004867553710938
21415,2.535081386566162
21416,54.891780853271484
21417,22.715030670166016
21418,3.037220001220703
21419,8.480230331420898
21420,10.417963981628418
21421,40.38215637207031
21422,32.52687072753906
21423,8.255132675170898
21424,2.8490102291107178
21425,8.870887756347656
21426,34.24911117553711
21427,8.791654586791992
21428,4.214323043823242
21429,34.543087005615234
21430,9.091360092163086
21431,4.510415077209473
21432,9.767096519470215
21433,34.52198028564453
21434,9.088869094848633
21435,4.809701442718506
21436,38.15845489501953
21437,10.43708324432373
21438,6.1731061935424805
21439,57.59314727783203
21440,188.20016479492188
21441,124.93096160888672
21442,88.60074615478516
21443,32.80193328857422
21444,8.7852783203125
21445,4.168002605438232
21446,35.615501403808594
21447,9.306522369384766
21448,4.454931259155273
21449,4.31925106048584
21450,42.5081672668457
21451,3.2211854457855225
21452,12.757857322692871
21453,24.485151290893555
21454,29.740894317626953
21455,8.350988388061523
21456,7.166557312011719
21457,4.192838191986084
21458,6.269700050354004
21459,14.169781684875488
21460,22.541841506958008
21461,32.036582946777344
21462,29.67251968383789
21463,3.8974609375
21464,33.91005325317383
21465,12.827568054199219
21466,6.230940818786621
21467,34.281429290771484
21468,4.688511371612549
21469,5.32274866104126
21470,42.541015625
21471,32.18925476074219
21472,1.5281965732574463
21473,20.471269607543945
21474,32.1527214050293
21475,27.212139129638672
21476,15.26456069946289
21477,4.025693416595459
21478,7.6142096519470215
21479,2.4187381267547607
21480,34.35162353515625
21481,4.0253520011901855
21482,4.4492974281311035
21483,4.016180515289307
21484,11.606552124023438
21485,7.819254398345947
21486,6.536462306976318
21487,66.98485565185547
21488,38.07197952270508
21489,128.58998107910156
21490,42.754154205322266
21491,32.80625534057617
21492,20.25336456298828
21493,32.68514633178711
21494,9.629185676574707
21495,4.352675914764404
21496,14.936059951782227
21497,7.020747184753418
21498,10.111673355102539
21499,7.873778343200684
21500,2.770953416824341
21501,33.809444427490234
21502,8.314617156982422
21503,3.507786512374878
21504,9.806477546691895
21505,33.63981246948242
21506,8.643908500671387
21507,3.619676113128662
21508,31.85773468017578
21509,7.914854049682617
21510,2.701815366744995
21511,33.446250915527344
21512,8.25207805633545
21513,3.6275105476379395
21514,33.515716552734375
21515,8.070062637329102
21516,3.442085027694702
21517,4.270624160766602
21518,4.705700397491455
21519,4.270624160766602
21520,31.2408504486084
21521,7.2313232421875
21522,2.6062028408050537
21523,31.60099220275879
21524,7.222873210906982
21525,2.599060535430908
21526,6.128630638122559
21527,6.128630638122559
21528,6.888147354125977
21529,5.954003810882568
21530,6.502338409423828
21531,130.5341033935547
21532,85.72755432128906
21533,4.326747894287109
21534,3.4326539039611816
21535,34.73884963989258
21536,10.487550735473633
21537,6.60850715637207
21538,24.697725296020508
21539,5.372982978820801
21540,1.9384441375732422
21541,26.308971405029297
21542,5.844911575317383
21543,2.282155752182007
21544,25.598569869995117
21545,5.568654537200928
21546,2.093006134033203
21547,25.902780532836914
21548,6.186925411224365
21549,2.403271198272705
21550,15.028325080871582
21551,5.5148539543151855
21552,31.51979637145996
21553,6.764822006225586
21554,2.346121311187744
21555,31.478757858276367
21556,7.572983264923096
21557,2.9918923377990723
21558,5.993772029876709
21559,52.34469223022461
21560,55.17109680175781
21561,35.83768081665039
21562,8.459446907043457
21563,3.302123785018921
21564,31.109973907470703
21565,7.937509536743164
21566,2.7735111713409424
21567,32.402984619140625
21568,8.672183990478516
21569,3.464766025543213
21570,36.05176544189453
21571,8.349638938903809
21572,3.0772926807403564
21573,29.45485496520996
21574,6.979844093322754
21575,2.7229084968566895
21576,26.327322006225586
21577,7.019346714019775
21578,3.7733511924743652
21579,30.553619384765625
21580,8.621638298034668
21581,3.662137985229492
21582,4.0789713859558105
21583,4.945633411407471
21584,6.39858865737915
21585,3.9271597862243652
21586,14.195786476135254
21587,34.45402145385742
21588,17.04019546508789
21589,33.06706237792969
21590,86.91716766357422
21591,20.075395584106445
21592,9.308396339416504
21593,9.854963302612305
21594,2.096895456314087
21595,12.656041145324707
21596,4.625743865966797
21597,6.442922592163086
21598,30.405603408813477
21599,8.589098930358887
21600,3.665530204772949
21601,29.881208419799805
21602,6.809484481811523
21603,2.4943952560424805
21604,30.124027252197266
21605,6.806088447570801
21606,2.3942201137542725
21607,3.978787422180176
21608,22.407211303710938
21609,10.388331413269043
21610,8.486766815185547
21611,12.25645923614502
21612,34.17333221435547
21613,10.246936798095703
21614,5.150524139404297
21615,6.236656665802002
21616,5.564668655395508
21617,12.373435020446777
21618,33.44548034667969
21619,8.304977416992188
21620,3.843104600906372
21621,7.270803451538086
21622,7.97291898727417
21623,6.855569839477539
21624,3.998997688293457
21625,4.596764087677002
21626,10.490165710449219
21627,15.933015823364258
21628,9.789491653442383
21629,8.353901863098145
21630,18.981311798095703
21631,10.43088436126709
21632,5.772373676300049
21633,12.365857124328613
21634,5.510815620422363
21635,10.454784393310547
21636,8.9208402633667
21637,24.367650985717773
21638,22.359527587890625
21639,13.90860652923584
21640,10.983794212341309
21641,12.248220443725586
21642,13.437222480773926
21643,13.871390342712402
21644,13.871390342712402
21645,39.717262268066406
21646,6.609787940979004
21647,7.264920234680176
21648,39.85551071166992
21649,6.677867412567139
21650,7.308757781982422
21651,6.182573318481445
21652,20.43852424621582
21653,69.18956756591797
21654,44.06566619873047
21655,9.934466361999512
21656,3.957702159881592
21657,3.933237075805664
21658,3.8048462867736816
21659,6.162947654724121
21660,4.815422058105469
21661,26.290433883666992
21662,5.689134120941162
21663,1.7046009302139282
21664,29.68486785888672
21665,6.960428237915039
21666,2.59867262840271
21667,31.009536743164062
21668,7.293421745300293
21669,2.8399109840393066
21670,30.19289207458496
21671,6.708557605743408
21672,2.1335511207580566
21673,29.4544620513916
21674,6.482027530670166
21675,2.1931076049804688
21676,29.50068473815918
21677,6.50452995300293
21678,2.0932271480560303
21679,26.42767906188965
21680,12.337220191955566
21681,15.267494201660156
21682,16.082956314086914
21683,50.43994140625
21684,30.086788177490234
21685,22.08096694946289
21686,24.547191619873047
21687,17.473514556884766
21688,15.282491683959961
21689,22.199329376220703
21690,32.967140197753906
21691,8.627477645874023
21692,3.628551959991455
21693,5.74678897857666
21694,1.8720817565917969
21695,38.85383605957031
21696,10.337471961975098
21697,5.276489734649658
21698,7.235959529876709
21699,7.267429351806641
21700,3.406921148300171
21701,1.3637202978134155
21702,17.483558654785156
21703,13.806074142456055
21704,9.078093528747559
21705,5.060914039611816
21706,7.121001243591309
21707,2.7550289630889893
21708,29.031185150146484
21709,6.670241832733154
21710,2.636547803878784
21711,17.277313232421875
21712,29.967788696289062
21713,9.166135787963867
21714,4.233321189880371
21715,4.4614458084106445
21716,5.065239906311035
21717,26.860027313232422
21718,5.423270225524902
21719,38.021480560302734
21720,14.708094596862793
21721,7.629490852355957
21722,6.7012810707092285
21723,31.23418426513672
21724,7.1040544509887695
21725,2.682647705078125
21726,35.997108459472656
21727,9.251474380493164
21728,4.281554698944092
21729,38.19657516479492
21730,10.010364532470703
21731,5.176469802856445
21732,35.246646881103516
21733,10.749734878540039
21734,6.3876261711120605
21735,15.864851951599121
21736,2.965792655944824
21737,7.132330894470215
21738,5.104569435119629
21739,34.39769744873047
21740,30.5925350189209
21741,6.892019271850586
21742,2.513885736465454
21743,34.66138458251953
21744,7.7597455978393555
21745,2.347355842590332
21746,32.63545227050781
21747,7.085518836975098
21748,2.08425235748291
21749,91.15819549560547
21750,54.250980377197266
21751,39.0706901550293
21752,31.388805389404297
21753,22.77426528930664
21754,30.213165283203125
21755,7.0289506912231445
21756,2.6481168270111084
21757,5.484603404998779
21758,6.156488418579102
21759,6.9543137550354
21760,6.511066913604736
21761,5.37846565246582
21762,5.533390522003174
21763,5.246304988861084
21764,2.6282219886779785
21765,37.490055084228516
21766,9.735349655151367
21767,4.722401142120361
21768,30.23990249633789
21769,6.702398777008057
21770,2.3493473529815674
21771,29.90475082397461
21772,6.550273418426514
21773,1.8139768838882446
21774,31.221723556518555
21775,6.681765079498291
21776,1.8803679943084717
21777,32.067745208740234
21778,8.281050682067871
21779,3.8739349842071533
21780,32.10139083862305
21781,8.30607795715332
21782,3.860840320587158
21783,35.77174377441406
21784,8.775464057922363
21785,3.9157140254974365
21786,34.975318908691406
21787,8.438713073730469
21788,3.613280773162842
21789,6.301286697387695
21790,34.81248092651367
21791,10.041114807128906
21792,6.060636043548584
21793,32.56102752685547
21794,8.794736862182617
21795,4.581064701080322
21796,3.2939271926879883
21797,4.721148490905762
21798,9.018077850341797
21799,8.8055419921875
21800,4.284422397613525
21801,31.73965072631836
21802,32.68189239501953
21803,7.982665538787842
21804,3.3853676319122314
21805,30.156600952148438
21806,6.673410415649414
21807,2.2448458671569824
21808,30.340303421020508
21809,6.45769739151001
21810,1.775001049041748
21811,45.52176284790039
21812,13.006598472595215
21813,70.65381622314453
21814,42.81915283203125
21815,36.258079528808594
21816,31.99110984802246
21817,24.932628631591797
21818,19.861238479614258
21819,18.479896545410156
21820,17.364805221557617
21821,5.034432411193848
21822,5.0803656578063965
21823,5.925105094909668
21824,5.672632217407227
21825,5.68867301940918
21826,5.697744846343994
21827,8.075687408447266
21828,11.525752067565918
21829,6.2886881828308105
21830,5.294434070587158
21831,36.994956970214844
21832,35.94314193725586
21833,8.811578750610352
21834,3.923668384552002
21835,12.853604316711426
21836,9.310295104980469
21837,11.178827285766602
21838,9.831368446350098
21839,9.910419464111328
21840,11.173067092895508
21841,9.283191680908203
21842,9.798868179321289
21843,9.543265342712402
21844,2.5989837646484375
21845,31.363767623901367
21846,7.064417839050293
21847,2.4010536670684814
21848,31.006662368774414
21849,7.042105674743652
21850,2.398326873779297
21851,26.634859085083008
21852,6.118757247924805
21853,2.1019794940948486
21854,32.493160247802734
21855,8.111839294433594
21856,3.0530385971069336
21857,36.37940216064453
21858,8.402933120727539
21859,2.7780356407165527
21860,31.2291259765625
21861,7.065856456756592
21862,2.115159511566162
21863,37.78117752075195
21864,9.736186981201172
21865,4.69439172744751
21866,35.341835021972656
21867,8.557337760925293
21868,3.770817995071411
21869,36.75431442260742
21870,9.2131929397583
21871,4.265737056732178
21872,38.804752349853516
21873,41.70513153076172
21874,10.09722900390625
21875,11.70490837097168
21876,4.963653087615967
21877,6.192850589752197
21878,34.75446701049805
21879,9.593915939331055
21880,5.331498622894287
21881,39.538307189941406
21882,10.551414489746094
21883,5.376128673553467
21884,5.193329811096191
21885,30.914936065673828
21886,8.448718070983887
21887,3.006836414337158
21888,60.59690856933594
21889,36.657508850097656
21890,34.012855529785156
21891,19.420616149902344
21892,17.98287582397461
21893,17.104290008544922
21894,13.288383483886719
21895,30.418922424316406
21896,6.863748550415039
21897,2.449580192565918
21898,9.677555084228516
21899,7.117469310760498
21900,4.125457286834717
21901,3.6319100856781006
21902,33.579063415527344
21903,7.665890693664551
21904,2.6549201011657715
21905,37.49423599243164
21906,8.925924301147461
21907,4.086788654327393
21908,6.066495895385742
21909,5.544875621795654
21910,5.274533748626709
21911,5.270391941070557
21912,3.424835681915283
21913,29.71048355102539
21914,6.351324081420898
21915,1.8188692331314087
21916,29.84332847595215
21917,6.371581554412842
21918,1.8195291757583618
21919,7.387887954711914
21920,7.230958938598633
21921,6.264118194580078
21922,6.2023091316223145
21923,3.477046489715576
21924,13.207295417785645
21925,18.155696868896484
21926,4.914649963378906
21927,5.6896257400512695
21928,4.39458703994751
21929,33.40876770019531
21930,4.871601581573486
21931,26.178998947143555
21932,31.006160736083984
21933,6.960783004760742
21934,2.5618228912353516
21935,31.929264068603516
21936,7.416889190673828
21937,2.9332833290100098
21938,36.58784103393555
21939,2.8603415489196777
21940,3.313373565673828
21941,34.8182258605957
21942,7.8912482261657715
21943,2.8248112201690674
21944,31.56416893005371
21945,6.966557502746582
21946,2.201956033706665
21947,31.39134979248047
21948,3.646711587905884
21949,29.88628387451172
21950,22.46951675415039
21951,20.35146141052246
21952,34.86341857910156
21953,7.840973854064941
21954,2.7781004905700684
21955,7.130751132965088
21956,5.648160457611084
21957,5.765536308288574
21958,5.4111552238464355
21959,5.3259429931640625
21960,5.434066295623779
21961,4.567409992218018
21962,11.204727172851562
21963,10.596813201904297
21964,21.374731063842773
21965,10.638712882995605
21966,18.11650276184082
21967,13.260915756225586
21968,7.010936260223389
21969,68.99097442626953
21970,53.46883773803711
21971,134.4594268798828
21972,202.3681640625
21973,32.88275146484375
21974,8.426734924316406
21975,4.408143997192383
21976,46.03215408325195
21977,19.110858917236328
21978,16.736408233642578
21979,18.37078285217285
21980,22.083518981933594
21981,9.988399505615234
21982,45.89828872680664
21983,28.443416595458984
21984,8.228270530700684
21985,4.115072250366211
21986,30.32350730895996
21987,8.748846054077148
21988,4.330230712890625
21989,44.23056411743164
21990,31.37335968017578
21991,2.642798900604248
21992,2.779642343521118
21993,6.156973838806152
21994,3.1623363494873047
21995,3.062558889389038
21996,18.160137176513672
21997,10.164777755737305
21998,17.458765029907227
21999,12.449348449707031
22000,9.919880867004395
22001,6.688339710235596
22002,5.576447486877441
22003,3.727105140686035
22004,5.199211120605469
22005,9.741825103759766
22006,5.000360488891602
22007,3.027864456176758
22008,27.151409149169922
22009,6.4402756690979
22010,2.542177438735962
22011,30.33648109436035
22012,32.506656646728516
22013,19.21687126159668
22014,13.3767671585083
22015,3.511683702468872
22016,5.541041851043701
22017,28.442699432373047
22018,8.273656845092773
22019,4.189937591552734
22020,29.03441047668457
22021,7.8683271408081055
22022,4.203757286071777
22023,31.3552303314209
22024,8.330336570739746
22025,4.104960918426514
22026,27.90803337097168
22027,7.317452907562256
22028,3.3541433811187744
22029,62.94145584106445
22030,2.782336711883545
22031,3.008837938308716
22032,92.26969909667969
22033,4.176304340362549
22034,15.739022254943848
22035,33.747676849365234
22036,23.558624267578125
22037,18.530160903930664
22038,28.512943267822266
22039,21.678335189819336
22040,19.432334899902344
22041,15.953350067138672
22042,14.43157958984375
22043,12.619779586791992
22044,25.0914249420166
22045,19.235395431518555
22046,17.739608764648438
22047,12.310874938964844
22048,11.535494804382324
22049,10.292664527893066
22050,16.469255447387695
22051,15.194340705871582
22052,8.757139205932617
22053,12.631784439086914
22054,7.929078102111816
22055,6.606843948364258
22056,4.7369384765625
22057,4.109073638916016
22058,3.5535390377044678
22059,14.816506385803223
22060,9.018804550170898
22061,8.016271591186523
22062,5.643984794616699
22063,4.914664268493652
22064,4.302889823913574
22065,17.467912673950195
22066,10.838005065917969
22067,9.679207801818848
22068,7.038422584533691
22069,5.909418106079102
22070,5.201430320739746
22071,14.813844680786133
22072,8.80982780456543
22073,7.27318000793457
22074,4.845093727111816
22075,4.460531711578369
22076,3.7234275341033936
22077,21.010194778442383
22078,12.512336730957031
22079,10.635566711425781
22080,7.62109899520874
22081,6.376224517822266
22082,5.467355728149414
22083,18.487396240234375
22084,3.375884532928467
22085,3.061288595199585
22086,5.407952308654785
22087,35.32044982910156
22088,8.822626113891602
22089,3.664889097213745
22090,35.289390563964844
22091,8.786585807800293
22092,3.645921468734741
22093,36.733375549316406
22094,8.528463363647461
22095,2.9211695194244385
22096,2.2575643062591553
22097,43.36656188964844
22098,10.896526336669922
22099,17.10753631591797
22100,28.53406524658203
22101,31.941020965576172
22102,32.42675018310547
22103,9.864259719848633
22104,5.552973747253418
22105,32.360347747802734
22106,9.846824645996094
22107,5.526088237762451
22108,5.006900787353516
22109,27.97247314453125
22110,6.009685039520264
22111,2.13201904296875
22112,27.380027770996094
22113,6.019472599029541
22114,2.1619808673858643
22115,3.929720878601074
22116,4.022957801818848
22117,7.504963397979736
22118,3.002948522567749
22119,9.095290184020996
22120,81.35791015625
22121,62.66572570800781
22122,1.4204331636428833
22123,97.96562194824219
22124,6.1647772789001465
22125,3.342355728149414
22126,30.033599853515625
22127,7.598001003265381
22128,3.6239752769470215
22129,3.4970362186431885
22130,3.5668206214904785
22131,2.4916718006134033
22132,29.321910858154297
22133,6.028403282165527
22134,2.2385613918304443
22135,30.593067169189453
22136,6.275400638580322
22137,2.447542190551758
22138,3.712160110473633
22139,6.077293872833252
22140,3.4587461948394775
22141,6.081822395324707
22142,4.739704608917236
22143,6.862085342407227
22144,6.365949630737305
22145,6.074160575866699
22146,6.402708530426025
22147,6.8341264724731445
22148,5.260142803192139
22149,6.894231796264648
22150,5.075469493865967
22151,6.482001304626465
22152,4.8668928146362305
22153,6.183571815490723
22154,4.100156784057617
22155,5.634468078613281
22156,3.6120645999908447
22157,5.680560111999512
22158,6.229072093963623
22159,28.34037971496582
22160,6.279436111450195
22161,4.820804119110107
22162,22.146724700927734
22163,1.4407386779785156
22164,84.4206771850586
22165,5.86984920501709
22166,30.41721534729004
22167,16.99239158630371
22168,15.554943084716797
22169,10.746109962463379
22170,9.101859092712402
22171,8.013150215148926
22172,6.479447841644287
22173,7.499711513519287
22174,4.4426350593566895
22175,7.439463138580322
22176,7.341505527496338
22177,1.9292819499969482
22178,3.3623480796813965
22179,4.481573104858398
22180,7.860517501831055
22181,238.10977172851562
22182,130.4512176513672
22183,82.25502014160156
22184,66.41392517089844
22185,57.804832458496094
22186,7.794734954833984
22187,6.648667812347412
22188,7.1683430671691895
22189,5.111416339874268
22190,30.776338577270508
22191,7.596826553344727
22192,3.0823802947998047
22193,31.637798309326172
22194,7.535288333892822
22195,2.8798320293426514
22196,34.887840270996094
22197,8.3574857711792
22198,3.0466065406799316
22199,4.184324741363525
22200,3.9836137294769287
22201,54.443634033203125
22202,6.9703264236450195
22203,3.9296751022338867
22204,10.847813606262207
22205,6.287538051605225
22206,3.07059645652771
22207,2.9060845375061035
22208,2.649045467376709
22209,9.392539978027344
22210,2.479862689971924
22211,2.443528175354004
22212,2.4979190826416016
22213,2.351409673690796
22214,4.219454288482666
22215,4.004185676574707
22216,3.7977728843688965
22217,35.39200973510742
22218,10.747649192810059
22219,5.716290473937988
22220,32.46461486816406
22221,9.675418853759766
22222,4.625370979309082
22223,19.56600570678711
22224,16.428075790405273
22225,15.137853622436523
22226,12.196849822998047
22227,18.69670295715332
22228,28.921043395996094
22229,32.125484466552734
22230,67.16159057617188
22231,61.809776306152344
22232,20.95733070373535
22233,6.406291484832764
22234,6.338561534881592
22235,30.612852096557617
22236,6.717621803283691
22237,2.22517728805542
22238,9.95423412322998
22239,42.95072555541992
22240,77.64485168457031
22241,1.5411462783813477
22242,3.7037668228149414
22243,4.426329135894775
22244,7.07668924331665
22245,5.730252742767334
22246,2.4509737491607666
22247,1.5012961626052856
22248,18.448955535888672
22249,14.102968215942383
22250,2.8044843673706055
22251,65.12509155273438
22252,65.17306518554688
22253,2.506287097930908
22254,3.8651463985443115
22255,3.8338959217071533
22256,3.8747456073760986
22257,30.195911407470703
22258,8.818723678588867
22259,4.209803581237793
22260,7.710884094238281
22261,4.130620956420898
22262,3.8465075492858887
22263,7.018623352050781
22264,5.328359127044678
22265,5.357081890106201
22266,4.313229084014893
22267,5.4580278396606445
22268,8.342519760131836
22269,5.94157075881958
22270,7.431908130645752
22271,6.529673099517822
22272,1.5460596084594727
22273,5.671115398406982
22274,4.75237512588501
22275,41.295677185058594
22276,2.5814900398254395
22277,10.302983283996582
22278,7.983699321746826
22279,5.928869247436523
22280,4.445244312286377
22281,80.70082092285156
22282,17.23982810974121
22283,5.362837314605713
22284,15.2164306640625
22285,4.505303382873535
22286,22.230487823486328
22287,22.76746368408203
22288,15.131532669067383
22289,30.21938705444336
22290,2.769773483276367
22291,5.018619537353516
22292,6.296075344085693
22293,9.357694625854492
22294,13.739811897277832
22295,2.0422065258026123
22296,2.019899368286133
22297,4.403042316436768
22298,10.357223510742188
22299,7.975495338439941
22300,9.311075210571289
22301,6.975906848907471
22302,40.75350570678711
22303,25.365676879882812
22304,21.10196304321289
22305,15.080175399780273
22306,12.193538665771484
22307,8.162163734436035
22308,9.370692253112793
22309,5.687509059906006
22310,5.562411308288574
22311,5.386713981628418
22312,2.3674612045288086
22313,2.4971108436584473
22314,5.64664888381958
22315,5.03604793548584
22316,10.292957305908203
22317,9.756475448608398
22318,2.5666558742523193
22319,4.846336841583252
22320,28.800765991210938
22321,6.870652198791504
22322,3.3381168842315674
22323,28.56464958190918
22324,8.196622848510742
22325,4.405440807342529
22326,4.709974765777588
22327,176.146728515625
22328,176.19264221191406
22329,4.641077041625977
22330,3.2750966548919678
22331,2.7649149894714355
22332,2.8738486766815186
22333,119.48259735107422
22334,77.14886474609375
22335,50.58742904663086
22336,14.125141143798828
22337,3.8892340660095215
22338,7.11793327331543
22339,28.511707305908203
22340,13.010993957519531
22341,11.822667121887207
22342,15.049060821533203
22343,12.941716194152832
22344,7.903985023498535
22345,4.944660663604736
22346,8.026371002197266
22347,4.511511325836182
22348,8.4187650680542
22349,4.627334117889404
22350,5.813901901245117
22351,6.133678913116455
22352,3.4577934741973877
22353,8.1726713180542
22354,7.320979595184326
22355,5.651411056518555
22356,4.055552005767822
22357,6.964359283447266
22358,4.262329578399658
22359,5.112878799438477
22360,5.5798420906066895
22361,4.913997173309326
22362,4.511948108673096
22363,5.248998641967773
22364,5.386472702026367
22365,5.829655170440674
22366,5.70449161529541
22367,5.540444850921631
22368,7.018679141998291
22369,6.53877067565918
22370,6.385486125946045
22371,5.885730266571045
22372,5.885730266571045
22373,6.824077606201172
22374,6.005254745483398
22375,8.37904167175293
22376,6.918697834014893
22377,5.572399139404297
22378,4.3938093185424805
22379,4.696460723876953
22380,5.539841175079346
22381,5.536374092102051
22382,5.173618316650391
22383,5.536374092102051
22384,8.60356616973877
22385,3.992605209350586
22386,51.728702545166016
22387,45.86424255371094
22388,7.182669639587402
22389,5.9513840675354
22390,6.292586803436279
22391,10.422847747802734
22392,24.43164825439453
22393,7.239516258239746
22394,6.577203750610352
22395,6.950829982757568
22396,8.281859397888184
22397,6.7777886390686035
22398,3.535367965698242
22399,7.088404178619385
22400,3.6882288455963135
22401,5.832063674926758
22402,3.2245328426361084
22403,5.268526554107666
22404,5.647108554840088
22405,4.401320934295654
22406,6.6629133224487305
22407,4.606825828552246
22408,6.008599281311035
22409,4.238946914672852
22410,6.6669769287109375
22411,4.36362886428833
22412,5.974394798278809
22413,8.192904472351074
22414,5.168372631072998
22415,4.952942848205566
22416,5.850605487823486
22417,5.959176063537598
22418,5.243786811828613
22419,5.409448623657227
22420,6.024230003356934
22421,5.59262752532959
22422,6.437647342681885
22423,4.320565700531006
22424,22.83208465576172
22425,16.183130264282227
22426,16.98263931274414
22427,29.404205322265625
22428,8.655760765075684
22429,4.2719221115112305
22430,6.8665995597839355
22431,9.720389366149902
22432,18.611248016357422
22433,32.87685012817383
22434,8.821367263793945
22435,3.813778877258301
22436,32.49771499633789
22437,8.676775932312012
22438,3.703573703765869
22439,45.89828872680664
22440,34.55527877807617
22441,54.395565032958984
22442,22.046998977661133
22443,20.410846710205078
22444,58.4766845703125
22445,25.844987869262695
22446,15.285177230834961
22447,10.031335830688477
22448,6.806948661804199
22449,6.978142738342285
22450,2.208127021789551
22451,29.316455841064453
22452,4.517278671264648
22453,63.45026397705078
22454,48.81884765625
22455,8.498823165893555
22456,64.6731948852539
22457,47.2122917175293
22458,56.99210739135742
22459,6.6166510581970215
22460,3.8408050537109375
22461,12.611308097839355
22462,11.636451721191406
22463,10.40173625946045
22464,10.9027738571167
22465,9.953324317932129
22466,5.709600925445557
22467,8.365428924560547
22468,4.780208587646484
22469,5.986259460449219
22470,3.811331033706665
22471,5.986259460449219
22472,3.811331033706665
22473,9.078554153442383
22474,5.58489990234375
22475,3.760554075241089
22476,22.57491683959961
22477,35.30572509765625
22478,51.79645538330078
22479,18.56052017211914
22480,22.595918655395508
22481,3.3870229721069336
22482,32.65509033203125
22483,19.140369415283203
22484,46.88022232055664
22485,21.291824340820312
22486,19.723173141479492
22487,15.750030517578125
22488,13.333512306213379
22489,12.354515075683594
22490,11.832074165344238
22491,7.617389678955078
22492,1.958921194076538
22493,13.727922439575195
22494,6.518835544586182
22495,7.842697620391846
22496,10.61709976196289
22497,10.61709976196289
22498,7.013192176818848
22499,8.505597114562988
22500,8.13064956665039
22501,6.707736015319824
22502,33.93585968017578
22503,18.379974365234375
22504,15.851447105407715
22505,14.984631538391113
22506,17.41291618347168
22507,9.756983757019043
22508,21.93931007385254
22509,15.279730796813965
22510,22.01569366455078
22511,56.185909271240234
22512,5.583549499511719
22513,4.712697982788086
22514,8.528572082519531
22515,7.895512104034424
22516,2.092017650604248
22517,23.161325454711914
22518,12.760684967041016
22519,5.793949127197266
22520,4.503200054168701
22521,7.897270202636719
22522,9.438824653625488
22523,23.479175567626953
22524,48.815818786621094
22525,15.392329216003418
22526,10.991445541381836
22527,8.710891723632812
22528,22.624296188354492
22529,106.21564483642578
22530,40.0306396484375
22531,16.225055694580078
22532,11.805871963500977
22533,5.5934343338012695
22534,7.134891510009766
22535,31.299074172973633
22536,7.378551959991455
22537,2.318244695663452
22538,10.110140800476074
22539,9.148366928100586
22540,7.326757907867432
22541,10.89262866973877
22542,12.471720695495605
22543,3.1389341354370117
22544,2.8208603858947754
22545,2.870082378387451
22546,2.399965524673462
22547,2.385091543197632
22548,2.5679378509521484
22549,2.4474947452545166
22550,2.105998992919922
22551,2.051185131072998
22552,32.687503814697266
22553,8.136427879333496
22554,4.308744430541992
22555,17.216711044311523
22556,3.446871280670166
22557,32.853179931640625
22558,488.0843200683594
22559,286.2916259765625
22560,201.05398559570312
22561,159.7462921142578
22562,127.66751098632812
22563,517.8176879882812
22564,287.0035400390625
22565,195.38525390625
22566,161.34539794921875
22567,130.93576049804688
22568,31.743785858154297
22569,31.743785858154297
22570,27.53499412536621
22571,607.0543212890625
22572,351.45733642578125
22573,243.87635803222656
22574,197.95162963867188
22575,156.66705322265625
22576,532.5515747070312
22577,311.1907653808594
22578,214.7455596923828
22579,175.58670043945312
22580,138.85256958007812
22581,600.8009643554688
22582,351.9610290527344
22583,244.4332733154297
22584,199.16253662109375
22585,158.80543518066406
22586,32.660675048828125
22587,12.960274696350098
22588,25.897212982177734
22589,30.43155288696289
22590,32.436248779296875
22591,29.23591423034668
22592,30.699119567871094
22593,33.34584426879883
22594,7.909569263458252
22595,64.37007904052734
22596,51.330909729003906
22597,296.56170654296875
22598,159.19827270507812
22599,5.875833988189697
22600,6.225066184997559
22601,9.41264533996582
22602,11.066154479980469
22603,61.219154357910156
22604,47.05247497558594
22605,11.724303245544434
22606,12.114606857299805
22607,5.689971923828125
22608,10.813676834106445
22609,4.518871307373047
22610,3.8887338638305664
22611,3.940248727798462
22612,74.1349105834961
22613,4.8114190101623535
22614,5.236363410949707
22615,32.15731430053711
22616,8.510645866394043
22617,3.6322073936462402
22618,52.41241455078125
22619,38.74494934082031
22620,29.14495277404785
22621,6.945005893707275
22622,3.2228853702545166
22623,9.69277286529541
22624,3.333953380584717
22625,18.93018341064453
22626,17.53237533569336
22627,17.884479522705078
22628,3.6478195190429688
22629,3.561197519302368
22630,69.26176452636719
22631,49.91865158081055
22632,49.96061706542969
22633,11.112757682800293
22634,9.057538032531738
22635,7.430052757263184
22636,5.812484264373779
22637,4.296374320983887
22638,3.406174659729004
22639,3.154208183288574
22640,2.9324088096618652
22641,2.65869402885437
22642,29.111528396606445
22643,6.791727066040039
22644,2.7798783779144287
22645,51.09090042114258
22646,27.883520126342773
22647,28.792964935302734
22648,1.2180874347686768
22649,18.394420623779297
22650,4.45432186126709
22651,1.677046775817871
22652,19.050086975097656
22653,6.926316738128662
22654,3.757075071334839
22655,6.565304279327393
22656,48.590110778808594
22657,28.535268783569336
22658,22.784709930419922
22659,16.035722732543945
22660,14.197256088256836
22661,12.460601806640625
22662,11.532354354858398
22663,23.72762107849121
22664,10.012970924377441
22665,4.8333868980407715
22666,4.828516006469727
22667,13.120508193969727
22668,7.024869918823242
22669,26.578479766845703
22670,22.08517837524414
22671,21.490949630737305
22672,12.301885604858398
22673,33.24907302856445
22674,6.95045804977417
22675,8.838953971862793
22676,7.636855125427246
22677,8.159371376037598
22678,4.148556709289551
22679,8.243414878845215
22680,3.830609083175659
22681,24.498409271240234
22682,3.729860305786133
22683,3.643526315689087
22684,8.219109535217285
22685,19.581329345703125
22686,10.771370887756348
22687,6.069799423217773
22688,3.9433774948120117
22689,2.7486817836761475
22690,2.4132683277130127
22691,2.256824254989624
22692,2.197697401046753
22693,20.538856506347656
22694,11.18775463104248
22695,5.51347017288208
22696,3.5447003841400146
22697,2.379340171813965
22698,2.0358264446258545
22699,1.8937394618988037
22700,1.8202049732208252
22701,21.2202205657959
22702,11.532707214355469
22703,5.699378967285156
22704,3.714284658432007
22705,2.498443126678467
22706,2.139127492904663
22707,1.976357102394104
22708,1.9107275009155273
22709,19.982009887695312
22710,11.04043197631836
22711,5.491178512573242
22712,3.6063449382781982
22713,2.5183098316192627
22714,2.170867681503296
22715,2.039072275161743
22716,1.9510667324066162
22717,4.665529727935791
22718,10.482300758361816
22719,9.079692840576172
22720,5.363712310791016
22721,5.27923059463501
22722,4.845395565032959
22723,19.716957092285156
22724,10.85881519317627
22725,5.392147541046143
22726,3.563103437423706
22727,2.526638984680176
22728,2.1604604721069336
22729,2.0187408924102783
22730,1.9356536865234375
22731,21.16925811767578
22732,11.700687408447266
22733,5.938760757446289
22734,4.0064520835876465
22735,2.9463210105895996
22736,2.591609477996826
22737,2.4409523010253906
22738,2.3540427684783936
22739,20.470325469970703
22740,11.104057312011719
22741,5.4552531242370605
22742,3.5305163860321045
22743,2.3646328449249268
22744,2.0211727619171143
22745,1.8662914037704468
22746,1.8054583072662354
22747,29.188373565673828
22748,77.00154113769531
22749,1.6898856163024902
22750,22.798791885375977
22751,13.163910865783691
22752,7.481369972229004
22753,5.11703634262085
22754,3.8259799480438232
22755,3.5073962211608887
22756,3.32827091217041
22757,3.2442846298217773
22758,20.566675186157227
22759,11.418156623840332
22760,5.835821151733398
22761,3.9278838634490967
22762,2.904811382293701
22763,2.5375492572784424
22764,2.4003069400787354
22765,2.3104641437530518
22766,30.549983978271484
22767,17.474563598632812
22768,10.446962356567383
22769,6.889268398284912
22770,4.9907965660095215
22771,4.354222297668457
22772,4.021616458892822
22773,3.841259479522705
22774,21.423168182373047
22775,12.15384578704834
22776,6.369541645050049
22777,4.658135414123535
22778,3.5383710861206055
22779,3.1992948055267334
22780,3.0444369316101074
22781,2.9574472904205322
22782,1.5599098205566406
22783,20.760568618774414
22784,11.45616340637207
22785,5.711557865142822
22786,3.7681925296783447
22787,2.634629011154175
22788,2.288991689682007
22789,2.1506597995758057
22790,2.070348024368286
22791,21.56598472595215
22792,12.282760620117188
22793,6.425278663635254
22794,4.623412132263184
22795,3.511913776397705
22796,3.202767848968506
22797,3.0489444732666016
22798,2.968106269836426
22799,20.561721801757812
22800,11.619534492492676
22801,5.9179511070251465
22802,4.097182750701904
22803,2.996328115463257
22804,2.683446168899536
22805,2.5312647819519043
22806,2.444664478302002
22807,22.99990463256836
22808,13.36003303527832
22809,7.107361793518066
22810,5.387416362762451
22811,4.307821273803711
22812,3.9751999378204346
22813,3.8199329376220703
22814,3.7342448234558105
22815,21.699262619018555
22816,12.336356163024902
22817,6.4566650390625
22818,4.655029296875
22819,3.5312180519104004
22820,3.2064476013183594
22821,3.0540990829467773
22822,2.975184202194214
22823,21.458913803100586
22824,12.191633224487305
22825,6.326047420501709
22826,4.503786563873291
22827,3.362628936767578
22828,3.0301513671875
22829,2.8839547634124756
22830,2.803534507751465
22831,21.436140060424805
22832,12.048416137695312
22833,6.386074066162109
22834,4.494810581207275
22835,3.4045913219451904
22836,3.0940072536468506
22837,2.9300525188446045
22838,2.8559954166412354
22839,21.056398391723633
22840,11.870855331420898
22841,6.198843002319336
22842,4.252638339996338
22843,3.1335978507995605
22844,2.778543472290039
22845,2.6381616592407227
22846,2.563805103302002
22847,21.02499771118164
22848,11.602874755859375
22849,5.941774368286133
22850,3.9819133281707764
22851,2.817052125930786
22852,2.4994583129882812
22853,2.3448543548583984
22854,2.2720208168029785
22855,20.75408935546875
22856,11.439579963684082
22857,5.769069671630859
22858,3.837249517440796
22859,2.6540074348449707
22860,2.3468053340911865
22861,2.199761390686035
22862,2.128448724746704
22863,20.75408935546875
22864,11.439579963684082
22865,5.769069671630859
22866,3.837249517440796
22867,2.6540074348449707
22868,2.3468053340911865
22869,2.199761390686035
22870,2.128448724746704
22871,20.29548454284668
22872,10.94369888305664
22873,5.330264568328857
22874,3.4041366577148438
22875,2.2538068294525146
22876,1.926598310470581
22877,1.7843431234359741
22878,1.709598183631897
22879,20.29548454284668
22880,10.94369888305664
22881,5.330264568328857
22882,3.4041366577148438
22883,2.2538068294525146
22884,1.926598310470581
22885,1.7843431234359741
22886,1.709598183631897
22887,22.38483428955078
22888,12.918493270874023
22889,7.075706958770752
22890,5.376795768737793
22891,4.20222806930542
22892,3.8357467651367188
22893,3.6975700855255127
22894,3.6292197704315186
22895,21.639617919921875
22896,12.361784934997559
22897,6.615545272827148
22898,4.975383281707764
22899,3.8118207454681396
22900,3.441964864730835
22901,3.301414728164673
22902,3.2136213779449463
22903,21.92020034790039
22904,12.423513412475586
22905,6.613987922668457
22906,4.587845325469971
22907,3.4452033042907715
22908,3.0919835567474365
22909,2.9625914096832275
22910,2.8884401321411133
22911,35.543609619140625
22912,21.516386032104492
22913,13.683781623840332
22914,11.408337593078613
22915,9.47201156616211
22916,8.90123462677002
22917,8.674042701721191
22918,8.626055717468262
22919,21.384843826293945
22920,12.125651359558105
22921,6.461699485778809
22922,4.593533515930176
22923,3.499218225479126
22924,3.1334943771362305
22925,2.9758589267730713
22926,2.9038476943969727
22927,20.14299774169922
22928,11.387738227844238
22929,6.217703819274902
22930,4.031299114227295
22931,2.8131186962127686
22932,2.5132055282592773
22933,2.3782920837402344
22934,2.278960704803467
22935,169.14488220214844
22936,95.61201477050781
22937,65.55184936523438
22938,52.15225601196289
22939,46.430030822753906
22940,21.372526168823242
22941,11.97595500946045
22942,6.111232757568359
22943,4.153335094451904
22944,3.0903868675231934
22945,2.7716550827026367
22946,2.6216254234313965
22947,2.5475919246673584
22948,20.448787689208984
22949,11.259255409240723
22950,5.585720539093018
22951,3.67661714553833
22952,2.578622341156006
22953,2.229973793029785
22954,2.091052770614624
22955,2.0128884315490723
22956,20.946632385253906
22957,11.531968116760254
22958,5.740692138671875
22959,3.7712438106536865
22960,2.668447732925415
22961,2.302062511444092
22962,2.1528098583221436
22963,2.087224245071411
22964,19.592979431152344
22965,10.634907722473145
22966,5.110079288482666
22967,3.272977590560913
22968,2.2235002517700195
22969,1.8436883687973022
22970,1.6941571235656738
22971,1.6411077976226807
22972,21.8604679107666
22973,12.364180564880371
22974,6.590743064880371
22975,4.702766418457031
22976,3.5770585536956787
22977,3.2742066383361816
22978,3.107764482498169
22979,3.029019355773926
22980,21.668954849243164
22981,12.15031909942627
22982,6.4476213455200195
22983,4.526413440704346
22984,3.1618380546569824
22985,2.8879575729370117
22986,2.779574155807495
22987,2.7205896377563477
22988,20.754627227783203
22989,11.358424186706543
22990,5.731644630432129
22991,3.7805843353271484
22992,2.6168205738067627
22993,2.2744991779327393
22994,2.1245217323303223
22995,2.059696674346924
22996,21.213485717773438
22997,11.945115089416504
22998,6.334042549133301
22999,4.354691028594971
23000,3.2618749141693115
23001,2.910217523574829
23002,2.7701821327209473
23003,2.695366859436035
23004,21.406469345092773
23005,12.021932601928711
23006,6.226151466369629
23007,4.238015174865723
23008,3.162904977798462
23009,2.8155508041381836
23010,2.6792311668395996
23011,2.598705530166626
23012,21.56381607055664
23013,12.126348495483398
23014,6.322155475616455
23015,4.359981536865234
23016,3.277033567428589
23017,2.948399066925049
23018,2.813110113143921
23019,2.730062961578369
23020,20.36564826965332
23021,11.046439170837402
23022,5.3910136222839355
23023,3.474928855895996
23024,2.372250556945801
23025,2.0162739753723145
23026,1.8654887676239014
23027,1.7821513414382935
23028,22.091604232788086
23029,12.399849891662598
23030,6.608388423919678
23031,4.675676345825195
23032,3.525831460952759
23033,3.229431629180908
23034,3.0709264278411865
23035,2.998159408569336
23036,22.216577529907227
23037,12.805120468139648
23038,7.138533592224121
23039,5.145785808563232
23040,3.7815945148468018
23041,3.4404802322387695
23042,3.289564609527588
23043,3.2004990577697754
23044,4.112558841705322
23045,2.676056146621704
23046,2.6126339435577393
23047,21.70368194580078
23048,12.01364803314209
23049,6.008018493652344
23050,3.953458309173584
23051,2.7950167655944824
23052,2.398564577102661
23053,2.2327194213867188
23054,2.1577138900756836
23055,21.72112464904785
23056,12.213772773742676
23057,6.3453826904296875
23058,4.312013626098633
23059,3.22220778465271
23060,2.864920139312744
23061,2.718686580657959
23062,2.636262893676758
23063,24.392826080322266
23064,13.830451011657715
23065,7.8085856437683105
23066,5.6443939208984375
23067,4.41700553894043
23068,4.153219223022461
23069,4.022008895874023
23070,3.9531447887420654
23071,72.5240478515625
23072,28.981658935546875
23073,19.830814361572266
23074,15.707714080810547
23075,13.256129264831543
23076,20.108497619628906
23077,11.15243911743164
23078,5.668442726135254
23079,3.7507729530334473
23080,2.697742462158203
23081,2.3737452030181885
23082,2.2391068935394287
23083,2.1513278484344482
23084,3.43281626701355
23085,2.741703748703003
23086,2.4082889556884766
23087,2.3260059356689453
23088,26.090837478637695
23089,15.665168762207031
23090,9.921674728393555
23091,7.855778694152832
23092,6.639981746673584
23093,6.2876057624816895
23094,6.1383514404296875
23095,6.018770694732666
23096,20.090391159057617
23097,11.125333786010742
23098,5.5965657234191895
23099,3.6543898582458496
23100,2.651902914047241
23101,2.309056043624878
23102,2.1768829822540283
23103,2.087681770324707
23104,22.120235443115234
23105,12.542572975158691
23106,6.569890975952148
23107,4.559603691101074
23108,3.4143314361572266
23109,3.0533223152160645
23110,2.9206671714782715
23111,2.8376522064208984
23112,21.379241943359375
23113,12.139253616333008
23114,6.530479431152344
23115,4.7466254234313965
23116,3.5989506244659424
23117,3.2518603801727295
23118,3.1190054416656494
23119,3.0345072746276855
23120,21.11804962158203
23121,12.001487731933594
23122,6.431605815887451
23123,4.668831825256348
23124,3.5346245765686035
23125,3.1705129146575928
23126,3.035706043243408
23127,2.948448657989502
23128,28.604103088378906
23129,18.043550491333008
23130,11.52440071105957
23131,9.46689510345459
23132,8.06225299835205
23133,7.7954607009887695
23134,7.658031463623047
23135,7.5212554931640625
23136,22.052444458007812
23137,12.478178024291992
23138,6.928620338439941
23139,4.680006980895996
23140,3.4799396991729736
23141,3.154106616973877
23142,2.9903321266174316
23143,2.9160983562469482
23144,22.617633819580078
23145,12.678743362426758
23146,6.840641975402832
23147,4.479444980621338
23148,3.277833938598633
23149,2.897042751312256
23150,2.722824811935425
23151,2.611678123474121
23152,32.40167236328125
23153,22.156721115112305
23154,15.441235542297363
23155,12.370129585266113
23156,10.53183364868164
23157,9.941397666931152
23158,10.243819236755371
23159,10.111133575439453
23160,26.60500144958496
23161,15.464506149291992
23162,9.178665161132812
23163,6.818183898925781
23164,5.483037948608398
23165,5.124698162078857
23166,4.917063236236572
23167,4.808645725250244
23168,26.51885986328125
23169,15.277630805969238
23170,8.88586711883545
23171,6.753649711608887
23172,5.308684349060059
23173,4.964516639709473
23174,4.875814437866211
23175,4.766117572784424
23176,27.474571228027344
23177,14.574357032775879
23178,12.21963119506836
23179,10.298401832580566
23180,8.075174331665039
23181,93.47313690185547
23182,56.426422119140625
23183,34.673866271972656
23184,34.42715072631836
23185,31.527448654174805
23186,157.65380859375
23187,76.48738861083984
23188,52.58870315551758
23189,45.04579162597656
23190,23.34762954711914
23191,12.97903060913086
23192,3.4525363445281982
23193,2.2187232971191406
23194,10.080342292785645
23195,9.73042106628418
23196,5.112343788146973
23197,26.522281646728516
23198,32.763118743896484
23199,9.520127296447754
23200,5.063239097595215
23201,2.058230400085449
23202,6.011573314666748
23203,16.71165657043457
23204,4.142274379730225
23205,6.9194254875183105
23206,5.333989143371582
23207,5.713622570037842
23208,3.7548959255218506
23209,12.229111671447754
23210,6.79012393951416
23211,6.061326503753662
23212,4.4438910484313965
23213,7.5825090408325195
23214,4.936591148376465
23215,6.4242777824401855
23216,7.129284381866455
23217,5.373002052307129
23218,5.2053303718566895
23219,8.826425552368164
23220,8.176351547241211
23221,5.360480308532715
23222,8.638047218322754
23223,6.676602363586426
23224,6.798649311065674
23225,7.936460971832275
23226,8.267627716064453
23227,7.936460971832275
23228,8.267627716064453
23229,6.242124080657959
23230,59.37528610229492
23231,41.03922653198242
23232,36.056922912597656
23233,25.31444549560547
23234,20.81340980529785
23235,18.069320678710938
23236,15.513160705566406
23237,15.289946556091309
23238,35.68948745727539
23239,2.0275917053222656
23240,3.8820853233337402
23241,8.192683219909668
23242,7.41724157333374
23243,38.410926818847656
23244,237.8634490966797
23245,70.59660339355469
23246,25.500703811645508
23247,69.30715942382812
23248,41.83079147338867
23249,27.340534210205078
23250,13.412281036376953
23251,31.041738510131836
23252,34.10010528564453
23253,15.365849494934082
23254,86.94473266601562
23255,6.558570861816406
23256,7.169985771179199
23257,34.21416091918945
23258,34.21416091918945
23259,43.424686431884766
23260,1.721386194229126
23261,1.6628586053848267
23262,1.629644513130188
23263,1.5705411434173584
23264,21.195310592651367
23265,41.0376091003418
23266,26.21681785583496
23267,22.960819244384766
23268,16.17723846435547
23269,13.236390113830566
23270,12.11871337890625
23271,10.826237678527832
23272,10.522693634033203
23273,34.49129867553711
23274,22.82520866394043
23275,20.202465057373047
23276,14.386693954467773
23277,11.472221374511719
23278,10.572604179382324
23279,9.442594528198242
23280,9.162497520446777
23281,5.368428707122803
23282,80.54383850097656
23283,18.339794158935547
23284,1.9749393463134766
23285,1.944417953491211
23286,10.616902351379395
23287,27.229591369628906
23288,22.29559326171875
23289,3.2734909057617188
23290,3.32926082611084
23291,9.636452674865723
23292,11.579975128173828
23293,28.527135848999023
23294,29.174861907958984
23295,7.907587051391602
23296,3.967416524887085
23297,57.04618835449219
23298,7.013379096984863
23299,21.433263778686523
23300,4.539340019226074
23301,7.162918567657471
23302,1.6138638257980347
23303,1.809279203414917
23304,6.3599348068237305
23305,1.828735113143921
23306,6.640488624572754
23307,6.778092384338379
23308,3.0627427101135254
23309,6.034008979797363
23310,13.446418762207031
23311,5.826480388641357
23312,8.699345588684082
23313,7.612635612487793
23314,5.776688098907471
23315,5.979329586029053
23316,8.050800323486328
23317,28.855484008789062
23318,7.413852214813232
23319,3.629713535308838
23320,165.02847290039062
23321,21.60500144958496
23322,4.678370475769043
23323,5.775473117828369
23324,9.589105606079102
23325,2.2175986766815186
23326,50.83222961425781
23327,33.21316909790039
23328,29.015817642211914
23329,19.841745376586914
23330,17.312952041625977
23331,15.477767944335938
23332,14.411933898925781
23333,13.983528137207031
23334,26.754472732543945
23335,13.673810005187988
23336,5.026716709136963
23337,4.6388654708862305
23338,5.962934970855713
23339,5.9042463302612305
23340,7.827395439147949
23341,15.965044021606445
23342,1.4118692874908447
23343,1.340285301208496
23344,49.72170639038086
23345,20.76800537109375
23346,14.733746528625488
23347,14.336853981018066
23348,13.49893856048584
23349,8.823287010192871
23350,7.147322654724121
23351,5.954598426818848
23352,2.483882188796997
23353,25.84748077392578
23354,5.561359405517578
23355,1.500959038734436
23356,9.743688583374023
23357,10.034253120422363
23358,9.987129211425781
23359,29.578248977661133
23360,27.40381622314453
23361,18.08437156677246
23362,47.90073013305664
23363,32.56716537475586
23364,41.02049255371094
23365,27.178138732910156
23366,39.338191986083984
23367,25.671863555908203
23368,55.77430725097656
23369,36.538047790527344
23370,52.801666259765625
23371,49.708152770996094
23372,40.64689254760742
23373,35.350196838378906
23374,9.769450187683105
23375,5.353341102600098
23376,35.528472900390625
23377,9.785476684570312
23378,5.281338691711426
23379,10.99361515045166
23380,10.964154243469238
23381,25.340744018554688
23382,26.02243995666504
23383,15.367496490478516
23384,5.776651859283447
23385,3.654266357421875
23386,6.59904146194458
23387,3.3115346431732178
23388,17.264122009277344
23389,35.62022018432617
23390,25.350360870361328
23391,18.67519760131836
23392,6.443177700042725
23393,7.296263694763184
23394,18.534019470214844
23395,6.3205060958862305
23396,17.941858291625977
23397,5.559482097625732
23398,15.900144577026367
23399,5.678166389465332
23400,20.79983901977539
23401,6.895849227905273
23402,15.115635871887207
23403,4.5060014724731445
23404,22.927967071533203
23405,7.109370708465576
23406,22.587879180908203
23407,7.194817543029785
23408,14.569231986999512
23409,4.379149913787842
23410,15.272464752197266
23411,4.132347583770752
23412,18.097984313964844
23413,5.57004976272583
23414,15.844761848449707
23415,5.419435024261475
23416,108.17288208007812
23417,68.70536804199219
23418,39.99882888793945
23419,2.9837119579315186
23420,3.422919273376465
23421,9.492437362670898
23422,7.3348870277404785
23423,23.97964096069336
23424,39.24382781982422
23425,6.057978630065918
23426,4.710265159606934
23427,26.41977882385254
23428,36.1695442199707
23429,46.57957077026367
23430,23.293659210205078
23431,52.4939079284668
23432,202.9763946533203
23433,99.9647216796875
23434,66.93124389648438
23435,55.10084915161133
23436,40.39409255981445
23437,11.903727531433105
23438,4.908926010131836
23439,4.268080711364746
23440,7.000085830688477
23441,27.564584732055664
23442,32.43317413330078
23443,5.7267608642578125
23444,5.26563835144043
23445,6.265425682067871
23446,2.843338966369629
23447,3.814063787460327
23448,20.026966094970703
23449,18.497203826904297
23450,11.175759315490723
23451,9.972341537475586
23452,7.000560283660889
23453,6.48253059387207
23454,21.520816802978516
23455,13.660453796386719
23456,12.203777313232422
23457,8.871979713439941
23458,7.694609642028809
23459,7.2009453773498535
23460,45.9536018371582
23461,27.039846420288086
23462,4.734391212463379
23463,28.36369514465332
23464,6.676748752593994
23465,2.7854249477386475
23466,4.458410739898682
23467,4.793546199798584
23468,30.287382125854492
23469,14.445480346679688
23470,37.93861770629883
23471,17.296499252319336
23472,11.437921524047852
23473,6.956657409667969
23474,15.382135391235352
23475,39.590721130371094
23476,78.88714599609375
23477,11.278136253356934
23478,24.457969665527344
23479,3.3802647590637207
23480,28.732885360717773
23481,7.733329772949219
23482,3.757859468460083
23483,7.232856750488281
23484,7.571849346160889
23485,7.979461669921875
23486,33.149200439453125
23487,9.19282341003418
23488,4.256302356719971
23489,6.62528133392334
23490,6.676701068878174
23491,6.389434814453125
23492,5.72422456741333
23493,8.977904319763184
23494,7.783373832702637
23495,22.612703323364258
23496,8.69576358795166
23497,19.170717239379883
23498,8.230737686157227
23499,29.3101749420166
23500,44.254432678222656
23501,45.70357894897461
23502,48.75387954711914
23503,45.70357894897461
23504,23.86408042907715
23505,6.749697208404541
23506,6.296991348266602
23507,6.596341133117676
23508,6.283498764038086
23509,6.602239608764648
23510,7.537434101104736
23511,7.962871551513672
23512,8.128195762634277
23513,5.123273849487305
23514,5.658436298370361
23515,5.235106945037842
23516,5.496260166168213
23517,4.442086696624756
23518,5.116137504577637
23519,4.626006603240967
23520,5.065623760223389
23521,2.600444793701172
23522,2.7483718395233154
23523,37.480621337890625
23524,31.6278018951416
23525,29.678363800048828
23526,36.17940902709961
23527,23.256149291992188
23528,27.975025177001953
23529,26.865921020507812
23530,26.745601654052734
23531,25.964162826538086
23532,16.716100692749023
23533,14.962886810302734
23534,11.34443473815918
23535,9.11385440826416
23536,8.009759902954102
23537,20.499935150146484
23538,12.713923454284668
23539,11.239891052246094
23540,8.124424934387207
23541,6.6297760009765625
23542,5.971566677093506
23543,20.499935150146484
23544,12.713923454284668
23545,11.239891052246094
23546,8.124424934387207
23547,6.6297760009765625
23548,5.971566677093506
23549,19.648954391479492
23550,12.084115982055664
23551,10.653926849365234
23552,7.840855121612549
23553,6.513317108154297
23554,5.982786655426025
23555,19.8775634765625
23556,12.188760757446289
23557,10.751415252685547
23558,7.871062755584717
23559,6.585869789123535
23560,6.14084005355835
23561,19.14856719970703
23562,11.723119735717773
23563,10.313248634338379
23564,7.601956367492676
23565,6.334599494934082
23566,5.832573890686035
23567,20.04076385498047
23568,12.31198501586914
23569,10.892903327941895
23570,7.945743560791016
23571,6.6103739738464355
23572,6.163582801818848
23573,19.66367530822754
23574,12.29985523223877
23575,10.950484275817871
23576,7.943850994110107
23577,6.784538269042969
23578,6.1054768562316895
23579,20.04076385498047
23580,12.31198501586914
23581,10.892903327941895
23582,7.945743560791016
23583,6.6103739738464355
23584,6.163582801818848
23585,5.4441022872924805
23586,20.04076385498047
23587,12.31198501586914
23588,10.892903327941895
23589,7.945743560791016
23590,6.6103739738464355
23591,6.163582801818848
23592,5.4441022872924805
23593,16.52832794189453
23594,9.539613723754883
23595,8.122262954711914
23596,5.691436767578125
23597,4.679454803466797
23598,3.8527817726135254
23599,3.9210429191589355
23600,23.603801727294922
23601,14.420113563537598
23602,12.701745986938477
23603,8.977566719055176
23604,7.510126113891602
23605,6.332433223724365
23606,6.340177536010742
23607,16.03609848022461
23608,13.574898719787598
23609,10.082022666931152
23610,7.947058200836182
23611,7.431779861450195
23612,7.243136882781982
23613,4.593227863311768
23614,7.218172073364258
23615,8.33469009399414
23616,50.31577682495117
23617,36.96809768676758
23618,32.02315902709961
23619,25.970806121826172
23620,22.65503692626953
23621,22.392000198364258
23622,39.0634880065918
23623,34.72884750366211
23624,7.185026168823242
23625,6.4800920486450195
23626,11.213502883911133
23627,11.490842819213867
23628,2.4736056327819824
23629,18.79924774169922
23630,11.298317909240723
23631,9.784086227416992
23632,7.268424034118652
23633,5.885251522064209
23634,5.300751209259033
23635,4.842950344085693
23636,4.449712753295898
23637,18.38507843017578
23638,11.046167373657227
23639,9.552834510803223
23640,7.0508551597595215
23641,5.724822044372559
23642,5.119862079620361
23643,4.647810935974121
23644,4.2689361572265625
23645,15.390755653381348
23646,9.195507049560547
23647,8.12812328338623
23648,5.64412260055542
23649,4.914847373962402
23650,4.130242824554443
23651,3.9977686405181885
23652,3.3839192390441895
23653,5.486099720001221
23654,2.8769657611846924
23655,2.402763843536377
23656,9.450701713562012
23657,21.511798858642578
23658,19.60478401184082
23659,11.295390129089355
23660,2.522365093231201
23661,2.2138702869415283
23662,1.9301881790161133
23663,7.918508529663086
23664,1.8769831657409668
23665,1.7647298574447632
23666,27.91323471069336
23667,77.21263885498047
23668,94.62808227539062
23669,59.91552734375
23670,52.855796813964844
23671,68.89561462402344
23672,19.94133758544922
23673,7.897931098937988
23674,14.485963821411133
23675,5.5742363929748535
23676,14.485963821411133
23677,5.5742363929748535
23678,17.06827735900879
23679,7.625115394592285
23680,11.466939926147461
23681,19.38484001159668
23682,12.351587295532227
23683,11.404994010925293
23684,8.750653266906738
23685,7.934242248535156
23686,7.125003337860107
23687,6.667318344116211
23688,6.257054805755615
23689,17.4261474609375
23690,10.443079948425293
23691,8.837636947631836
23692,6.850081920623779
23693,5.883041858673096
23694,5.0923590660095215
23695,4.714601516723633
23696,4.321837902069092
23697,2.8796067237854004
23698,43.180274963378906
23699,9.909256935119629
23700,6.84745454788208
23701,20.994361877441406
23702,11.846577644348145
23703,30.781436920166016
23704,6.482144355773926
23705,1.8520464897155762
23706,30.88827896118164
23707,34.44588088989258
23708,4.988720417022705
23709,2.2719345092773438
23710,6.6851277351379395
23711,25.012664794921875
23712,15.827826499938965
23713,26.045066833496094
23714,16.77783203125
23715,18.094409942626953
23716,13.060945510864258
23717,15.067002296447754
23718,38.9853515625
23719,1.484091877937317
23720,3.5971975326538086
23721,24.31684684753418
23722,14.943903923034668
23723,4.700047016143799
23724,5.480790138244629
23725,6.17296838760376
23726,6.903604030609131
23727,7.284899711608887
23728,8.002450942993164
23729,4.529577255249023
23730,4.6815361976623535
23731,7.363071441650391
23732,44.81825256347656
23733,4.414636611938477
23734,31.41483497619629
23735,29.37108039855957
23736,11.88951587677002
23737,22.83028221130371
23738,8.028599739074707
23739,12.79793930053711
23740,7.153039932250977
23741,5.79802131652832
23742,4.053531646728516
23743,3.5050222873687744
23744,2.520946979522705
23745,2.4879283905029297
23746,2.2763750553131104
23747,6.005332946777344
23748,6.355879783630371
23749,7.36916446685791
23750,7.800952911376953
23751,18.438215255737305
23752,11.369109153747559
23753,9.906412124633789
23754,7.781912326812744
23755,6.419437885284424
23756,5.711709976196289
23757,5.74747896194458
23758,17.689542770385742
23759,1.996194839477539
23760,128.22412109375
23761,80.95343017578125
23762,56.60445785522461
23763,45.79354476928711
23764,37.41050720214844
23765,2.06593656539917
23766,1.8155150413513184
23767,10.890739440917969
23768,7.1982421875
23769,6.811474800109863
23770,7.378735542297363
23771,18.650787353515625
23772,5.884734153747559
23773,5.097172737121582
23774,3.65071964263916
23775,23.28337287902832
23776,39.10032272338867
23777,38.783355712890625
23778,4.928794860839844
23779,4.77223014831543
23780,5.842850208282471
23781,5.364322662353516
23782,7.849139213562012
23783,18.125446319580078
23784,8.973945617675781
23785,3.8487818241119385
23786,6.480051517486572
23787,42.04561996459961
23788,20.550769805908203
23789,19.434398651123047
23790,13.998295783996582
23791,15.730456352233887
23792,9.158736228942871
23793,7.142776966094971
23794,6.62073278427124
23795,13.730722427368164
23796,11.52364444732666
23797,3.000082492828369
23798,3.1775598526000977
23799,7.288602828979492
23800,18.529348373413086
23801,17.542078018188477
23802,17.59347915649414
23803,19.22109603881836
23804,14.904764175415039
23805,16.696090698242188
23806,3.5028793811798096
23807,9.908100128173828
23808,12.83818244934082
23809,8.438089370727539
23810,22.83028221130371
23811,8.028599739074707
23812,8.358141899108887
23813,9.857345581054688
23814,8.358141899108887
23815,9.857345581054688
23816,10.483880996704102
23817,10.483880996704102
23818,21.59839630126953
23819,9.466411590576172
23820,17.957847595214844
23821,6.282290935516357
23822,4.738950729370117
23823,36.25083923339844
23824,35.03358459472656
23825,49.56957244873047
23826,34.96332550048828
23827,33.628639221191406
23828,47.27829360961914
23829,94.51530456542969
23830,49.66816711425781
23831,37.47871017456055
23832,31.17982292175293
23833,25.565277099609375
23834,6.468257427215576
23835,4.595625400543213
23836,7.311516761779785
23837,8.634263038635254
23838,32.592041015625
23839,13.80262279510498
23840,4.991424083709717
23841,19.29347038269043
23842,8.686767578125
23843,5.742313385009766
23844,16.00750160217285
23845,6.377320766448975
23846,15.382989883422852
23847,5.540617942810059
23848,71.86219787597656
23849,59.94211196899414
23850,47.06874465942383
23851,4.158023834228516
23852,2.8597207069396973
23853,10.673659324645996
23854,33.980716705322266
23855,23.73378562927246
23856,21.488500595092773
23857,17.048633575439453
23858,14.710082054138184
23859,13.563868522644043
23860,6.892817974090576
23861,20.645401000976562
23862,25.656015396118164
23863,58.99380111694336
23864,4.235701560974121
23865,16.921123504638672
23866,11.915651321411133
23867,2.5988316535949707
23868,17.190780639648438
23869,20.826318740844727
23870,3.062121868133545
23871,1.2202476263046265
23872,4.426802635192871
23873,195.4772491455078
23874,5.837348937988281
23875,252.43310546875
23876,14.807805061340332
23877,15.088178634643555
23878,5.483258247375488
23879,13.410019874572754
23880,8.597501754760742
23881,116.67041778564453
23882,9.545377731323242
23883,24.199451446533203
23884,12.616737365722656
23885,10.441790580749512
23886,7.641786575317383
23887,6.235743522644043
23888,5.051276206970215
23889,5.053226470947266
23890,16.7554931640625
23891,10.055400848388672
23892,8.541412353515625
23893,6.363071441650391
23894,5.85361385345459
23895,4.376576900482178
23896,4.552459716796875
23897,5.7160491943359375
23898,4.111594200134277
23899,25.23916244506836
23900,5.595468997955322
23901,98.56932830810547
23902,54.861412048339844
23903,39.84781265258789
23904,33.83415603637695
23905,28.68228530883789
23906,89.79056549072266
23907,49.50408935546875
23908,35.869529724121094
23909,28.99534797668457
23910,23.46015167236328
23911,97.93171691894531
23912,54.85486602783203
23913,38.98843765258789
23914,32.420372009277344
23915,27.466175079345703
23916,93.22271728515625
23917,51.87204360961914
23918,36.97697830200195
23919,30.23128318786621
23920,25.69652557373047
23921,93.22271728515625
23922,51.87204360961914
23923,36.97697830200195
23924,30.23128318786621
23925,25.69652557373047
23926,34.01629638671875
23927,26.22587013244629
23928,101.51727294921875
23929,41.86050796508789
23930,25.927629470825195
23931,97.01910400390625
23932,39.597259521484375
23933,24.43582534790039
23934,4.8967604637146
23935,6.654500484466553
23936,6.670074939727783
23937,3.4893834590911865
23938,4.4811248779296875
23939,4.443878173828125
23940,5.497840881347656
23941,3.1629676818847656
23942,3.6167373657226562
23943,4.3433837890625
23944,7.1038103103637695
23945,5.289087295532227
23946,12.445623397827148
23947,6.607944965362549
23948,5.117738723754883
23949,103.9327392578125
23950,40.54347229003906
23951,25.551271438598633
23952,9.838512420654297
23953,20.834209442138672
23954,13.71638011932373
23955,12.202651977539062
23956,8.727418899536133
23957,8.16976261138916
23958,7.117321968078613
23959,7.013856887817383
23960,43.43732833862305
23961,4.760818958282471
23962,4.723825931549072
23963,17.93201446533203
23964,70.18479919433594
23965,56.5601692199707
23966,5.891208171844482
23967,99.49219512939453
23968,38.226558685302734
23969,23.84754753112793
23970,5.099010467529297
23971,17.165302276611328
23972,10.208093643188477
23973,8.55710220336914
23974,6.01515007019043
23975,5.53557825088501
23976,4.266361713409424
23977,91.7701187133789
23978,35.550289154052734
23979,22.093017578125
23980,6.978987216949463
23981,29.685657501220703
23982,18.06221580505371
23983,10.902619361877441
23984,8.76064395904541
23985,7.270036697387695
23986,6.815029144287109
23987,6.622409820556641
23988,6.559892654418945
23989,22.802051544189453
23990,13.025031089782715
23991,7.033895969390869
23992,5.060724258422852
23993,3.905052900314331
23994,3.5490758419036865
23995,3.4205644130706787
23996,3.305359363555908
23997,23.234128952026367
23998,13.213643074035645
23999,7.093928813934326
24000,5.23344612121582
24001,4.006887435913086
24002,3.6505043506622314
24003,3.511462688446045
24004,3.402799606323242
24005,22.63121795654297
24006,12.598428726196289
24007,6.574880599975586
24008,4.551732540130615
24009,3.3720779418945312
24010,3.0574541091918945
24011,2.90019154548645
24012,2.8093130588531494
24013,29.813461303710938
24014,17.433015823364258
24015,10.31331729888916
24016,8.098088264465332
24017,6.657515525817871
24018,6.116375923156738
24019,5.884174823760986
24020,5.760726451873779
24021,30.939533233642578
24022,19.961013793945312
24023,12.308622360229492
24024,9.530323028564453
24025,8.046581268310547
24026,7.511192321777344
24027,7.1870012283325195
24028,7.201936721801758
24029,30.644180297851562
24030,20.14801597595215
24031,12.49216365814209
24032,9.57408618927002
24033,8.10013484954834
24034,7.586538314819336
24035,7.239636421203613
24036,7.217826843261719
24037,28.36309814453125
24038,18.527175903320312
24039,11.415413856506348
24040,8.562545776367188
24041,7.076866149902344
24042,6.707212924957275
24043,6.5061821937561035
24044,6.414557456970215
24045,28.693439483642578
24046,18.374832153320312
24047,11.133732795715332
24048,8.446898460388184
24049,6.9590253829956055
24050,6.565631866455078
24051,6.3910980224609375
24052,6.31792688369751
24053,20.009571075439453
24054,13.310564041137695
24055,9.831921577453613
24056,28.130643844604492
24057,16.388059616088867
24058,9.599514961242676
24059,7.479592323303223
24060,6.036282062530518
24061,5.55176305770874
24062,5.3371453285217285
24063,5.166053771972656
24064,22.59008026123047
24065,13.218385696411133
24066,7.3152384757995605
24067,5.21837854385376
24068,4.061932563781738
24069,3.732154369354248
24070,3.5902867317199707
24071,3.4907660484313965
24072,2.1962008476257324
24073,1.9929490089416504
24074,1.7240725755691528
24075,1.6339876651763916
24076,22.04999542236328
24077,12.336426734924316
24078,6.454970836639404
24079,4.518490791320801
24080,3.36246395111084
24081,3.0438318252563477
24082,2.8833365440368652
24083,2.7941298484802246
24084,5.715305805206299
24085,28.304779052734375
24086,16.766021728515625
24087,9.762409210205078
24088,7.538458824157715
24089,6.028413772583008
24090,5.63461446762085
24091,5.4405012130737305
24092,5.339543342590332
24093,28.18075942993164
24094,23.052797317504883
24095,13.050707817077637
24096,6.986835956573486
24097,4.977430820465088
24098,3.770005702972412
24099,3.432420492172241
24100,3.307830572128296
24101,3.219517230987549
24102,31.004467010498047
24103,18.327857971191406
24104,10.871622085571289
24105,8.482744216918945
24106,7.1583476066589355
24107,6.872675895690918
24108,6.6405205726623535
24109,6.441391944885254
24110,448.6647033691406
24111,189.83450317382812
24112,109.47183227539062
24113,90.07005310058594
24114,84.02814483642578
24115,24.15382957458496
24116,13.51559066772461
24117,7.117937088012695
24118,5.01125431060791
24119,3.7384989261627197
24120,3.3973941802978516
24121,3.2266952991485596
24122,3.127613067626953
24123,32.564369201660156
24124,7.994195461273193
24125,3.5403826236724854
24126,58.86836242675781
24127,18.60601234436035
24128,20.3011531829834
24129,11.349384307861328
24130,9.116140365600586
24131,7.993494033813477
24132,21.412946701049805
24133,11.883590698242188
24134,6.195172309875488
24135,4.178568363189697
24136,3.0308752059936523
24137,2.6974825859069824
24138,2.549086809158325
24139,2.474903106689453
24140,23.088878631591797
24141,13.147124290466309
24142,7.305271625518799
24143,5.475419998168945
24144,4.281500339508057
24145,3.991947650909424
24146,3.8603692054748535
24147,3.804232597351074
24148,185.09300231933594
24149,437.3848571777344
24150,212.37109375
24151,168.1092987060547
24152,118.64311218261719
24153,96.33624267578125
24154,247.4830322265625
24155,617.8040771484375
24156,86.80364990234375
24157,33.20734786987305
24158,20.422203063964844
24159,14.941248893737793
24160,12.66787338256836
24161,22.438304901123047
24162,12.651961326599121
24163,6.7918195724487305
24164,4.883498668670654
24165,3.750945806503296
24166,3.4624414443969727
24167,3.3288075923919678
24168,3.2425880432128906
24169,20.96198272705078
24170,11.62375259399414
24171,5.84921407699585
24172,3.9105968475341797
24173,2.8478081226348877
24174,2.4845004081726074
24175,2.3397390842437744
24176,2.261383533477783
24177,5.795319080352783
24178,1.5351922512054443
24179,1.5525037050247192
24180,9.56427001953125
24181,23.369401931762695
24182,12.597799301147461
24183,6.802148818969727
24184,4.178389549255371
24185,2.8558709621429443
24186,2.533123016357422
24187,2.422402858734131
24188,2.3728487491607666
24189,20.909805297851562
24190,11.509773254394531
24191,5.8272504806518555
24192,3.8615574836730957
24193,2.6880712509155273
24194,2.3429741859436035
24195,2.197321891784668
24196,2.126981735229492
24197,86.37421417236328
24198,43.58092498779297
24199,26.897117614746094
24200,25.314912796020508
24201,17.545015335083008
24202,27.1662654876709
24203,3.34537672996521
24204,74.41717529296875
24205,4.985097885131836
24206,4.169186115264893
24207,4.96762752532959
24208,4.721989631652832
24209,38.70526123046875
24210,6.310056209564209
24211,5.618396759033203
24212,21.150476455688477
24213,11.678226470947266
24214,6.22222900390625
24215,4.147871971130371
24216,2.9024739265441895
24217,2.624436378479004
24218,2.5432674884796143
24219,2.4753923416137695
24220,3.735496997833252
24221,2.539252996444702
24222,15.181783676147461
24223,78.64202117919922
24224,48.207603454589844
24225,23.538604736328125
24226,22.823352813720703
24227,12.540122032165527
24228,6.943539619445801
24229,4.961654186248779
24230,3.717060089111328
24231,3.346975088119507
24232,3.23812198638916
24233,10.658368110656738
24234,2.4484920501708984
24235,5.632435321807861
24236,7.871830463409424
24237,10.937015533447266
24238,8.881254196166992
24239,12.336873054504395
24240,4.309836387634277
24241,3.426030158996582
24242,2.981142997741699
24243,2.815272569656372
24244,8.613760948181152
24245,27.64203453063965
24246,7.302707195281982
24247,5.948224067687988
24248,4.9555840492248535
24249,4.4729533195495605
24250,4.159922122955322
24251,18.5528621673584
24252,4.144367218017578
24253,6.032887935638428
24254,3.2397491931915283
24255,2.7828540802001953
24256,2.628072500228882
24257,2.6299781799316406
24258,5.800896644592285
24259,11.892044067382812
24260,9.304743766784668
24261,8.6055326461792
24262,5.408257484436035
24263,4.346965789794922
24264,7.77899694442749
24265,9.777408599853516
24266,14.305490493774414
24267,12.649216651916504
24268,12.943115234375
24269,17.376272201538086
24270,9.59599781036377
24271,3.31011962890625
24272,23.376745223999023
24273,13.163530349731445
24274,7.816868782043457
24275,5.602456092834473
24276,4.346260070800781
24277,3.9202768802642822
24278,3.7579445838928223
24279,3.6562578678131104
24280,5.29423189163208
24281,5.355991840362549
24282,11.984977722167969
24283,10.12679386138916
24284,5.178607940673828
24285,4.048901557922363
24286,21.044103622436523
24287,11.71052360534668
24288,6.047174453735352
24289,4.126615524291992
24290,3.0221734046936035
24291,2.6959049701690674
24292,2.536593198776245
24293,2.473318099975586
24294,21.419483184814453
24295,11.958189010620117
24296,6.210676670074463
24297,4.267101287841797
24298,3.1228346824645996
24299,2.7869317531585693
24300,2.6326117515563965
24301,2.5710935592651367
24302,31.29332160949707
24303,4.593596458435059
24304,2.6071629524230957
24305,3.4567151069641113
24306,3.345271348953247
24307,3.020385503768921
24308,3.2654478549957275
24309,3.0761609077453613
24310,5.9248857498168945
24311,7.577394485473633
24312,6.014505863189697
24313,5.41948938369751
24314,4.405048847198486
24315,1.9803889989852905
24316,10.65274715423584
24317,6.321774482727051
24318,6.35541296005249
24319,6.928661346435547
24320,39.2466926574707
24321,26.460050582885742
24322,18.835901260375977
24323,16.626285552978516
24324,15.553244590759277
24325,15.26168441772461
24326,14.81993293762207
24327,14.492770195007324
24328,20.858251571655273
24329,11.695436477661133
24330,6.02169942855835
24331,4.093027114868164
24332,2.9641361236572266
24333,2.6245839595794678
24334,2.4749600887298584
24335,2.3988184928894043
24336,20.858251571655273
24337,11.695436477661133
24338,6.02169942855835
24339,4.093027114868164
24340,2.9641361236572266
24341,2.6245839595794678
24342,2.4749600887298584
24343,2.3988184928894043
24344,22.291034698486328
24345,12.588095664978027
24346,6.688986301422119
24347,4.854977607727051
24348,3.6752281188964844
24349,3.359469413757324
24350,3.2136473655700684
24351,3.122304916381836
24352,20.31879997253418
24353,11.210550308227539
24354,5.581389904022217
24355,3.6997199058532715
24356,2.6027891635894775
24357,2.2275898456573486
24358,2.0854690074920654
24359,2.0012917518615723
24360,21.005054473876953
24361,11.613544464111328
24362,5.903143405914307
24363,3.904341459274292
24364,2.8387625217437744
24365,2.461791515350342
24366,2.3164732456207275
24367,2.2393815517425537
24368,20.721534729003906
24369,11.446124076843262
24370,5.815304756164551
24371,3.8759303092956543
24372,2.758863925933838
24373,2.4414286613464355
24374,2.3035824298858643
24375,2.223041534423828
24376,20.718305587768555
24377,11.43167495727539
24378,5.784285068511963
24379,3.8287158012390137
24380,2.712829113006592
24381,2.322737693786621
24382,2.178936243057251
24383,2.0952696800231934
24384,39.06103515625
24385,21.746257781982422
24386,12.233587265014648
24387,6.331304550170898
24388,4.350574493408203
24389,3.237133502960205
24390,2.917710781097412
24391,2.768716812133789
24392,2.6887896060943604
24393,21.909372329711914
24394,12.336709976196289
24395,6.424871444702148
24396,4.403128623962402
24397,3.286118984222412
24398,2.9512195587158203
24399,2.823167324066162
24400,2.7464945316314697
24401,21.61310577392578
24402,12.079659461975098
24403,6.367009162902832
24404,4.387471675872803
24405,3.2982888221740723
24406,2.9766454696655273
24407,2.821237802505493
24408,2.7476212978363037
24409,21.61310577392578
24410,12.079659461975098
24411,6.367009162902832
24412,4.387471675872803
24413,3.2982888221740723
24414,2.9766454696655273
24415,2.821237802505493
24416,2.7476212978363037
24417,21.008760452270508
24418,11.597799301147461
24419,5.946292400360107
24420,3.988762617111206
24421,2.8434464931488037
24422,2.51912784576416
24423,2.3656837940216064
24424,2.298006772994995
24425,21.008760452270508
24426,11.597799301147461
24427,5.946292400360107
24428,3.988762617111206
24429,2.8434464931488037
24430,2.51912784576416
24431,2.3656837940216064
24432,2.298006772994995
24433,21.53544807434082
24434,12.086392402648926
24435,6.478321552276611
24436,4.6291351318359375
24437,3.3451879024505615
24438,3.0243427753448486
24439,2.9021031856536865
24440,2.854628801345825
24441,20.99236488342285
24442,11.753716468811035
24443,6.054134368896484
24444,4.114108085632324
24445,2.9743521213531494
24446,2.63100004196167
24447,2.481503486633301
24448,2.403080940246582
24449,20.942058563232422
24450,11.746258735656738
24451,5.95025634765625
24452,3.9672484397888184
24453,2.8161158561706543
24454,2.4892578125
24455,2.3598952293395996
24456,2.2798171043395996
24457,21.846616744995117
24458,12.437655448913574
24459,6.512323379516602
24460,4.709914684295654
24461,3.597429037094116
24462,3.268423080444336
24463,3.1208949089050293
24464,3.042942762374878
24465,21.472440719604492
24466,12.057183265686035
24467,6.275476455688477
24468,4.373041152954102
24469,3.2693560123443604
24470,2.927008867263794
24471,2.7780699729919434
24472,2.693727970123291
24473,20.143611907958984
24474,11.162788391113281
24475,5.584779262542725
24476,3.678861618041992
24477,2.587165594100952
24478,2.237510919570923
24479,2.113536834716797
24480,2.0372228622436523
24481,20.97624969482422
24482,11.755070686340332
24483,6.069400787353516
24484,4.132026672363281
24485,2.9672255516052246
24486,2.6209628582000732
24487,2.4710116386413574
24488,2.3958659172058105
24489,12.494873046875
24490,21.718189239501953
24491,12.128140449523926
24492,6.3630146980285645
24493,4.411060333251953
24494,3.252068519592285
24495,2.923185348510742
24496,2.7544703483581543
24497,2.6914379596710205
24498,21.718189239501953
24499,12.128140449523926
24500,6.3630146980285645
24501,4.411060333251953
24502,3.252068519592285
24503,2.923185348510742
24504,2.7544703483581543
24505,2.6914379596710205
24506,21.219825744628906
24507,11.731210708618164
24508,5.987861633300781
24509,4.006126403808594
24510,2.860954523086548
24511,2.529970169067383
24512,2.365617275238037
24513,2.294726610183716
24514,20.998329162597656
24515,11.760372161865234
24516,6.042877197265625
24517,4.100751876831055
24518,2.9319143295288086
24519,2.5914828777313232
24520,2.4524309635162354
24521,2.368364095687866
24522,20.353017807006836
24523,10.936765670776367
24524,5.330102920532227
24525,3.4131736755371094
24526,2.2634315490722656
24527,1.9348559379577637
24528,1.7839429378509521
24529,1.7178566455841064
24530,20.353017807006836
24531,10.936765670776367
24532,5.330102920532227
24533,3.4131736755371094
24534,2.2634315490722656
24535,1.9348559379577637
24536,1.7839429378509521
24537,1.7178566455841064
24538,48.998748779296875
24539,37.12645721435547
24540,28.37918472290039
24541,27.194120407104492
24542,36.1083869934082
24543,28.89089584350586
24544,22.453590393066406
24545,21.258054733276367
24546,19.742408752441406
24547,10.755943298339844
24548,5.261606216430664
24549,3.3486135005950928
24550,2.288339376449585
24551,1.9321603775024414
24552,1.7756644487380981
24553,1.6795563697814941
24554,20.49468994140625
24555,11.015870094299316
24556,5.381467819213867
24557,3.4406771659851074
24558,2.3105576038360596
24559,1.9815460443496704
24560,1.834854006767273
24561,1.7639044523239136
24562,20.25627899169922
24563,10.776346206665039
24564,5.150871276855469
24565,3.2354719638824463
24566,2.120723247528076
24567,1.8103010654449463
24568,1.6665899753570557
24569,1.5784971714019775
24570,23.155488967895508
24571,13.167654037475586
24572,7.186649799346924
24573,5.229504108428955
24574,4.014155387878418
24575,3.6883881092071533
24576,3.5539276599884033
24577,3.457736015319824
24578,21.459453582763672
24579,11.948553085327148
24580,6.205483436584473
24581,4.235606670379639
24582,3.127443552017212
24583,2.79661226272583
24584,2.6344141960144043
24585,2.566260814666748
24586,21.12129783630371
24587,11.70506477355957
24588,6.017394065856934
24589,4.055419445037842
24590,2.958828926086426
24591,2.6258316040039062
24592,2.4570822715759277
24593,2.3909335136413574
24594,21.52678680419922
24595,12.02298355102539
24596,6.28156042098999
24597,4.3465704917907715
24598,3.1987061500549316
24599,2.8640694618225098
24600,2.698007583618164
24601,2.6316051483154297
24602,21.730295181274414
24603,12.121474266052246
24604,6.34041690826416
24605,4.389811992645264
24606,3.2291603088378906
24607,2.898059129714966
24608,2.730480909347534
24609,2.668090343475342
24610,5.67540979385376
24611,5.189617156982422
24612,3.4499125480651855
24613,3.7628085613250732
24614,3.609646797180176
24615,19.98472023010254
24616,10.897727966308594
24617,5.335363864898682
24618,3.4020259380340576
24619,2.3202836513519287
24620,1.9609239101409912
24621,1.7984212636947632
24622,1.7010219097137451
24623,22.211040496826172
24624,12.502460479736328
24625,6.6942548751831055
24626,4.7003560066223145
24627,3.2961461544036865
24628,2.955777168273926
24629,2.8298611640930176
24630,2.7815890312194824
24631,37.09878158569336
24632,20.523357391357422
24633,11.605480194091797
24634,6.062482833862305
24635,4.144200325012207
24636,3.0587339401245117
24637,2.7068185806274414
24638,2.561008930206299
24639,2.4910218715667725
24640,21.45795440673828
24641,11.985384941101074
24642,6.074801921844482
24643,4.086065769195557
24644,2.999584436416626
24645,2.6235294342041016
24646,2.475600481033325
24647,2.407052516937256
24648,21.424922943115234
24649,11.88574504852295
24650,6.18776798248291
24651,4.2065019607543945
24652,3.0800211429595947
24653,2.7578816413879395
24654,2.6037752628326416
24655,2.526431083679199
24656,21.445392608642578
24657,11.895011901855469
24658,6.19761848449707
24659,4.187959671020508
24660,3.0911765098571777
24661,2.753533124923706
24662,2.5995233058929443
24663,2.529790163040161
24664,21.25203514099121
24665,11.766785621643066
24666,6.098634719848633
24667,4.09967565536499
24668,3.0062973499298096
24669,2.6797659397125244
24670,2.5159153938293457
24671,2.447208881378174
24672,21.47286033630371
24673,11.915182113647461
24674,6.18800163269043
24675,4.194252967834473
24676,3.071713924407959
24677,2.7494213581085205
24678,2.5957658290863037
24679,2.53047776222229
24680,21.453718185424805
24681,11.916735649108887
24682,6.209194183349609
24683,4.206655502319336
24684,3.0888211727142334
24685,2.761852741241455
24686,2.6089468002319336
24687,2.539867877960205
24688,21.661489486694336
24689,12.043784141540527
24690,6.330862045288086
24691,4.341277122497559
24692,3.2618136405944824
24693,2.9380648136138916
24694,2.7833144664764404
24695,2.7085931301116943
24696,21.457656860351562
24697,11.793758392333984
24698,6.059198379516602
24699,4.05927848815918
24700,2.9930529594421387
24701,2.674651861190796
24702,2.5149314403533936
24703,2.4403417110443115
24704,20.599136352539062
24705,11.326374053955078
24706,5.659422874450684
24707,3.6976046562194824
24708,2.570720911026001
24709,2.252570390701294
24710,2.0994699001312256
24711,2.035954475402832
24712,20.226551055908203
24713,11.184616088867188
24714,5.538346767425537
24715,3.5654819011688232
24716,2.419081211090088
24717,2.0612919330596924
24718,1.9212820529937744
24719,1.8498531579971313
24720,7.260153770446777
24721,6.825222969055176
24722,8.78292465209961
24723,7.585789680480957
24724,6.915342807769775
24725,5.983486652374268
24726,2.76473331451416
24727,3.248903751373291
24728,2.308645009994507
24729,21.203075408935547
24730,11.468228340148926
24731,6.073101997375488
24732,3.9498748779296875
24733,2.860180139541626
24734,2.5528042316436768
24735,2.4455623626708984
24736,2.3828134536743164
24737,21.18745994567871
24738,4.903202533721924
24739,35.00223159790039
24740,20.84958267211914
24741,13.889053344726562
24742,11.140600204467773
24743,10.550552368164062
24744,10.250601768493652
24745,10.149338722229004
24746,4.373619079589844
24747,12.56371784210205
24748,21.62398910522461
24749,12.235004425048828
24750,6.541367530822754
24751,4.731520175933838
24752,3.6045422554016113
24753,3.3292155265808105
24754,3.1840524673461914
24755,3.110959529876709
24756,17.995731353759766
24757,4.55156135559082
24758,1.5764228105545044
24759,21.372249603271484
24760,12.068361282348633
24761,6.390023231506348
24762,4.534451961517334
24763,3.4402408599853516
24764,3.152036666870117
24765,2.997986316680908
24766,2.928457498550415
24767,21.87246322631836
24768,12.270753860473633
24769,6.469701766967773
24770,4.453909397125244
24771,3.3314855098724365
24772,2.979124069213867
24773,2.8180055618286133
24774,2.76448392868042
24775,13.722407341003418
24776,10.527083396911621
24777,10.333117485046387
24778,9.206977844238281
24779,21.428237915039062
24780,12.14146614074707
24781,6.464598655700684
24782,4.621386528015137
24783,3.5262503623962402
24784,3.2408084869384766
24785,3.0999557971954346
24786,3.0328128337860107
24787,2.450230121612549
24788,2.6008167266845703
24789,2.1181132793426514
24790,3.5689094066619873
24791,4.499362945556641
24792,22.241113662719727
24793,12.527414321899414
24794,6.683472633361816
24795,4.787759304046631
24796,3.650763988494873
24797,3.384108543395996
24798,3.2537248134613037
24799,3.1695475578308105
24800,19.69820785522461
24801,11.006665229797363
24802,5.8687663078308105
24803,3.8715786933898926
24804,2.828329086303711
24805,2.508805990219116
24806,2.3992743492126465
24807,19.25924301147461
24808,10.775815963745117
24809,5.713719367980957
24810,3.771641731262207
24811,2.742467164993286
24812,2.3980541229248047
24813,2.2958786487579346
24814,33.21982192993164
24815,18.781286239624023
24816,12.210476875305176
24817,10.9169340133667
24818,5.4972076416015625
24819,4.872906684875488
24820,3.6824419498443604
24821,3.7635226249694824
24822,3.551906108856201
24823,3.4534988403320312
24824,13.125015258789062
24825,9.260932922363281
24826,7.957559108734131
24827,16.41699981689453
24828,12.413924217224121
24829,11.48234748840332
24830,10.165849685668945
24831,3.2579026222229004
24832,35.941368103027344
24833,24.30264663696289
24834,16.943105697631836
24835,15.223413467407227
24836,13.286993026733398
24837,12.429519653320312
24838,11.949973106384277
24839,11.873432159423828
24840,27.703115463256836
24841,16.15132713317871
24842,9.249441146850586
24843,6.892168998718262
24844,5.522032260894775
24845,5.161269664764404
24846,4.9650373458862305
24847,4.830450534820557
24848,22.197858810424805
24849,12.511689186096191
24850,6.7121148109436035
24851,4.875823497772217
24852,3.686508893966675
24853,3.4157514572143555
24854,3.275369644165039
24855,3.1950721740722656
24856,22.223295211791992
24857,12.52655029296875
24858,6.722503185272217
24859,4.873300552368164
24860,3.6817984580993652
24861,3.4074440002441406
24862,3.2723283767700195
24863,3.192113161087036
24864,45.249839782714844
24865,27.988956451416016
24866,17.6739559173584
24867,15.690610885620117
24868,23.5185604095459
24869,13.33184814453125
24870,7.305202960968018
24871,5.408566951751709
24872,4.246785640716553
24873,3.97810697555542
24874,3.8440542221069336
24875,3.775163412094116
24876,60.450523376464844
24877,445.9847412109375
24878,168.5998992919922
24879,105.29108428955078
24880,87.03834533691406
24881,77.66490173339844
24882,16.112716674804688
24883,7.757780075073242
24884,4.279198169708252
24885,20.777318954467773
24886,11.320469856262207
24887,5.6525983810424805
24888,3.6901819705963135
24889,2.5162265300750732
24890,2.1723570823669434
24891,2.0081429481506348
24892,1.9398152828216553
24893,3.134511709213257
24894,2.8286051750183105
24895,4.977402687072754
24896,2.9719696044921875
24897,13.60417366027832
24898,7.200071334838867
24899,9.789558410644531
24900,13.551271438598633
24901,11.007434844970703
24902,9.88291072845459
24903,7.502389907836914
24904,1.7842084169387817
24905,1.0049599409103394
24906,26.572832107543945
24907,5.9985785484313965
24908,2.574105739593506
24909,25.558032989501953
24910,6.107500076293945
24911,2.072535514831543
24912,19.610340118408203
24913,10.82746696472168
24914,5.381466388702393
24915,3.077191114425659
24916,2.026364326477051
24917,1.7211180925369263
24918,1.5669759511947632
24919,1.4778810739517212
24920,19.14748764038086
24921,10.556829452514648
24922,5.32572078704834
24923,3.10233736038208
24924,2.0439765453338623
24925,1.7379393577575684
24926,1.584639549255371
24927,1.4998859167099
24928,22.96417999267578
24929,13.281576156616211
24930,7.403623580932617
24931,5.520299434661865
24932,4.238353729248047
24933,3.9248294830322266
24934,3.7675247192382812
24935,3.7044575214385986
24936,20.31045150756836
24937,11.006536483764648
24938,5.360652446746826
24939,3.4485583305358887
24940,2.3217790126800537
24941,1.973739743232727
24942,1.8318613767623901
24943,1.7507871389389038
24944,20.886367797851562
24945,11.521537780761719
24946,5.833187580108643
24947,3.859729766845703
24948,2.7335197925567627
24949,2.4074928760528564
24950,2.264533281326294
24951,2.1813788414001465
24952,21.09380340576172
24953,11.685430526733398
24954,6.038074970245361
24955,4.083804130554199
24956,2.929065465927124
24957,2.6016616821289062
24958,2.469221353530884
24959,2.403064250946045
24960,21.09380340576172
24961,11.685430526733398
24962,6.038074970245361
24963,4.083804130554199
24964,2.929065465927124
24965,2.6016616821289062
24966,2.469221353530884
24967,2.403064250946045
24968,23.19801139831543
24969,13.379491806030273
24970,7.33862829208374
24971,5.592236042022705
24972,4.390161037445068
24973,4.038476943969727
24974,3.89315128326416
24975,3.8036203384399414
24976,23.41537094116211
24977,13.031438827514648
24978,7.338685512542725
24979,5.360994338989258
24980,4.092833995819092
24981,3.764723300933838
24982,3.65187931060791
24983,21.344083786010742
24984,11.991293907165527
24985,6.258622169494629
24986,4.477813720703125
24987,3.3297505378723145
24988,2.9902923107147217
24989,2.8327443599700928
24990,2.7483596801757812
24991,20.569774627685547
24992,11.136773109436035
24993,5.458332061767578
24994,3.486564874649048
24995,2.3253695964813232
24996,1.98255455493927
24997,1.8386436700820923
24998,1.7732429504394531
24999,21.68251609802246
25000,12.090271949768066
25001,6.332280158996582
25002,4.3241448402404785
25003,3.2441048622131348
25004,2.9534354209899902
25005,2.80881929397583
25006,2.73760986328125
25007,21.754676818847656
25008,12.185319900512695
25009,6.421901226043701
25010,4.418342113494873
25011,3.324939250946045
25012,3.039567232131958
25013,2.904705762863159
25014,2.8351292610168457
25015,51.65117645263672
25016,41.1623649597168
25017,25.648700714111328
25018,16.711715698242188
25019,13.831719398498535
25020,13.261941909790039
25021,13.418375015258789
25022,13.271574020385742
25023,13.287376403808594
25024,21.019397735595703
25025,11.451349258422852
25026,6.11411714553833
25027,4.055192947387695
25028,2.9347426891326904
25029,2.6372721195220947
25030,2.494180917739868
25031,21.472440719604492
25032,12.057183265686035
25033,6.275476455688477
25034,4.373041152954102
25035,3.2693560123443604
25036,2.927008867263794
25037,2.7780699729919434
25038,2.693727970123291
25039,219.22842407226562
25040,126.4585952758789
25041,95.00437927246094
25042,85.38963317871094
25043,80.92559051513672
25044,20.963329315185547
25045,20.56970977783203
25046,11.576216697692871
25047,5.916268348693848
25048,4.002821922302246
25049,2.972409248352051
25050,2.6312875747680664
25051,2.4963419437408447
25052,2.4150326251983643
25053,21.135887145996094
25054,11.906545639038086
25055,6.098805904388428
25056,4.1600165367126465
25057,3.1117939949035645
25058,2.786172866821289
25059,2.640214443206787
25060,2.5649898052215576
25061,220.50369262695312
25062,134.99322509765625
25063,99.82293701171875
25064,81.68455505371094
25065,40.460365295410156
25066,25.285234451293945
25067,16.522964477539062
25068,13.704597473144531
25069,13.230817794799805
25070,13.529025077819824
25071,13.586504936218262
25072,13.545074462890625
25073,186.9888153076172
25074,72.38291931152344
25075,47.071983337402344
25076,38.595218658447266
25077,33.09328842163086
25078,21.745468139648438
25079,12.13744068145752
25080,6.3822550773620605
25081,4.359827041625977
25082,3.22674560546875
25083,2.908616065979004
25084,2.768324851989746
25085,2.7038276195526123
25086,21.482481002807617
25087,12.17945384979248
25088,6.356464385986328
25089,4.619908809661865
25090,3.497833251953125
25091,3.1544485092163086
25092,2.9928863048553467
25093,2.897183895111084
25094,21.44574737548828
25095,12.00637149810791
25096,6.131494998931885
25097,4.134186744689941
25098,3.059260845184326
25099,2.687284469604492
25100,2.5445120334625244
25101,2.470003128051758
25102,20.81894302368164
25103,21.36507797241211
25104,11.826345443725586
25105,6.1322855949401855
25106,4.146667957305908
25107,3.028271436691284
25108,2.6999166011810303
25109,2.5429608821868896
25110,2.473914861679077
25111,33.758995056152344
25112,6.194554805755615
25113,20.87339210510254
25114,11.625896453857422
25115,5.929403781890869
25116,3.9485652446746826
25117,2.886378526687622
25118,2.5470917224884033
25119,2.4272468090057373
25120,2.3293817043304443
25121,21.232486724853516
25122,11.862127304077148
25123,6.095046043395996
25124,4.109307765960693
25125,3.059377431869507
25126,2.698071241378784
25127,2.5564494132995605
25128,2.4794414043426514
25129,21.00543785095215
25130,11.893567085266113
25131,6.244710445404053
25132,4.254119396209717
25133,3.1850695610046387
25134,2.838144302368164
25135,2.7271971702575684
25136,2.6555962562561035
25137,21.202919006347656
25138,11.783556938171387
25139,6.065654754638672
25140,4.132192134857178
25141,3.0104663372039795
25142,2.6735711097717285
25143,2.534517765045166
25144,2.4570083618164062
25145,21.339832305908203
25146,12.009777069091797
25147,6.282081604003906
25148,4.360495567321777
25149,3.299503803253174
25150,2.956463575363159
25151,2.8364064693450928
25152,2.7611098289489746
25153,20.677886962890625
25154,11.260807991027832
25155,5.538347244262695
25156,3.5921027660369873
25157,2.4558968544006348
25158,2.090095281600952
25159,1.943294644355774
25160,1.8566871881484985
25161,20.455644607543945
25162,11.217026710510254
25163,5.568160533905029
25164,3.6448638439178467
25165,2.542750120162964
25166,2.1921796798706055
25167,2.042921304702759
25168,1.9668967723846436
25169,20.0439395904541
25170,10.989692687988281
25171,5.419811248779297
25172,3.5199759006500244
25173,2.4400150775909424
25174,2.1223537921905518
25175,1.980193018913269
25176,1.898560643196106
25177,21.377880096435547
25178,12.268750190734863
25179,6.501766681671143
25180,4.920732498168945
25181,3.820387125015259
25182,3.492565870285034
25183,3.355336904525757
25184,3.272040605545044
25185,21.601856231689453
25186,12.389676094055176
25187,6.566256999969482
25188,4.936771869659424
25189,3.8530659675598145
25190,3.5316312313079834
25191,3.376150608062744
25192,3.295884609222412
25193,21.77701759338379
25194,12.505298614501953
25195,6.724001407623291
25196,5.040439128875732
25197,3.911557197570801
25198,3.589812994003296
25199,3.4309167861938477
25200,3.355720043182373
25201,24.614046096801758
25202,13.934677124023438
25203,7.765301704406738
25204,5.585653781890869
25205,4.296999931335449
25206,4.026372909545898
25207,3.882642984390259
25208,3.7998082637786865
25209,21.640453338623047
25210,12.113458633422852
25211,6.209357261657715
25212,4.209816932678223
25213,3.135810613632202
25214,2.7674903869628906
25215,2.6203534603118896
25216,2.5547549724578857
25217,19.680673599243164
25218,10.639115333557129
25219,5.127042770385742
25220,3.300978183746338
25221,2.276758909225464
25222,1.865174651145935
25223,1.7078120708465576
25224,1.6380882263183594
25225,21.07982635498047
25226,11.73062515258789
25227,5.966798305511475
25228,3.9660110473632812
25229,2.888953685760498
25230,2.512869358062744
25231,2.3578741550445557
25232,2.27412748336792
25233,20.764312744140625
25234,11.381929397583008
25235,5.734448432922363
25236,3.7688307762145996
25237,2.6185412406921387
25238,2.2803397178649902
25239,2.1228809356689453
25240,2.0598034858703613
25241,7.485657691955566
25242,6.272818565368652
25243,7.485657691955566
25244,18.1507511138916
25245,21.754207611083984
25246,42.91984558105469
25247,28.45233154296875
25248,18.803314208984375
25249,14.032709121704102
25250,10.841291427612305
25251,10.643999099731445
25252,10.249712944030762
25253,9.91965103149414
25254,1.981225609779358
25255,76.91287231445312
25256,60.34158706665039
25257,56.844810485839844
25258,12.884477615356445
25259,33.34394454956055
25260,20.153583526611328
25261,13.879692077636719
25262,9.770936965942383
25263,7.769065856933594
25264,7.700479507446289
25265,7.374619007110596
25266,21.100637435913086
25267,11.836615562438965
25268,6.159006118774414
25269,4.284149646759033
25270,3.175899028778076
25271,2.840712070465088
25272,2.688580274581909
25273,2.605491876602173
25274,21.86663055419922
25275,12.303374290466309
25276,6.439250469207764
25277,4.402778625488281
25278,3.312321662902832
25279,2.970109701156616
25280,2.8356778621673584
25281,2.7586097717285156
25282,22.483495712280273
25283,12.722381591796875
25284,6.8331193923950195
25285,5.0008368492126465
25286,3.8600215911865234
25287,3.547431707382202
25288,3.397418975830078
25289,3.3247907161712646
25290,21.026819229125977
25291,11.268440246582031
25292,5.8217973709106445
25293,3.58709979057312
25294,2.423832893371582
25295,2.087885856628418
25296,1.9371545314788818
25297,1.8678719997406006
25298,20.667268753051758
25299,11.1863374710083
25300,5.437687873840332
25301,3.475546360015869
25302,2.327937364578247
25303,1.9887040853500366
25304,1.846840500831604
25305,1.7710025310516357
25306,22.025236129760742
25307,11.761394500732422
25308,6.158371448516846
25309,3.779247760772705
25310,2.5563085079193115
25311,2.1791162490844727
25312,2.039611339569092
25313,1.9602717161178589
25314,105.6485595703125
25315,38.08491134643555
25316,24.250778198242188
25317,19.9154052734375
25318,16.402969360351562
25319,15.355034828186035
25320,43.129188537597656
25321,28.462942123413086
25322,21.252885818481445
25323,17.580841064453125
25324,17.125179290771484
25325,16.48102569580078
25326,15.990379333496094
25327,15.922552108764648
25328,9.152581214904785
25329,9.152581214904785
25330,7.86984920501709
25331,7.854229927062988
25332,11.324419975280762
25333,15.930266380310059
25334,44.7487678527832
25335,21.70302391052246
25336,13.848516464233398
25337,7.862001419067383
25338,10.76112174987793
25339,11.698671340942383
25340,1.5083578824996948
25341,1.3766717910766602
25342,2.597050428390503
25343,2.6164047718048096
25344,2.785024881362915
25345,2.7461915016174316
25346,2.526982069015503
25347,2.1110424995422363
25348,2.526982069015503
25349,2.3835744857788086
25350,2.3835744857788086
25351,12.36372184753418
25352,8.898765563964844
25353,7.788948059082031
25354,6.65299129486084
25355,4.730968952178955
25356,3.4817054271698
25357,3.0959582328796387
25358,2.7194647789001465
25359,5.258114337921143
25360,22.18311309814453
25361,12.389178276062012
25362,6.522941589355469
25363,4.56508207321167
25364,3.3603546619415283
25365,3.030359983444214
25366,2.876643657684326
25367,2.8039920330047607
25368,4.812131881713867
25369,7.657917022705078
25370,13.844318389892578
25371,9.550942420959473
25372,8.444058418273926
25373,6.162387371063232
25374,6.465757369995117
25375,5.020282745361328
25376,4.607671737670898
25377,2.811066150665283
25378,6.271299839019775
25379,8.531387329101562
25380,7.785600662231445
25381,26.313859939575195
25382,15.636306762695312
25383,9.341691970825195
25384,7.4755635261535645
25385,5.9590277671813965
25386,5.531510829925537
25387,5.346215724945068
25388,5.302124977111816
25389,20.721752166748047
25390,11.555268287658691
25391,5.85160493850708
25392,3.916015863418579
25393,2.7747888565063477
25394,2.453446865081787
25395,2.321727752685547
25396,2.2491276264190674
25397,20.086286544799805
25398,11.075477600097656
25399,5.5164923667907715
25400,3.6053578853607178
25401,2.5460002422332764
25402,2.246431350708008
25403,2.097079038619995
25404,2.0129849910736084
25405,20.920896530151367
25406,11.641343116760254
25407,5.990485668182373
25408,4.031108379364014
25409,2.9134109020233154
25410,2.5874826908111572
25411,2.4452755451202393
25412,2.3710644245147705
25413,21.11294937133789
25414,11.776098251342773
25415,6.096532821655273
25416,4.174500465393066
25417,3.033848524093628
25418,2.7015864849090576
25419,2.5585286617279053
25420,2.4851553440093994
25421,6.114663124084473
25422,5.397670269012451
25423,20.834775924682617
25424,11.279038429260254
25425,5.575148582458496
25426,3.5976529121398926
25427,2.4480972290039062
25428,2.1241018772125244
25429,1.985799789428711
25430,1.9154430627822876
25431,22.647642135620117
25432,12.915599822998047
25433,7.015634059906006
25434,5.210757732391357
25435,3.96942400932312
25436,3.66780686378479
25437,3.499113082885742
25438,3.4317758083343506
25439,20.67418098449707
25440,11.174635887145996
25441,5.502884864807129
25442,3.5413053035736084
25443,2.35252046585083
25444,2.0159435272216797
25445,1.8654899597167969
25446,1.8007678985595703
25447,8.040143013000488
25448,6.254963397979736
25449,19.470626831054688
25450,6.866750717163086
25451,20.675434112548828
25452,11.880219459533691
25453,6.458240032196045
25454,4.592634201049805
25455,3.433009147644043
25456,3.161191701889038
25457,3.0463268756866455
25458,2.9803075790405273
25459,23.36022186279297
25460,12.962888717651367
25461,7.444482326507568
25462,4.818707466125488
25463,3.490654706954956
25464,3.19218111038208
25465,3.060900926589966
25466,2.961076498031616
25467,127.11231994628906
25468,65.502685546875
25469,45.94322204589844
25470,37.1440544128418
25471,30.80033302307129
25472,20.19138526916504
25473,11.215989112854004
25474,5.67148494720459
25475,3.7672617435455322
25476,2.6592202186584473
25477,2.314054489135742
25478,2.1728827953338623
25479,2.095844030380249
25480,19.792497634887695
25481,10.876562118530273
25482,5.399698734283447
25483,3.534680128097534
25484,2.439373731613159
25485,2.0963706970214844
25486,1.9385440349578857
25487,1.8563971519470215
25488,20.75507164001465
25489,11.297079086303711
25490,5.597233772277832
25491,3.648944139480591
25492,2.457028388977051
25493,2.1098644733428955
25494,1.9564517736434937
25495,1.8908027410507202
25496,19.862728118896484
25497,10.762310981750488
25498,5.245779991149902
25499,3.370781660079956
25500,2.245450019836426
25501,1.9291263818740845
25502,1.790804147720337
25503,1.7167131900787354
25504,20.591995239257812
25505,11.166017532348633
25506,5.54011869430542
25507,3.599339008331299
25508,2.4348530769348145
25509,2.1109023094177246
25510,1.983350157737732
25511,1.9155277013778687
25512,20.793956756591797
25513,11.448968887329102
25514,5.800942897796631
25515,3.846057415008545
25516,2.6824989318847656
25517,2.341869831085205
25518,2.196366786956787
25519,2.1312530040740967
25520,6.392862319946289
25521,2.1251370906829834
25522,3.3987889289855957
25523,3.3473637104034424
25524,21.95964241027832
25525,12.248950004577637
25526,6.188516616821289
25527,4.135227203369141
25528,2.9884681701660156
25529,2.587372064590454
25530,2.4294521808624268
25531,2.3372766971588135
25532,19.865400314331055
25533,10.650152206420898
25534,5.133506774902344
25535,3.255082607269287
25536,2.146531581878662
25537,1.8287529945373535
25538,1.6877771615982056
25539,1.6107642650604248
25540,21.097211837768555
25541,11.303337097167969
25542,5.5790839195251465
25543,3.5152478218078613
25544,2.431797981262207
25545,2.1027333736419678
25546,1.975832223892212
25547,1.91550874710083
25548,20.22540855407715
25549,10.928977012634277
25550,5.593864440917969
25551,3.5099401473999023
25552,2.3016788959503174
25553,1.9666569232940674
25554,1.8090006113052368
25555,22.87677001953125
25556,13.384566307067871
25557,7.771918296813965
25558,5.798044681549072
25559,4.70682954788208
25560,4.351947784423828
25561,4.1951775550842285
25562,4.099816799163818
25563,22.786361694335938
25564,13.447328567504883
25565,7.575301170349121
25566,5.984477519989014
25567,4.958644866943359
25568,4.6371307373046875
25569,4.513155937194824
25570,4.416165351867676
25571,35.591312408447266
25572,21.3389949798584
25573,12.96501636505127
25574,9.240686416625977
25575,6.720353126525879
25576,6.065408229827881
25577,5.879624366760254
25578,21.25086212158203
25579,11.92579174041748
25580,6.160550117492676
25581,4.2023468017578125
25582,3.1359612941741943
25583,2.8027193546295166
25584,2.6654751300811768
25585,2.591148614883423
25586,23.174259185791016
25587,13.185681343078613
25588,7.895570278167725
25589,5.488876819610596
25590,3.917111396789551
25591,3.5655784606933594
25592,3.3733065128326416
25593,3.3261282444000244
25594,21.86786460876465
25595,12.471749305725098
25596,6.557175636291504
25597,4.712251663208008
25598,3.593142032623291
25599,3.2801249027252197
25600,3.1280839443206787
25601,3.040731906890869
25602,22.51336669921875
25603,13.201432228088379
25604,7.236249923706055
25605,5.197793483734131
25606,4.039328098297119
25607,3.69791841506958
25608,3.556114673614502
25609,3.451723337173462
25610,27.85170555114746
25611,17.06336212158203
25612,11.021429061889648
25613,8.875459671020508
25614,7.514898300170898
25615,7.200466156005859
25616,7.06820821762085
25617,7.036445140838623
25618,1.9729983806610107
25619,1.7882001399993896
25620,1.7466387748718262
25621,1.7703243494033813
25622,1.7872592210769653
25623,21.6518611907959
25624,12.106927871704102
25625,6.346468925476074
25626,4.328646183013916
25627,3.2066478729248047
25628,2.8829245567321777
25629,2.7312076091766357
25630,2.665573835372925
25631,21.333322525024414
25632,11.901947975158691
25633,6.166440010070801
25634,4.188877582550049
25635,3.0872550010681152
25636,2.7759909629821777
25637,2.616394281387329
25638,2.5454726219177246
25639,20.46323585510254
25640,11.398629188537598
25641,5.739696502685547
25642,3.9237589836120605
25643,2.801241397857666
25644,2.4524476528167725
25645,2.3027000427246094
25646,2.2258658409118652
25647,20.53348731994629
25648,11.279107093811035
25649,5.597178936004639
25650,3.648524284362793
25651,2.616795301437378
25652,2.238633155822754
25653,2.093191623687744
25654,1.9992408752441406
25655,22.988933563232422
25656,13.355888366699219
25657,7.205667972564697
25658,5.544912815093994
25659,4.434587478637695
25660,4.061417102813721
25661,3.9260106086730957
25662,3.817622184753418
25663,23.32216453552246
25664,13.47023868560791
25665,7.227654933929443
25666,5.201023101806641
25667,4.112056732177734
25668,3.772249937057495
25669,3.659463882446289
25670,3.5691215991973877
25671,28.16121482849121
25672,16.384817123413086
25673,9.195770263671875
25674,7.100568771362305
25675,5.826482772827148
25676,5.437407970428467
25677,5.292946815490723
25678,5.188406467437744
25679,9.802986145019531
25680,6.25046443939209
25681,5.960144996643066
25682,5.387864112854004
25683,21.04327392578125
25684,11.797459602355957
25685,5.9975738525390625
25686,3.9976139068603516
25687,2.836393117904663
25688,2.5045812129974365
25689,2.3741507530212402
25690,2.2936553955078125
25691,21.045269012451172
25692,11.826130867004395
25693,5.98077917098999
25694,3.9999284744262695
25695,2.8419220447540283
25696,2.5064501762390137
25697,2.3857877254486084
25698,2.310382843017578
25699,5.698901653289795
25700,3.9977340698242188
25701,3.4671201705932617
25702,2.8333749771118164
25703,21.353565216064453
25704,12.111984252929688
25705,6.258469104766846
25706,4.401846885681152
25707,3.242886781692505
25708,2.9151158332824707
25709,2.758183002471924
25710,2.6750166416168213
25711,21.440494537353516
25712,12.34769058227539
25713,6.862016677856445
25714,4.953982830047607
25715,3.8795902729034424
25716,3.5267586708068848
25717,3.3853015899658203
25718,3.2999448776245117
25719,21.519733428955078
25720,12.559297561645508
25721,6.9094038009643555
25722,4.972204685211182
25723,3.902533769607544
25724,3.5610029697418213
25725,3.4180307388305664
25726,3.331022262573242
25727,414.5806884765625
25728,163.65037536621094
25729,107.02558135986328
25730,86.3534927368164
25731,77.95867919921875
25732,20.421598434448242
25733,11.031461715698242
25734,5.3992509841918945
25735,3.4679605960845947
25736,2.3072214126586914
25737,1.9746345281600952
25738,1.8239933252334595
25739,1.758192539215088
25740,1.3841639757156372
25741,17.75446891784668
25742,11.58978271484375
25743,6.43230676651001
25744,4.523430824279785
25745,3.5095033645629883
25746,3.2870068550109863
25747,3.1931161880493164
25748,3.1384518146514893
25749,6.13104248046875
25750,17.27519989013672
25751,9.901784896850586
25752,4.911709785461426
25753,3.3937530517578125
25754,2.40756893157959
25755,2.1471245288848877
25756,2.016026020050049
25757,1.9495660066604614
25758,18.24718475341797
25759,10.961435317993164
25760,5.59262752532959
25761,3.808422088623047
25762,2.7886123657226562
25763,2.516613245010376
25764,2.448256015777588
25765,2.4019429683685303
25766,17.424083709716797
25767,9.619369506835938
25768,4.859195232391357
25769,3.2121729850769043
25770,2.2176899909973145
25771,2.014413595199585
25772,1.920822024345398
25773,1.8930509090423584
25774,24.29713249206543
25775,13.021936416625977
25776,7.128920555114746
25777,4.466481685638428
25778,3.086212158203125
25779,2.785848379135132
25780,2.684338092803955
25781,2.6273481845855713
25782,24.32033920288086
25783,12.953544616699219
25784,7.1434431076049805
25785,4.493380546569824
25786,3.095879316329956
25787,2.8036887645721436
25788,2.7024450302124023
25789,2.621596336364746
25790,23.59732437133789
25791,13.427385330200195
25792,7.487062454223633
25793,5.114256858825684
25794,3.7868173122406006
25795,3.4488115310668945
25796,3.2586190700531006
25797,3.1897850036621094
25798,20.440515518188477
25799,11.286018371582031
25800,5.823906898498535
25801,3.6520590782165527
25802,2.3829667568206787
25803,2.0361146926879883
25804,1.8899407386779785
25805,1.8132212162017822
25806,1.8563686609268188
25807,23.219724655151367
25808,5.812127590179443
25809,2.727489471435547
25810,25.276193618774414
25811,5.933208465576172
25812,2.214937925338745
25813,19.997011184692383
25814,10.867593765258789
25815,5.386167526245117
25816,3.485036849975586
25817,2.448035478591919
25818,2.083582878112793
25819,1.9274327754974365
25820,1.8470557928085327
25821,9.913341522216797
25822,11.830521583557129
25823,9.260753631591797
25824,8.462479591369629
25825,7.568263530731201
25826,11.898299217224121
25827,12.697407722473145
25828,9.262898445129395
25829,9.040040969848633
25830,8.328052520751953
25831,6.185802936553955
25832,9.69898796081543
25833,3.6082959175109863
25834,3.893200635910034
25835,17.02910804748535
25836,11.490920066833496
25837,19.8301944732666
25838,10.866477012634277
25839,5.36570930480957
25840,3.51627779006958
25841,2.4546689987182617
25842,2.116360902786255
25843,1.9828014373779297
25844,1.9097926616668701
25845,4.555138111114502
25846,0.615404486656189
25847,7.842041492462158
25848,4.854465961456299
25849,3.6556057929992676
25850,11.191497802734375
25851,14.109582901000977
25852,4.65350341796875
25853,8.583770751953125
25854,1.5458784103393555
25855,3.6877336502075195
25856,1.9580451250076294
25857,1.5792558193206787
25858,9.430508613586426
25859,9.067742347717285
25860,7.69150447845459
25861,6.634007453918457
25862,10.047406196594238
25863,2.649919033050537
25864,2.73490571975708
25865,6.97458553314209
25866,7.587589740753174
25867,9.476511001586914
25868,31.165546417236328
25869,7.547621250152588
25870,6.95883321762085
25871,6.95883321762085
25872,7.547621250152588
25873,1.068703293800354
25874,28.52830696105957
25875,7.495811462402344
25876,3.196397066116333
25877,13.666589736938477
25878,5.786846160888672
25879,26.126121520996094
25880,15.184737205505371
25881,14.381093978881836
25882,7.2761664390563965
25883,2.4291577339172363
25884,28.861391067504883
25885,7.471585750579834
25886,3.727452278137207
25887,29.817123413085938
25888,7.640968322753906
25889,3.667872905731201
25890,10.429092407226562
25891,11.077730178833008
25892,1.3750771284103394
25893,0.6672501564025879
25894,0.7412622570991516
25895,4.576014995574951
25896,15.565969467163086
25897,12.135238647460938
25898,8.85556411743164
25899,5.788680553436279
25900,8.709687232971191
25901,5.4179205894470215
25902,4.49863338470459
25903,17.4337158203125
25904,16.503944396972656
25905,15.579137802124023
25906,13.892915725708008
25907,3.879338026046753
25908,22.555009841918945
25909,11.26889705657959
25910,8.187780380249023
25911,13.157615661621094
25912,3.908393383026123
25913,3.2346227169036865
25914,3.984501838684082
25915,11.301324844360352
25916,5.694547176361084
25917,6.1032514572143555
25918,11.325928688049316
25919,3.9117016792297363
25920,10.717167854309082
25921,8.18403148651123
25922,3.6281778812408447
25923,12.657522201538086
25924,6.4665045738220215
25925,5.920105934143066
25926,21.541339874267578
25927,18.064868927001953
25928,13.605803489685059
25929,15.728334426879883
25930,23.145429611206055
25931,59.25505447387695
25932,63.08045196533203
25933,26.104848861694336
25934,15.573519706726074
25935,9.570708274841309
25936,7.72780704498291
25937,5.962169170379639
25938,5.618874549865723
25939,5.608981132507324
25940,5.54440975189209
25941,8.776365280151367
25942,29.042219161987305
25943,25.756502151489258
25944,20.27429962158203
25945,11.02133560180664
25946,5.433277606964111
25947,3.473910093307495
25948,2.303347587585449
25949,1.9717793464660645
25950,1.839982032775879
25951,1.7722573280334473
25952,5.725139141082764
25953,8.266471862792969
25954,4.8350138664245605
25955,23.03299331665039
25956,13.186445236206055
25957,7.156161785125732
25958,5.361176490783691
25959,4.154255390167236
25960,3.7939698696136475
25961,3.6466517448425293
25962,3.560366153717041
25963,5.545690059661865
25964,69.34075927734375
25965,41.98940658569336
25966,39.66095733642578
25967,30.409225463867188
25968,15.472376823425293
25969,3.7602968215942383
25970,2.9929375648498535
25971,22.60625648498535
25972,12.796529769897461
25973,7.2541961669921875
25974,5.013495445251465
25975,3.7449727058410645
25976,3.422177791595459
25977,3.267202377319336
25978,3.1604628562927246
25979,29.92997932434082
25980,18.214786529541016
25981,11.67837905883789
25982,8.370203018188477
25983,6.487581729888916
25984,6.212977409362793
25985,5.965357780456543
25986,5.853950023651123
25987,2.504369020462036
25988,6.121682167053223
25989,5.641164302825928
25990,5.508533000946045
25991,14.609426498413086
25992,12.734253883361816
25993,7.948202610015869
25994,7.948202610015869
25995,6.976248264312744
25996,10.060812950134277
25997,10.78919506072998
25998,3.7837681770324707
25999,4.207653045654297
26000,13.775352478027344
26001,11.57599925994873
26002,3.235991954803467
26003,23.88391876220703
26004,13.31503963470459
26005,6.975642204284668
26006,4.861066818237305
26007,3.562058448791504
26008,3.2120814323425293
26009,3.0457165241241455
26010,2.9429783821105957
26011,30.95610809326172
26012,18.757829666137695
26013,11.427509307861328
26014,9.014793395996094
26015,7.271229267120361
26016,6.852643013000488
26017,6.642315864562988
26018,6.550304412841797
26019,9.556096076965332
26020,26.891220092773438
26021,5.687175750732422
26022,1.984833836555481
26023,33.14335250854492
26024,19.967506408691406
26025,12.483353614807129
26026,9.49020004272461
26027,8.757936477661133
26028,8.589365005493164
26029,8.438506126403809
26030,8.422832489013672
26031,32.45912551879883
26032,19.331817626953125
26033,11.53814697265625
26034,8.92123794555664
26035,7.4709601402282715
26036,7.304144859313965
26037,7.235589027404785
26038,7.126502513885498
26039,106.37063598632812
26040,39.62102127075195
26041,33.92155838012695
26042,26.075353622436523
26043,20.621183395385742
26044,20.713354110717773
26045,11.39836311340332
26046,5.744191646575928
26047,3.7848258018493652
26048,2.6073105335235596
26049,2.27223801612854
26050,2.1317594051361084
26051,2.0625264644622803
26052,5.280612468719482
26053,20.812726974487305
26054,11.480544090270996
26055,5.813268184661865
26056,3.8581902980804443
26057,2.6759581565856934
26058,2.363593578338623
26059,2.210283041000366
26060,2.139488935470581
26061,22.012802124023438
26062,12.246026992797852
26063,6.614688873291016
26064,4.584567070007324
26065,3.4003689289093018
26066,3.053560733795166
26067,2.8881630897521973
26068,2.8395512104034424
26069,20.791706085205078
26070,11.454930305480957
26071,5.738569736480713
26072,3.8195762634277344
26073,2.724087715148926
26074,2.411348581314087
26075,2.2532670497894287
26076,2.171334981918335
26077,21.848539352416992
26078,11.642731666564941
26079,6.271251201629639
26080,3.80759859085083
26081,2.58329439163208
26082,2.273592233657837
26083,2.1534674167633057
26084,2.093493938446045
26085,20.234703063964844
26086,11.091099739074707
26087,5.502277851104736
26088,3.6241955757141113
26089,2.5399363040924072
26090,2.2370288372039795
26091,2.0805675983428955
26092,2.0007824897766113
26093,21.284305572509766
26094,11.296760559082031
26095,5.798446178436279
26096,3.5505166053771973
26097,2.398505926132202
26098,2.0533974170684814
26099,1.899816632270813
26100,1.8221391439437866
26101,642.2064208984375
26102,20.597505569458008
26103,11.359793663024902
26104,5.666682720184326
26105,3.7447588443756104
26106,2.6751787662506104
26107,2.365049362182617
26108,2.2138333320617676
26109,2.129464864730835
26110,21.471975326538086
26111,12.123930931091309
26112,6.495789527893066
26113,4.572207927703857
26114,3.4814324378967285
26115,3.1778616905212402
26116,3.046361207962036
26117,2.9784181118011475
26118,3.024219512939453
26119,21.48763084411621
26120,12.074441909790039
26121,6.2426886558532715
26122,4.269436359405518
26123,3.19260573387146
26124,2.862860679626465
26125,2.7231903076171875
26126,2.6440534591674805
26127,1.8182505369186401
26128,20.72264862060547
26129,11.44326400756836
26130,5.728869438171387
26131,3.836738348007202
26132,2.7157387733459473
26133,2.3505053520202637
26134,2.194042205810547
26135,2.1218438148498535
26136,9.177530288696289
26137,5.76219367980957
26138,2.587165594100952
26139,2.0734119415283203
26140,1.8543692827224731
26141,22.700376510620117
26142,13.474377632141113
26143,7.269245147705078
26144,5.507972240447998
26145,4.603452682495117
26146,4.246213912963867
26147,4.085716724395752
26148,3.993722438812256
26149,21.193477630615234
26150,11.656718254089355
26151,5.92331600189209
26152,3.9222819805145264
26153,2.8489580154418945
26154,2.4747297763824463
26155,2.3276636600494385
26156,2.2510290145874023
26157,26.24285888671875
26158,17.137041091918945
26159,10.947722434997559
26160,9.29626750946045
26161,7.771444797515869
26162,7.4614949226379395
26163,7.260348796844482
26164,7.1739888191223145
26165,21.52561378479004
26166,12.029552459716797
26167,6.2741594314575195
26168,4.2744550704956055
26169,3.159189224243164
26170,2.810065746307373
26171,2.6405434608459473
26172,2.5754923820495605
26173,1.06064772605896
26174,343.9880065917969
26175,144.83795166015625
26176,103.12763214111328
26177,90.01322937011719
26178,83.10564422607422
26179,46.127410888671875
26180,31.685863494873047
26181,24.542903900146484
26182,21.038850784301758
26183,19.953149795532227
26184,19.541288375854492
26185,19.175100326538086
26186,18.169214248657227
26187,21.869638442993164
26188,12.210997581481934
26189,6.393791198730469
26190,4.413862228393555
26191,3.3179240226745605
26192,2.98472261428833
26193,2.8075296878814697
26194,2.73551082611084
26195,19.564298629760742
26196,11.992586135864258
26197,6.314296722412109
26198,4.32515811920166
26199,3.2857494354248047
26200,3.0213093757629395
26201,2.935412883758545
26202,2.8491063117980957
26203,3.219299554824829
26204,2.5017733573913574
26205,2.1636548042297363
26206,2.1157901287078857
26207,1.7812297344207764
26208,1.758965015411377
26209,1.7372546195983887
26210,1.7244621515274048
26211,1.6762828826904297
26212,21.610610961914062
26213,12.056648254394531
26214,6.321976661682129
26215,4.345484733581543
26216,3.2677786350250244
26217,2.966355085372925
26218,2.8020179271698
26219,2.726768732070923
26220,20.0014591217041
26221,10.895345687866211
26222,5.338577747344971
26223,3.4525136947631836
26224,2.3617444038391113
26225,2.021632194519043
26226,1.8705521821975708
26227,1.7893002033233643
26228,20.67625617980957
26229,11.31888484954834
26230,5.6846466064453125
26231,3.732719898223877
26232,2.545631170272827
26233,2.1999261379241943
26234,2.0491442680358887
26235,1.98427152633667
26236,68.33523559570312
26237,25.723066329956055
26238,16.755950927734375
26239,12.263354301452637
26240,9.857259750366211
26241,8.454501152038574
26242,20.42438507080078
26243,11.050394058227539
26244,5.419167518615723
26245,3.4789888858795166
26246,2.309237241744995
26247,1.9778016805648804
26248,1.831210732460022
26249,1.7634319067001343
26250,20.94100570678711
26251,11.577191352844238
26252,5.903752326965332
26253,3.9464645385742188
26254,2.7666001319885254
26255,2.451591968536377
26256,2.299874782562256
26257,2.229672431945801
26258,22.1168270111084
26259,12.418167114257812
26260,6.567039489746094
26261,4.670711040496826
26262,3.5492241382598877
26263,3.2760417461395264
26264,3.1354098320007324
26265,3.049557685852051
26266,20.796903610229492
26267,11.471522331237793
26268,5.760504722595215
26269,3.8281641006469727
26270,2.73333740234375
26271,2.420391082763672
26272,2.2608399391174316
26273,2.1769237518310547
26274,20.949337005615234
26275,11.613072395324707
26276,5.93705940246582
26277,3.9894073009490967
26278,2.892960786819458
26279,2.5579841136932373
26280,2.4196279048919678
26281,2.3416454792022705
26282,21.306983947753906
26283,11.933623313903809
26284,6.117119312286377
26285,4.1821794509887695
26286,3.040308952331543
26287,2.685396432876587
26288,2.5391666889190674
26289,2.4567949771881104
26290,21.354412078857422
26291,11.83158016204834
26292,6.1401262283325195
26293,4.150873184204102
26294,3.0257039070129395
26295,2.699528455734253
26296,2.5452938079833984
26297,2.473181962966919
26298,21.103065490722656
26299,11.840311050415039
26300,6.143416881561279
26301,4.185098171234131
26302,3.049041271209717
26303,2.6920790672302246
26304,2.5457067489624023
26305,2.468251943588257
26306,21.06902503967285
26307,11.774105072021484
26308,6.012596130371094
26309,4.082204818725586
26310,2.9521071910858154
26311,2.601966142654419
26312,2.4539575576782227
26313,2.36965012550354
26314,21.31560707092285
26315,11.997992515563965
26316,6.230921745300293
26317,4.362215042114258
26318,3.2216532230377197
26319,2.900162935256958
26320,2.7437267303466797
26321,2.661425828933716
26322,12.114015579223633
26323,8.432018280029297
26324,7.423858642578125
26325,7.005030155181885
26326,20.949337005615234
26327,11.613072395324707
26328,5.93705940246582
26329,3.9894073009490967
26330,2.892960786819458
26331,2.5579841136932373
26332,2.4196279048919678
26333,2.3416454792022705
26334,20.401018142700195
26335,11.117969512939453
26336,5.445493221282959
26337,3.5356788635253906
26338,2.4715487957000732
26339,2.1221625804901123
26340,1.9769535064697266
26341,1.8962053060531616
26342,21.456018447875977
26343,11.985871315002441
26344,6.242122650146484
26345,4.266210556030273
26346,3.1447269916534424
26347,2.8282909393310547
26348,2.675668954849243
26349,2.6063895225524902
26350,20.69460678100586
26351,11.387099266052246
26352,5.731694221496582
26353,3.792994499206543
26354,2.696380138397217
26355,2.35917592048645
26356,2.2018826007843018
26357,2.129599094390869
26358,20.369321823120117
26359,11.159867286682129
26360,5.56058931350708
26361,3.61673641204834
26362,2.543388843536377
26363,2.1886534690856934
26364,2.0378613471984863
26365,1.971189022064209
26366,20.217044830322266
26367,10.880202293395996
26368,5.257883071899414
26369,3.333451986312866
26370,2.204831838607788
26371,1.8872230052947998
26372,1.7468746900558472
26373,1.6691869497299194
26374,21.039470672607422
26375,11.802701950073242
26376,6.1585822105407715
26377,4.406122207641602
26378,3.2768726348876953
26379,2.9370415210723877
26380,2.7924633026123047
26381,2.6990838050842285
26382,19.805116653442383
26383,10.803011894226074
26384,5.282652378082275
26385,3.3755075931549072
26386,2.291630268096924
26387,1.9272429943084717
26388,1.762868046760559
26389,1.6766297817230225
26390,20.06206512451172
26391,11.022747993469238
26392,5.415443420410156
26393,3.5134329795837402
26394,2.4262468814849854
26395,2.079780340194702
26396,1.9433424472808838
26397,1.8604857921600342
26398,21.820772171020508
26399,12.359001159667969
26400,6.5747971534729
26401,4.5697760581970215
26402,3.441317081451416
26403,3.0704760551452637
26404,2.93768048286438
26405,2.8716814517974854
26406,21.637149810791016
26407,12.175507545471191
26408,6.357930660247803
26409,4.342256546020508
26410,3.2699527740478516
26411,2.933086395263672
26412,2.791867971420288
26413,2.7153332233428955
26414,22.342145919799805
26415,12.614887237548828
26416,6.858564376831055
26417,4.949389934539795
26418,3.7195608615875244
26419,3.4597439765930176
26420,3.3258330821990967
26421,3.248699188232422
26422,22.64841079711914
26423,12.803321838378906
26424,6.905446529388428
26425,5.061349868774414
26426,3.9784395694732666
26427,3.6956193447113037
26428,3.564008951187134
26429,3.497720718383789
26430,2.495058536529541
26431,33.13886642456055
26432,7.16037654876709
26433,2.203242301940918
26434,1.896581768989563
26435,6.827699184417725
26436,5.725326061248779
26437,12.463563919067383
26438,8.520171165466309
26439,7.1177592277526855
26440,9.44253921508789
26441,3.9309701919555664
26442,26.030166625976562
26443,2.4710323810577393
26444,1.6415951251983643
26445,1.1546885967254639
26446,27.238698959350586
26447,5.6452813148498535
26448,1.7522671222686768
26449,16.130346298217773
26450,7.71591329574585
26451,30.420961380004883
26452,20.016603469848633
26453,17.46639633178711
26454,4.641957759857178
26455,4.645811557769775
26456,14.36027717590332
26457,10.791356086730957
26458,10.644272804260254
26459,10.021594047546387
26460,7.945067405700684
26461,80.00230407714844
26462,50.2598876953125
26463,36.567474365234375
26464,28.593612670898438
26465,21.587066650390625
26466,11.243305206298828
26467,3.6208808422088623
26468,3.0071091651916504
26469,6.421926021575928
26470,6.857171058654785
26471,6.224015235900879
26472,5.804750919342041
26473,46.2137451171875
26474,20.881534576416016
26475,13.327638626098633
26476,9.889328956604004
26477,8.431106567382812
26478,7.22460412979126
26479,7.388885021209717
26480,22.55811309814453
26481,12.749395370483398
26482,6.7602219581604
26483,4.7882819175720215
26484,3.237147569656372
26485,3.0056729316711426
26486,2.9616150856018066
26487,2.9014480113983154
26488,21.67527198791504
26489,12.097053527832031
26490,6.523097038269043
26491,4.640713214874268
26492,3.1954193115234375
26493,2.938675880432129
26494,2.9402971267700195
26495,8.674755096435547
26496,33.288658142089844
26497,19.818986892700195
26498,12.562084197998047
26499,9.476947784423828
26500,7.412102222442627
26501,7.0158281326293945
26502,6.704403877258301
26503,6.546788215637207
26504,10.260292053222656
26505,27.89788818359375
26506,6.375768184661865
26507,2.666170120239258
26508,24.875600814819336
26509,6.404790878295898
26510,2.9449853897094727
26511,2.276832103729248
26512,23.251794815063477
26513,13.292877197265625
26514,7.365458011627197
26515,5.5661749839782715
26516,4.308098793029785
26517,3.999052047729492
26518,3.847547769546509
26519,3.7678658962249756
26520,23.251794815063477
26521,13.292877197265625
26522,7.365458011627197
26523,5.5661749839782715
26524,4.308098793029785
26525,3.999052047729492
26526,3.847547769546509
26527,3.7678658962249756
26528,23.701454162597656
26529,13.521045684814453
26530,7.453227996826172
26531,5.632678031921387
26532,4.457047462463379
26533,4.126100540161133
26534,4.02087926864624
26535,3.9367849826812744
26536,23.660066604614258
26537,13.475123405456543
26538,7.377504348754883
26539,5.480279922485352
26540,4.271294593811035
26541,3.9358737468719482
26542,3.806349754333496
26543,3.741319417953491
26544,21.105052947998047
26545,11.830303192138672
26546,6.137993812561035
26547,4.251744270324707
26548,3.156996488571167
26549,2.824190139770508
26550,2.6731560230255127
26551,2.5879926681518555
26552,20.47744369506836
26553,11.248391151428223
26554,5.58501672744751
26555,3.6563456058502197
26556,2.556382894515991
26557,2.2042062282562256
26558,2.0594558715820312
26559,1.9757486581802368
26560,20.822872161865234
26561,11.521688461303711
26562,5.859618663787842
26563,3.912921905517578
26564,2.816603183746338
26565,2.490288496017456
26566,2.3422279357910156
26567,2.2638001441955566
26568,20.696352005004883
26569,11.469326972961426
26570,5.841709136962891
26571,3.958587884902954
26572,2.870750904083252
26573,2.543111562728882
26574,2.39552903175354
26575,2.3110008239746094
26576,21.942018508911133
26577,12.331274032592773
26578,6.487887382507324
26579,4.608295440673828
26580,3.458512306213379
26581,3.124901294708252
26582,2.971390724182129
26583,2.8762569427490234
26584,8.778219223022461
26585,21.786643981933594
26586,12.109238624572754
26587,6.348020076751709
26588,4.423474311828613
26589,3.2351818084716797
26590,2.917473316192627
26591,2.755540609359741
26592,2.6603708267211914
26593,9.299629211425781
26594,7.4525861740112305
26595,28.89117431640625
26596,17.18193817138672
26597,10.14433479309082
26598,8.264081001281738
26599,6.520108222961426
26600,6.079334735870361
26601,5.845438003540039
26602,5.739701747894287
26603,29.486976623535156
26604,23.64401626586914
26605,13.438289642333984
26606,7.37498664855957
26607,5.297035217285156
26608,4.096210956573486
26609,3.767136335372925
26610,3.6419496536254883
26611,3.562898635864258
26612,23.21343231201172
26613,13.185070037841797
26614,7.170732498168945
26615,5.130898475646973
26616,3.93585205078125
26617,3.619264602661133
26618,3.483908176422119
26619,3.3990330696105957
26620,23.21343231201172
26621,13.185070037841797
26622,7.170732498168945
26623,5.130898475646973
26624,3.93585205078125
26625,3.619264602661133
26626,3.483908176422119
26627,3.3990330696105957
26628,24.646554946899414
26629,13.394164085388184
26630,7.18172550201416
26631,4.93442440032959
26632,3.6108503341674805
26633,3.342982292175293
26634,3.229269027709961
26635,3.152924060821533
26636,22.622066497802734
26637,12.771627426147461
26638,6.898085594177246
26639,5.040985584259033
26640,3.897679567337036
26641,3.605323314666748
26642,3.4658570289611816
26643,3.3816254138946533
26644,6.363680362701416
26645,3.738424062728882
26646,3.6751739978790283
26647,3.4853131771087646
26648,2.9667062759399414
26649,22.079620361328125
26650,12.381196975708008
26651,6.547525405883789
26652,4.656136512756348
26653,3.5381224155426025
26654,3.26143479347229
26655,3.1172268390655518
26656,3.033226251602173
26657,22.035520553588867
26658,12.358375549316406
26659,6.5615763664245605
26660,4.567635536193848
26661,3.4465107917785645
26662,3.1448302268981934
26663,2.9883384704589844
26664,2.910806894302368
26665,26.356664657592773
26666,14.907855033874512
26667,8.112101554870605
26668,5.7276506423950195
26669,4.341365337371826
26670,4.013005256652832
26671,3.9210968017578125
26672,3.815829038619995
26673,22.011518478393555
26674,12.202997207641602
26675,6.324123859405518
26676,4.380589485168457
26677,3.20208477973938
26678,2.888424873352051
26679,2.7387003898620605
26680,2.650336503982544
26681,30.067535400390625
26682,18.239614486694336
26683,11.786247253417969
26684,9.293148040771484
26685,8.139481544494629
26686,8.098113059997559
26687,7.930834770202637
26688,7.7933807373046875
26689,32.46063232421875
26690,19.819278717041016
26691,12.907313346862793
26692,10.553668022155762
26693,9.633790016174316
26694,9.751154899597168
26695,9.68677043914795
26696,9.622292518615723
26697,27.13017463684082
26698,16.547725677490234
26699,10.452591896057129
26700,8.543983459472656
26701,7.2006635665893555
26702,6.953760623931885
26703,6.876795768737793
26704,6.821502685546875
26705,38.93138122558594
26706,25.41718864440918
26707,17.58873748779297
26708,16.669729232788086
26709,16.844093322753906
26710,17.323856353759766
26711,16.688129425048828
26712,16.38326072692871
26713,26.22689437866211
26714,16.014110565185547
26715,10.14775276184082
26716,8.228175163269043
26717,6.937675952911377
26718,6.703683853149414
26719,6.614222526550293
26720,6.5759596824646
26721,21.600605010986328
26722,12.268669128417969
26723,6.571511268615723
26724,4.760828971862793
26725,3.6388471126556396
26726,3.2983145713806152
26727,3.1634974479675293
26728,3.0735700130462646
26729,53.38419723510742
26730,26.506242752075195
26731,20.398223876953125
26732,14.389613151550293
26733,13.021074295043945
26734,9.812357902526855
26735,9.323423385620117
26736,325.2883605957031
26737,144.15634155273438
26738,93.6722183227539
26739,74.77125549316406
26740,70.21664428710938
26741,24.11438751220703
26742,11.750362396240234
26743,7.16075325012207
26744,4.70850944519043
26745,3.086393356323242
26746,2.8898487091064453
26747,21.009876251220703
26748,11.716068267822266
26749,6.024364471435547
26750,4.11281156539917
26751,2.9605140686035156
26752,2.6258113384246826
26753,2.48915433883667
26754,2.428664445877075
26755,25.572961807250977
26756,15.591946601867676
26757,9.737293243408203
26758,7.907708168029785
26759,6.683499336242676
26760,6.455345153808594
26761,6.360747814178467
26762,6.320624351501465
26763,21.474021911621094
26764,11.99996280670166
26765,6.260898113250732
26766,4.277196884155273
26767,3.1553735733032227
26768,2.812307596206665
26769,2.6444754600524902
26770,2.5789082050323486
26771,37.19865036010742
26772,23.692302703857422
26773,15.779919624328613
26774,14.926130294799805
26775,14.103047370910645
26776,13.779545783996582
26777,13.339694023132324
26778,13.034769058227539
26779,37.19865036010742
26780,23.692302703857422
26781,15.779919624328613
26782,14.926130294799805
26783,14.103047370910645
26784,13.779545783996582
26785,13.339694023132324
26786,13.034769058227539
26787,29.765289306640625
26788,17.678133010864258
26789,10.688583374023438
26790,8.593674659729004
26791,7.386707305908203
26792,6.956791877746582
26793,6.811458587646484
26794,6.755467414855957
26795,21.87157440185547
26796,11.845727920532227
26797,6.068329811096191
26798,3.980297565460205
26799,2.834932327270508
26800,2.528542995452881
26801,2.388939380645752
26802,2.318423271179199
26803,21.439483642578125
26804,11.952224731445312
26805,6.120197296142578
26806,4.093307971954346
26807,2.993027925491333
26808,2.642544984817505
26809,2.51603102684021
26810,2.4278757572174072
26811,4.1149001121521
26812,27.910184860229492
26813,17.036043167114258
26814,10.639252662658691
26815,8.063200950622559
26816,6.553464889526367
26817,6.172511100769043
26818,5.97641134262085
26819,5.864058494567871
26820,23.809600830078125
26821,12.713603973388672
26822,6.444310665130615
26823,4.125917434692383
26824,2.8398752212524414
26825,2.4588637351989746
26826,2.3074417114257812
26827,2.262801170349121
26828,20.3250789642334
26829,11.180792808532715
26830,5.511071681976318
26831,3.581357717514038
26832,2.579944610595703
26833,2.190183639526367
26834,2.020463228225708
26835,1.9455342292785645
26836,43.7806396484375
26837,28.304502487182617
26838,20.01476287841797
26839,17.124813079833984
26840,14.945961952209473
26841,14.879034996032715
26842,14.98194408416748
26843,14.549898147583008
26844,27.318767547607422
26845,16.181344985961914
26846,9.267642974853516
26847,7.450453758239746
26848,6.190729141235352
26849,5.914206504821777
26850,5.7848381996154785
26851,5.66457986831665
26852,17.917659759521484
26853,44.05561447143555
26854,27.864229202270508
26855,19.729568481445312
26856,16.934167861938477
26857,14.854207038879395
26858,14.390340805053711
26859,14.39039134979248
26860,14.067378044128418
26861,26.944110870361328
26862,16.55542755126953
26863,9.694306373596191
26864,7.362246513366699
26865,5.9862380027771
26866,5.633627891540527
26867,5.459290504455566
26868,5.340452671051025
26869,11.465659141540527
26870,10.416364669799805
26871,8.278690338134766
26872,8.150446891784668
26873,8.838727951049805
26874,23.63934898376465
26875,21.418325424194336
26876,19.264177322387695
26877,18.495315551757812
26878,21.267621994018555
26879,19.555187225341797
26880,17.375205993652344
26881,16.988605499267578
26882,5.195745944976807
26883,3.2622363567352295
26884,2.929699659347534
26885,2.1311278343200684
26886,7.7721076011657715
26887,22.39107322692871
26888,12.720362663269043
26889,6.73457145690918
26890,4.901943206787109
26891,3.7534120082855225
26892,3.4452290534973145
26893,3.290907382965088
26894,3.214831829071045
26895,22.42970848083496
26896,12.33169937133789
26897,6.074232578277588
26898,3.963559627532959
26899,2.7774882316589355
26900,2.4164977073669434
26901,2.2536470890045166
26902,2.1787185668945312
26903,21.2147216796875
26904,11.905668258666992
26905,6.150548934936523
26906,4.192410469055176
26907,3.1421658992767334
26908,2.7937707901000977
26909,2.6633527278900146
26910,2.588146448135376
26911,21.290372848510742
26912,12.004880905151367
26913,6.4350666999816895
26914,4.5393171310424805
26915,3.433962345123291
26916,3.094630479812622
26917,2.9645819664001465
26918,2.8852720260620117
26919,21.080821990966797
26920,11.856172561645508
26921,5.940981864929199
26922,4.236823081970215
26923,3.2170748710632324
26924,2.888853073120117
26925,2.7530481815338135
26926,2.650164842605591
26927,22.351028442382812
26928,12.594922065734863
26929,6.576537132263184
26930,4.540521621704102
26931,3.4109604358673096
26932,3.0519371032714844
26933,2.910936117172241
26934,2.8373239040374756
26935,20.917394638061523
26936,11.84546947479248
26937,6.3559651374816895
26938,4.633798599243164
26939,3.5375311374664307
26940,3.180001735687256
26941,3.050070285797119
26942,2.9712138175964355
26943,21.305307388305664
26944,11.952638626098633
26945,6.072248458862305
26946,4.089515209197998
26947,3.005997657775879
26948,2.6847453117370605
26949,2.541109561920166
26950,2.4558520317077637
26951,21.35898208618164
26952,11.813465118408203
26953,5.981839179992676
26954,3.9843242168426514
26955,2.912132740020752
26956,2.5506908893585205
26957,2.42702579498291
26958,2.3249878883361816
26959,21.302547454833984
26960,11.774442672729492
26961,6.078073024749756
26962,4.116665840148926
26963,2.988759756088257
26964,2.661254405975342
26965,2.502000570297241
26966,2.4317727088928223
26967,21.09442710876465
26968,11.64725112915039
26969,6.0079026222229
26970,4.059715270996094
26971,2.952603816986084
26972,2.628070592880249
26973,2.467310667037964
26974,2.3942136764526367
26975,19.684438705444336
26976,10.887558937072754
26977,5.482811450958252
26978,3.594611644744873
26979,2.5963947772979736
26980,2.23207688331604
26981,2.0775880813598633
26982,2.0010616779327393
26983,21.03594970703125
26984,11.8054780960083
26985,6.090635776519775
26986,4.193758964538574
26987,3.110323667526245
26988,2.7629005908966064
26989,2.62667179107666
26990,2.548736095428467
26991,5.535209655761719
26992,5.690669059753418
26993,2.5806214809417725
26994,1.5899735689163208
26995,5.0279388427734375
26996,63.97833251953125
26997,41.42559051513672
26998,28.747543334960938
26999,23.888792037963867
27000,20.26457977294922
27001,20.0391845703125
27002,19.593721389770508
27003,18.61532211303711
27004,8.695878982543945
27005,7.62946891784668
27006,2.0430264472961426
27007,1.8135926723480225
27008,2.0430264472961426
27009,1.8226292133331299
27010,1.8226292133331299
27011,1.972031831741333
27012,1.8226292133331299
27013,1.8330577611923218
27014,5.771601676940918
27015,1.5902364253997803
27016,1.6061915159225464
27017,1.4316208362579346
27018,1.6505661010742188
27019,1.582362413406372
27020,1.4935932159423828
27021,1.3617825508117676
27022,1.315441370010376
27023,1.6130629777908325
27024,2.2347378730773926
27025,38.408042907714844
27026,23.981382369995117
27027,15.614154815673828
27028,13.081599235534668
27029,11.769177436828613
27030,11.510643005371094
27031,11.415487289428711
27032,11.226511001586914
27033,21.30219841003418
27034,5.008123874664307
27035,1.9016913175582886
27036,3.1805026531219482
27037,2.1569833755493164
27038,8.589868545532227
27039,1.4857664108276367
27040,8.02423095703125
27041,6.260038375854492
27042,5.636077880859375
27043,5.043313503265381
27044,10.850930213928223
27045,7.640180587768555
27046,7.265169620513916
27047,6.6544623374938965
27048,2.9689598083496094
27049,2.0971221923828125
27050,1.7623785734176636
27051,1.6589488983154297
27052,3.209348678588867
27053,11.894584655761719
27054,21.423219680786133
27055,11.929608345031738
27056,6.091962814331055
27057,4.047001838684082
27058,2.9504036903381348
27059,2.5612213611602783
27060,2.4081478118896484
27061,2.3308327198028564
27062,10.3961763381958
27063,6.053251266479492
27064,5.416443347930908
27065,4.2448506355285645
27066,21.037023544311523
27067,11.334012985229492
27068,5.778113842010498
27069,3.7488515377044678
27070,2.468581438064575
27071,2.1269264221191406
27072,1.9840779304504395
27073,20.808441162109375
27074,11.509099960327148
27075,5.7948899269104
27076,3.879741668701172
27077,2.8148040771484375
27078,2.455070734024048
27079,2.308093547821045
27080,2.2171237468719482
27081,20.808441162109375
27082,11.509099960327148
27083,5.7948899269104
27084,3.879741668701172
27085,2.8148040771484375
27086,2.455070734024048
27087,2.308093547821045
27088,2.2171237468719482
27089,15.126599311828613
27090,11.449319839477539
27091,9.698238372802734
27092,7.799002647399902
27093,20.25627899169922
27094,10.776346206665039
27095,5.150871276855469
27096,3.2354719638824463
27097,2.120723247528076
27098,1.8103010654449463
27099,1.6665899753570557
27100,1.5784971714019775
27101,20.329984664916992
27102,11.193445205688477
27103,5.540615558624268
27104,3.6338839530944824
27105,2.541435718536377
27106,2.146968364715576
27107,1.9946775436401367
27108,1.9182729721069336
27109,8.948723793029785
27110,7.262234687805176
27111,6.243831634521484
27112,21.581132888793945
27113,11.94151496887207
27114,6.016059398651123
27115,4.0213751792907715
27116,2.864696741104126
27117,2.4956068992614746
27118,2.350677251815796
27119,2.2745625972747803
27120,20.941373825073242
27121,11.607782363891602
27122,5.88602876663208
27123,3.945854425430298
27124,2.9104390144348145
27125,2.556036949157715
27126,2.4047327041625977
27127,2.3094332218170166
27128,33.84748077392578
27129,24.55317497253418
27130,14.442136764526367
27131,22.734018325805664
27132,12.852924346923828
27133,7.021401882171631
27134,5.140707969665527
27135,3.904254198074341
27136,3.6166462898254395
27137,3.474170446395874
27138,3.3950676918029785
27139,22.734018325805664
27140,12.852924346923828
27141,7.021401882171631
27142,5.140707969665527
27143,3.904254198074341
27144,3.6166462898254395
27145,3.474170446395874
27146,3.3950676918029785
27147,22.328378677368164
27148,12.545743942260742
27149,6.604790687561035
27150,4.649136066436768
27151,3.484926462173462
27152,3.1489837169647217
27153,2.984670400619507
27154,2.898818254470825
27155,22.671855926513672
27156,12.76646900177002
27157,6.780421733856201
27158,4.802335262298584
27159,3.614731788635254
27160,3.296318769454956
27161,3.1379287242889404
27162,3.0475611686706543
27163,11.925638198852539
27164,20.76141357421875
27165,11.445772171020508
27166,5.787844181060791
27167,3.8308966159820557
27168,2.687666177749634
27169,2.346891164779663
27170,2.2015998363494873
27171,2.1344830989837646
27172,22.57867431640625
27173,4.420627593994141
27174,1.3685946464538574
27175,21.12958335876465
27176,11.69997787475586
27177,6.056667804718018
27178,4.060547828674316
27179,2.9256539344787598
27180,2.600954532623291
27181,2.4419825077056885
27182,2.3691985607147217
27183,20.78026580810547
27184,11.423055648803711
27185,5.748628616333008
27186,3.784837007522583
27187,2.600701093673706
27188,2.262878179550171
27189,2.1142942905426025
27190,2.0482819080352783
27191,20.770450592041016
27192,11.465497016906738
27193,5.797877311706543
27194,3.8584866523742676
27195,2.7467565536499023
27196,2.3891406059265137
27197,2.2440543174743652
27198,2.175947904586792
27199,19.90570640563965
27200,10.998477935791016
27201,5.4850311279296875
27202,3.5584022998809814
27203,2.510366201400757
27204,2.187579870223999
27205,2.0547471046447754
27206,1.9790143966674805
27207,20.421422958374023
27208,11.231494903564453
27209,5.620985984802246
27210,3.709685802459717
27211,2.554318428039551
27212,2.246471643447876
27213,2.097287654876709
27214,2.0325727462768555
27215,20.421422958374023
27216,11.231494903564453
27217,5.620985984802246
27218,3.709685802459717
27219,2.554318428039551
27220,2.246471643447876
27221,2.097287654876709
27222,2.0325727462768555
27223,20.397560119628906
27224,11.015116691589355
27225,5.388018608093262
27226,3.452666997909546
27227,2.2948741912841797
27228,1.9637559652328491
27229,1.817412257194519
27230,1.7522916793823242
27231,10.231705665588379
27232,79.72708129882812
27233,29.460784912109375
27234,20.6148738861084
27235,16.882160186767578
27236,13.712130546569824
27237,19.847185134887695
27238,10.71119213104248
27239,5.167076110839844
27240,3.289954662322998
27241,2.1702263355255127
27242,1.8407323360443115
27243,1.7099510431289673
27244,1.6357619762420654
27245,27.30637550354004
27246,15.450666427612305
27247,8.364093780517578
27248,5.916254043579102
27249,4.434024810791016
27250,4.074507236480713
27251,3.9671578407287598
27252,3.855952262878418
27253,26.272193908691406
27254,14.887499809265137
27255,8.029547691345215
27256,5.679181098937988
27257,4.276087760925293
27258,3.9538583755493164
27259,3.866628408432007
27260,3.760596513748169
27261,26.445453643798828
27262,14.488100051879883
27263,7.597598552703857
27264,5.038113594055176
27265,3.66567325592041
27266,3.330076217651367
27267,21.738056182861328
27268,12.160133361816406
27269,6.427366256713867
27270,4.453536033630371
27271,3.350517749786377
27272,3.0388565063476562
27273,2.881197452545166
27274,2.80743670463562
27275,22.465009689331055
27276,12.491722106933594
27277,6.530599117279053
27278,4.555222034454346
27279,3.386776924133301
27280,3.063020944595337
27281,2.9040377140045166
27282,2.815046548843384
27283,20.32785415649414
27284,11.0021333694458
27285,5.356133937835693
27286,3.4363644123077393
27287,2.322118043899536
27288,1.9734455347061157
27289,1.8321658372879028
27290,1.7508337497711182
27291,23.50640869140625
27292,13.283842086791992
27293,7.098311901092529
27294,5.049663543701172
27295,3.8646645545959473
27296,3.526975631713867
27297,3.4075846672058105
27298,3.3320021629333496
27299,30.917207717895508
27300,19.30035972595215
27301,12.66479778289795
27302,11.112466812133789
27303,9.917701721191406
27304,9.59061336517334
27305,9.521263122558594
27306,9.3525390625
27307,28.705995559692383
27308,17.379779815673828
27309,10.603050231933594
27310,8.730195999145508
27311,7.344649314880371
27312,6.890769004821777
27313,6.694871425628662
27314,6.688396453857422
27315,21.642112731933594
27316,12.034221649169922
27317,6.327096939086914
27318,4.301202297210693
27319,3.1738357543945312
27320,2.8280460834503174
27321,2.6835591793060303
27322,2.6140999794006348
27323,22.581424713134766
27324,12.7318696975708
27325,6.858134746551514
27326,4.996273994445801
27327,3.832399845123291
27328,3.5422096252441406
27329,3.3996448516845703
27330,3.317251443862915
27331,22.367765426635742
27332,12.591089248657227
27333,6.725531578063965
27334,4.828030109405518
27335,3.6921284198760986
27336,3.4175872802734375
27337,3.277829647064209
27338,3.1931545734405518
27339,23.315994262695312
27340,13.251922607421875
27341,7.1788554191589355
27342,5.206091403961182
27343,3.982264995574951
27344,3.6540093421936035
27345,3.512072801589966
27346,3.4121742248535156
27347,22.28310203552246
27348,12.633431434631348
27349,6.732367515563965
27350,4.88810920715332
27351,3.7463977336883545
27352,3.4660449028015137
27353,3.328118324279785
27354,3.2567896842956543
27355,22.67818260192871
27356,12.748698234558105
27357,6.788057327270508
27358,4.769128799438477
27359,3.625861883163452
27360,3.303028106689453
27361,3.1579678058624268
27362,3.066742181777954
27363,451.93701171875
27364,170.87759399414062
27365,106.35469818115234
27366,78.38094329833984
27367,70.70572662353516
27368,20.072669982910156
27369,10.721453666687012
27370,5.0717878341674805
27371,3.1440155506134033
27372,2.041985273361206
27373,1.723694920539856
27374,1.581333875656128
27375,1.505979299545288
27376,243.99142456054688
27377,112.17952728271484
27378,85.59977722167969
27379,72.14176940917969
27380,64.69158935546875
27381,22.334461212158203
27382,12.648465156555176
27383,6.729581356048584
27384,4.662045955657959
27385,3.57060170173645
27386,3.2098331451416016
27387,3.0874831676483154
27388,3.0158586502075195
27389,87.38504028320312
27390,31.034143447875977
27391,19.13253402709961
27392,14.801667213439941
27393,11.47620964050293
27394,20.743637084960938
27395,11.586169242858887
27396,5.84528923034668
27397,3.9284093379974365
27398,2.867061138153076
27399,2.560201644897461
27400,2.407313108444214
27401,2.329313278198242
27402,20.06140899658203
27403,11.026928901672363
27404,5.429835319519043
27405,3.528653621673584
27406,2.4327778816223145
27407,2.082257032394409
27408,1.94196355342865
27409,1.8579576015472412
27410,21.587942123413086
27411,12.228095054626465
27412,6.372336387634277
27413,4.720074653625488
27414,3.531482219696045
27415,3.1765918731689453
27416,3.0305445194244385
27417,2.9314944744110107
27418,27.23395538330078
27419,15.466581344604492
27420,8.783491134643555
27421,5.784476280212402
27422,3.8781394958496094
27423,3.456136703491211
27424,3.2492339611053467
27425,3.0982697010040283
27426,18.076950073242188
27427,10.482623100280762
27428,5.4304518699646
27429,3.655758857727051
27430,2.6361193656921387
27431,2.3705508708953857
27432,2.2594661712646484
27433,2.1787569522857666
27434,28.354141235351562
27435,16.776771545410156
27436,10.144330978393555
27437,8.02389144897461
27438,6.549255847930908
27439,6.288219451904297
27440,6.141171932220459
27441,6.035629749298096
27442,28.34047508239746
27443,16.76938819885254
27444,10.022114753723145
27445,7.838823318481445
27446,6.355500221252441
27447,6.117307186126709
27448,5.9857892990112305
27449,5.882483005523682
27450,23.15435791015625
27451,13.162436485290527
27452,7.191410064697266
27453,5.304168224334717
27454,4.064706802368164
27455,3.7406508922576904
27456,3.601123571395874
27457,3.509800910949707
27458,23.308013916015625
27459,13.149576187133789
27460,7.260374069213867
27461,5.23146390914917
27462,4.048262596130371
27463,3.761915922164917
27464,3.589277744293213
27465,3.505282402038574
27466,20.532690048217773
27467,11.360313415527344
27468,5.731099605560303
27469,3.8169939517974854
27470,2.7008056640625
27471,2.355013847351074
27472,2.206214427947998
27473,2.1488289833068848
27474,14.725335121154785
27475,8.29925537109375
27476,6.835168361663818
27477,6.127676010131836
27478,22.79820442199707
27479,12.90199089050293
27480,6.963644981384277
27481,4.970604419708252
27482,3.8111422061920166
27483,3.457826614379883
27484,3.309999942779541
27485,3.2211146354675293
27486,22.375673294067383
27487,12.561424255371094
27488,6.696915626525879
27489,4.574235916137695
27490,3.457029342651367
27491,3.1011292934417725
27492,2.9654393196105957
27493,2.88678240776062
27494,22.039464950561523
27495,12.384411811828613
27496,6.598989963531494
27497,4.528777599334717
27498,3.404407501220703
27499,3.051690101623535
27500,2.914553165435791
27501,2.837137460708618
27502,26.07057762145996
27503,15.47962760925293
27504,9.170730590820312
27505,7.185426712036133
27506,5.743365287780762
27507,5.248494625091553
27508,5.021417617797852
27509,4.920200824737549
27510,28.75153160095215
27511,17.570899963378906
27512,10.601198196411133
27513,8.366626739501953
27514,6.94873046875
27515,6.590312957763672
27516,6.3966803550720215
27517,6.280698776245117
27518,21.559856414794922
27519,12.468973159790039
27520,6.60170841217041
27521,4.875940799713135
27522,3.9533112049102783
27523,3.620425224304199
27524,3.487197160720825
27525,3.388521671295166
27526,29.68268585205078
27527,18.349313735961914
27528,11.251893043518066
27529,9.086774826049805
27530,7.750330924987793
27531,7.597398281097412
27532,7.479269027709961
27533,7.405693531036377
27534,30.017805099487305
27535,18.534841537475586
27536,11.567747116088867
27537,9.783212661743164
27538,7.68719482421875
27539,7.330832481384277
27540,7.252284526824951
27541,7.262313365936279
27542,20.042200088500977
27543,11.246888160705566
27544,5.759512424468994
27545,3.9111008644104004
27546,2.9298088550567627
27547,2.6078388690948486
27548,2.494316577911377
27549,2.412688732147217
27550,19.51509666442871
27551,10.726383209228516
27552,5.245934009552002
27553,3.399507999420166
27554,2.359649419784546
27555,2.00846266746521
27556,1.8708852529525757
27557,1.8075952529907227
27558,49.0294303894043
27559,22.690635681152344
27560,14.444511413574219
27561,10.983756065368652
27562,9.351495742797852
27563,21.33894157409668
27564,11.804905891418457
27565,5.911677837371826
27566,3.945042610168457
27567,2.8296642303466797
27568,2.46598744392395
27569,2.3091869354248047
27570,2.2298080921173096
27571,38.520755767822266
27572,25.48430061340332
27573,17.473915100097656
27574,16.289609909057617
27575,14.584151268005371
27576,13.63631534576416
27577,13.122184753417969
27578,12.84272289276123
27579,20.729976654052734
27580,11.429245948791504
27581,5.780622482299805
27582,3.8366048336029053
27583,2.659174919128418
27584,2.3504526615142822
27585,2.1981961727142334
27586,2.1274847984313965
27587,22.007537841796875
27588,12.367016792297363
27589,6.588784694671631
27590,4.702725410461426
27591,3.5259616374969482
27592,3.24484920501709
27593,3.111387252807617
27594,3.0288338661193848
27595,21.862716674804688
27596,12.272130966186523
27597,6.50785493850708
27598,4.517481803894043
27599,3.4097700119018555
27600,3.111022472381592
27601,2.9590044021606445
27602,2.8840396404266357
27603,21.256669998168945
27604,11.777647972106934
27605,6.114852428436279
27606,4.103021144866943
27607,2.9654979705810547
27608,2.6323211193084717
27609,2.476989507675171
27610,2.40384578704834
27611,21.298324584960938
27612,11.802165031433105
27613,6.131719589233398
27614,4.114178657531738
27615,2.9849090576171875
27616,2.6500418186187744
27617,2.49375319480896
27618,2.419961452484131
27619,21.613412857055664
27620,12.099056243896484
27621,6.349719524383545
27622,4.401149749755859
27623,3.2512755393981934
27624,2.9106945991516113
27625,2.742253541946411
27626,2.6792194843292236
27627,21.260025024414062
27628,11.828012466430664
27629,6.110808849334717
27630,4.139410495758057
27631,3.059312582015991
27632,2.7198925018310547
27633,2.5467169284820557
27634,2.4768989086151123
27635,21.17236328125
27636,11.756770133972168
27637,6.055130481719971
27638,4.096949100494385
27639,2.9965193271636963
27640,2.654235363006592
27641,2.4873173236846924
27642,2.4199891090393066
27643,21.383255004882812
27644,11.940803527832031
27645,6.209507942199707
27646,4.243748188018799
27647,3.149322509765625
27648,2.809109926223755
27649,2.6461594104766846
27650,2.5761921405792236
27651,21.383255004882812
27652,11.940803527832031
27653,6.209507942199707
27654,4.243748188018799
27655,3.149322509765625
27656,2.809109926223755
27657,2.6461594104766846
27658,2.5761921405792236
27659,39.48411178588867
27660,24.833602905273438
27661,16.67572593688965
27662,14.213528633117676
27663,12.949084281921387
27664,12.937139511108398
27665,12.728286743164062
27666,12.60428237915039
27667,47.584835052490234
27668,100.00784301757812
27669,71.64146423339844
27670,50.24734878540039
27671,46.15324783325195
27672,38.20994186401367
27673,20.50869369506836
27674,12.707563400268555
27675,7.707577705383301
27676,5.374368667602539
27677,4.2488603591918945
27678,3.932629108428955
27679,3.8243420124053955
27680,3.7682132720947266
27681,20.41265106201172
27682,12.357216835021973
27683,6.754384517669678
27684,4.878284931182861
27685,3.863581657409668
27686,3.5498907566070557
27687,3.443354845046997
27688,3.3534393310546875
27689,21.84573745727539
27690,12.710575103759766
27691,6.727800369262695
27692,5.009178161621094
27693,4.055049419403076
27694,3.7139477729797363
27695,3.583385944366455
27696,3.4879894256591797
27697,22.750778198242188
27698,13.372281074523926
27699,7.414892196655273
27700,5.402916431427002
27701,4.272643089294434
27702,3.9289088249206543
27703,3.7938129901885986
27704,3.6905369758605957
27705,10.662888526916504
27706,20.438026428222656
27707,11.210789680480957
27708,5.535098552703857
27709,3.6092605590820312
27710,2.4797019958496094
27711,2.1266815662384033
27712,1.9812140464782715
27713,1.897635817527771
27714,21.850830078125
27715,12.425312995910645
27716,6.572906494140625
27717,4.7765889167785645
27718,3.6544601917266846
27719,3.3309333324432373
27720,3.1731700897216797
27721,3.097933530807495
27722,21.61440086364746
27723,12.50222110748291
27724,6.619884967803955
27725,4.893600940704346
27726,3.9561643600463867
27727,3.6238150596618652
27728,3.4905242919921875
27729,3.391784191131592
27730,21.104524612426758
27731,11.993746757507324
27732,6.40174674987793
27733,4.687412261962891
27734,3.733761787414551
27735,3.3898680210113525
27736,3.2666265964508057
27737,3.177623748779297
27738,20.290189743041992
27739,11.484902381896973
27740,5.962576866149902
27741,4.206797122955322
27742,3.1971631050109863
27743,2.8671202659606934
27744,2.7455263137817383
27745,2.651946544647217
27746,21.458463668823242
27747,11.867931365966797
27748,5.891894340515137
27749,3.8778257369995117
27750,2.7494733333587646
27751,2.373844623565674
27752,2.226330280303955
27753,2.1675634384155273
27754,21.704998016357422
27755,12.068799018859863
27756,6.260495662689209
27757,4.3324713706970215
27758,3.055833578109741
27759,2.735219955444336
27760,2.608228921890259
27761,2.5619828701019287
27762,22.300813674926758
27763,12.594378471374512
27764,6.735196113586426
27765,4.787642955780029
27766,3.3985636234283447
27767,3.04005765914917
27768,2.911316394805908
27769,2.8531761169433594
27770,22.129920959472656
27771,12.266239166259766
27772,6.71873664855957
27773,4.509300708770752
27774,3.1621813774108887
27775,2.8531970977783203
27776,2.6781575679779053
27777,2.5807888507843018
27778,27.91941261291504
27779,27.93240737915039
27780,16.354854583740234
27781,9.507182121276855
27782,7.079488277435303
27783,5.647008895874023
27784,5.314876079559326
27785,5.148979187011719
27786,5.025869846343994
27787,28.167301177978516
27788,16.51028823852539
27789,9.638888359069824
27790,7.163506984710693
27791,5.747801780700684
27792,5.400429725646973
27793,5.226903438568115
27794,5.0973920822143555
27795,29.315338134765625
27796,17.23850440979004
27797,10.074860572814941
27798,7.494001865386963
27799,6.06129789352417
27800,5.740435600280762
27801,5.569509029388428
27802,5.458832740783691
27803,26.95953941345215
27804,17.486217498779297
27805,8.635649681091309
27806,6.639715194702148
27807,4.566468238830566
27808,4.306954383850098
27809,4.159743785858154
27810,4.040288925170898
27811,28.662878036499023
27812,16.82143783569336
27813,9.75866413116455
27814,7.225593090057373
27815,5.812099933624268
27816,5.484895706176758
27817,5.316094875335693
27818,5.202095031738281
27819,21.787534713745117
27820,12.247150421142578
27821,6.461817264556885
27822,4.451920509338379
27823,3.3691112995147705
27824,3.072606325149536
27825,2.93619966506958
27826,2.865257978439331
27827,22.362308502197266
27828,12.427756309509277
27829,6.486319541931152
27830,4.504703998565674
27831,3.3395166397094727
27832,3.028054714202881
27833,2.8727164268493652
27834,2.7726712226867676
27835,22.32387924194336
27836,12.60230541229248
27837,6.729931831359863
27838,4.795490264892578
27839,3.581387519836426
27840,3.2476532459259033
27841,3.1286799907684326
27842,3.0314297676086426
27843,20.97992515563965
27844,12.299386978149414
27845,6.506132125854492
27846,4.522912502288818
27847,3.3451762199401855
27848,2.980045795440674
27849,2.7894535064697266
27850,2.674924373626709
27851,5.20294189453125
27852,39.779544830322266
27853,25.515445709228516
27854,16.43360137939453
27855,12.729630470275879
27856,9.128225326538086
27857,7.810674667358398
27858,7.335360050201416
27859,7.105506420135498
27860,27.730398178100586
27861,16.263774871826172
27862,9.335546493530273
27863,7.188784599304199
27864,5.694724082946777
27865,5.3146820068359375
27866,5.123016357421875
27867,4.977558612823486
27868,22.28089141845703
27869,12.384750366210938
27870,6.468430519104004
27871,4.4970574378967285
27872,3.3141491413116455
27873,3.0058305263519287
27874,2.8613157272338867
27875,2.7840559482574463
27876,16.941072463989258
27877,15.540143966674805
27878,15.630784034729004
27879,14.958958625793457
27880,12.7012357711792
27881,19.850534439086914
27882,30.128753662109375
27883,17.990306854248047
27884,10.596489906311035
27885,8.04890251159668
27886,6.551043510437012
27887,6.200988292694092
27888,6.066400051116943
27889,6.057803630828857
27890,22.932327270507812
27891,13.161468505859375
27892,7.1488518714904785
27893,5.305622577667236
27894,4.042892932891846
27895,3.6948046684265137
27896,3.5518746376037598
27897,3.4479403495788574
27898,29.46759033203125
27899,17.528757095336914
27900,10.441487312316895
27901,8.10122299194336
27902,6.422327995300293
27903,6.067149639129639
27904,5.938722610473633
27905,5.84548282623291
27906,28.313552856445312
27907,16.68268585205078
27908,9.9432373046875
27909,7.638025283813477
27910,6.129164218902588
27911,5.7735161781311035
27912,5.634636878967285
27913,5.5056610107421875
27914,28.882095336914062
27915,17.96051788330078
27916,10.557149887084961
27917,8.111522674560547
27918,6.6128764152526855
27919,6.252261161804199
27920,6.072658538818359
27921,5.980068206787109
27922,23.98226547241211
27923,13.567305564880371
27924,7.743829727172852
27925,5.9008989334106445
27926,4.738704681396484
27927,4.383584499359131
27928,4.260468482971191
27929,23.98226547241211
27930,13.567305564880371
27931,7.743829727172852
27932,5.9008989334106445
27933,4.738704681396484
27934,4.383584499359131
27935,4.260468482971191
27936,25.269451141357422
27937,14.423903465270996
27938,8.378751754760742
27939,6.6650567054748535
27940,5.394288539886475
27941,5.057809352874756
27942,4.911832809448242
27943,21.417015075683594
27944,12.040790557861328
27945,6.2735676765441895
27946,4.406281471252441
27947,3.2534217834472656
27948,2.901581287384033
27949,2.7511894702911377
27950,2.6728100776672363
27951,21.001766204833984
27952,11.62728500366211
27953,5.951484680175781
27954,3.9874815940856934
27955,2.8890514373779297
27956,2.548586845397949
27957,2.4034719467163086
27958,2.3240411281585693
27959,20.756505966186523
27960,11.466348648071289
27961,5.810224533081055
27962,3.8723738193511963
27963,2.7826218605041504
27964,2.4575307369232178
27965,2.312973737716675
27966,2.231388807296753
27967,23.15488624572754
27968,12.874130249023438
27969,7.275820732116699
27970,5.265728950500488
27971,4.012819766998291
27972,3.6993777751922607
27973,3.585954427719116
27974,21.56106948852539
27975,12.055750846862793
27976,6.2695488929748535
27977,4.344280242919922
27978,3.2438292503356934
27979,2.9133903980255127
27980,2.8013854026794434
27981,2.683429002761841
27982,23.41819190979004
27983,13.344812393188477
27984,7.323529243469238
27985,5.508055686950684
27986,4.275590419769287
27987,3.9272818565368652
27988,3.781931161880493
27989,3.683441400527954
27990,21.468505859375
27991,12.116547584533691
27992,6.475641250610352
27993,4.5317254066467285
27994,3.4330666065216064
27995,3.091655731201172
27996,2.960568904876709
27997,2.8485920429229736
27998,23.94882583618164
27999,2.962211847305298
28000,23.315025329589844
28001,12.761343955993652
28002,6.828188419342041
28003,4.689980983734131
28004,3.458625316619873
28005,3.137617588043213
28006,3.035433530807495
28007,20.951030731201172
28008,11.728167533874512
28009,6.03723669052124
28010,4.099191665649414
28011,2.964193105697632
28012,2.6214635372161865
28013,2.472337484359741
28014,2.3898630142211914
28015,2.846529245376587
28016,21.234790802001953
28017,11.904107093811035
28018,6.163166046142578
28019,4.189663887023926
28020,3.0658397674560547
28021,2.7091190814971924
28022,2.5668747425079346
28023,2.485994577407837
28024,28.408899307250977
28025,15.905916213989258
28026,8.965526580810547
28027,6.351278305053711
28028,4.884637832641602
28029,4.551968574523926
28030,4.401797294616699
28031,4.300402641296387
28032,24.47848129272461
28033,13.926947593688965
28034,7.867933750152588
28035,5.868002414703369
28036,4.466495037078857
28037,4.184704303741455
28038,4.074553966522217
28039,3.991267442703247
28040,4.673525810241699
28041,3.9997992515563965
28042,3.597735643386841
28043,3.3424904346466064
28044,3.2263195514678955
28045,287.46844482421875
28046,134.5281524658203
28047,94.14615631103516
28048,79.73836517333984
28049,72.1322250366211
28050,10.665565490722656
28051,5.178190231323242
28052,4.270544052124023
28053,2.5269463062286377
28054,24.068126678466797
28055,13.595335960388184
28056,7.191865921020508
28057,5.088662147521973
28058,3.8497676849365234
28059,3.490368604660034
28060,3.3734891414642334
28061,3.2655231952667236
28062,23.89203453063965
28063,13.715496063232422
28064,7.537558555603027
28065,5.701306343078613
28066,4.532811641693115
28067,4.1548848152160645
28068,4.0012311935424805
28069,3.9044547080993652
28070,23.170089721679688
28071,13.33276653289795
28072,7.366547584533691
28073,5.737718105316162
28074,4.6195878982543945
28075,4.25462007522583
28076,4.1058430671691895
28077,3.9982376098632812
28078,23.170089721679688
28079,13.33276653289795
28080,7.366547584533691
28081,5.737718105316162
28082,4.6195878982543945
28083,4.25462007522583
28084,4.1058430671691895
28085,3.9982376098632812
28086,23.89203453063965
28087,13.715496063232422
28088,7.537558555603027
28089,5.701306343078613
28090,4.532811641693115
28091,4.1548848152160645
28092,4.0012311935424805
28093,3.9044547080993652
28094,123.76775360107422
28095,21.87537384033203
28096,12.150622367858887
28097,6.301670074462891
28098,4.376131534576416
28099,3.2352914810180664
28100,2.9288253784179688
28101,2.77060604095459
28102,2.672884941101074
28103,77.40827941894531
28104,28.36372184753418
28105,16.957977294921875
28106,13.267988204956055
28107,10.83902645111084
28108,22.527917861938477
28109,12.675460815429688
28110,6.695870876312256
28111,4.703867435455322
28112,3.547060489654541
28113,3.2314441204071045
28114,3.0730643272399902
28115,2.975161552429199
28116,22.16876983642578
28117,12.303473472595215
28118,6.422672271728516
28119,4.468703746795654
28120,3.3009676933288574
28121,2.984736919403076
28122,2.8290767669677734
28123,2.7397940158843994
28124,22.438024520874023
28125,13.233633041381836
28126,7.372860431671143
28127,5.607102870941162
28128,4.421731948852539
28129,4.079586982727051
28130,3.9475467205047607
28131,3.826273202896118
28132,27.38978385925293
28133,16.67537498474121
28134,9.7224702835083
28135,7.562483787536621
28136,6.064276695251465
28137,5.735372066497803
28138,5.5659894943237305
28139,5.4582743644714355
28140,21.041433334350586
28141,11.800764083862305
28142,6.103374481201172
28143,4.139425277709961
28144,3.0170981884002686
28145,2.6652941703796387
28146,2.5176680088043213
28147,2.4386231899261475
28148,21.041433334350586
28149,11.800764083862305
28150,6.103374481201172
28151,4.139425277709961
28152,3.0170981884002686
28153,2.6652941703796387
28154,2.5176680088043213
28155,2.4386231899261475
28156,23.609262466430664
28157,13.771023750305176
28158,7.5956292152404785
28159,5.9506731033325195
28160,4.752199172973633
28161,4.36408805847168
28162,4.221946716308594
28163,4.1203813552856445
28164,26.49079704284668
28165,17.393173217773438
28166,10.598843574523926
28167,8.024909019470215
28168,6.606606483459473
28169,6.196263790130615
28170,6.000291347503662
28171,5.894224166870117
28172,31.972536087036133
28173,19.953176498413086
28174,12.577461242675781
28175,10.857959747314453
28176,9.977155685424805
28177,9.372459411621094
28178,9.059693336486816
28179,8.926210403442383
28180,20.951030731201172
28181,11.728167533874512
28182,6.03723669052124
28183,4.099191665649414
28184,2.964193105697632
28185,2.6214635372161865
28186,2.472337484359741
28187,2.3898630142211914
28188,1.838409662246704
28189,1.6633487939834595
28190,6.940783500671387
28191,6.207004547119141
28192,5.698306083679199
28193,29.11060905456543
28194,17.21448516845703
28195,10.153708457946777
28196,7.871124267578125
28197,6.3079094886779785
28198,5.921290874481201
28199,5.751053810119629
28200,5.64876127243042
28201,3.4991023540496826
28202,28.295541763305664
28203,17.034677505493164
28204,9.840408325195312
28205,7.621626377105713
28206,6.182454586029053
28207,5.8255615234375
28208,5.665002346038818
28209,5.601212978363037
28210,28.184598922729492
28211,17.230854034423828
28212,10.037567138671875
28213,7.689764022827148
28214,6.272493362426758
28215,5.9143266677856445
28216,5.733495712280273
28217,5.625402927398682
28218,27.270828247070312
28219,15.991536140441895
28220,9.17177677154541
28221,7.05734920501709
28222,5.589149475097656
28223,5.222135066986084
28224,5.034666061401367
28225,4.898413181304932
28226,29.54391860961914
28227,17.140819549560547
28228,9.836860656738281
28229,7.469764709472656
28230,6.108017921447754
28231,5.791946887969971
28232,5.597949981689453
28233,5.513524055480957
28234,84.22847747802734
28235,47.449222564697266
28236,33.11321258544922
28237,26.625791549682617
28238,21.476945877075195
28239,18.821043014526367
28240,9.223459243774414
28241,5.03786563873291
28242,4.318164825439453
28243,2.8527326583862305
28244,2.5593225955963135
28245,9.4629487991333
28246,5.774930000305176
28247,5.055004119873047
28248,3.693843126296997
28249,3.2821125984191895
28250,3.142810344696045
28251,21.124109268188477
28252,11.975787162780762
28253,6.507476806640625
28254,4.399417400360107
28255,3.2376208305358887
28256,2.909205675125122
28257,2.7771170139312744
28258,2.6613097190856934
28259,118.42391204833984
28260,55.33393096923828
28261,43.04827117919922
28262,31.945240020751953
28263,23.851322174072266
28264,13.123907089233398
28265,7.424548149108887
28266,5.388796806335449
28267,4.125476837158203
28268,3.807351589202881
28269,3.652858257293701
28270,3.5581297874450684
28271,23.313352584838867
28272,13.266983032226562
28273,7.256418704986572
28274,5.232446670532227
28275,4.015050888061523
28276,3.686668634414673
28277,3.55057692527771
28278,3.4735910892486572
28279,28.44274139404297
28280,16.67754364013672
28281,9.511848449707031
28282,7.143942356109619
28283,5.690425395965576
28284,5.313924312591553
28285,5.124181747436523
28286,5.007890224456787
28287,24.54036521911621
28288,14.456995964050293
28289,8.55305290222168
28290,6.346765041351318
28291,5.160574436187744
28292,4.896939754486084
28293,4.7673211097717285
28294,4.688748359680176
28295,23.49936866760254
28296,13.908967018127441
28297,7.759099006652832
28298,5.9684553146362305
28299,4.838664531707764
28300,4.467002868652344
28301,4.328439712524414
28302,4.2300124168396
28303,28.0327205657959
28304,17.14858627319336
28305,10.004223823547363
28306,7.641838073730469
28307,6.219686508178711
28308,5.8514909744262695
28309,5.673072338104248
28310,5.532454490661621
28311,22.64485740661621
28312,12.572487831115723
28313,6.535435199737549
28314,4.536280155181885
28315,3.310120105743408
28316,2.9524219036102295
28317,2.7972195148468018
28318,2.7126312255859375
28319,23.078943252563477
28320,12.875818252563477
28321,6.756673812866211
28322,4.710035800933838
28323,3.5010602474212646
28324,3.1732301712036133
28325,3.0117347240448
28326,2.9236807823181152
28327,21.982398986816406
28328,12.509147644042969
28329,6.76291036605835
28330,4.995575904846191
28331,3.8756051063537598
28332,3.54901123046875
28333,3.4056203365325928
28334,3.3018620014190674
28335,21.92751693725586
28336,12.314790725708008
28337,6.4656171798706055
28338,4.512106895446777
28339,3.370055913925171
28340,3.0606417655944824
28341,2.9141252040863037
28342,2.827198028564453
28343,29.253746032714844
28344,17.43675422668457
28345,10.268214225769043
28346,7.952878952026367
28347,6.398932456970215
28348,6.039534091949463
28349,5.852142333984375
28350,5.789063930511475
28351,122.46926879882812
28352,46.68012619018555
28353,30.578580856323242
28354,24.815441131591797
28355,20.880569458007812
28356,31.62907600402832
28357,20.171424865722656
28358,12.654106140136719
28359,9.738933563232422
28360,8.161276817321777
28361,7.784811019897461
28362,23.624631881713867
28363,13.364991188049316
28364,7.285550117492676
28365,5.289592266082764
28366,4.042171001434326
28367,3.7183539867401123
28368,3.5732297897338867
28369,3.4806594848632812
28370,14.331756591796875
28371,10.774827003479004
28372,9.777620315551758
28373,7.338159561157227
28374,20.32785415649414
28375,11.0021333694458
28376,5.356133937835693
28377,3.4363644123077393
28378,2.322118043899536
28379,1.9734455347061157
28380,1.8321658372879028
28381,1.7508337497711182
28382,75.33601379394531
28383,30.12433624267578
28384,17.515777587890625
28385,13.984435081481934
28386,11.378304481506348
28387,21.73573875427246
28388,12.214118003845215
28389,6.298018455505371
28390,4.276004314422607
28391,3.2050647735595703
28392,2.880302667617798
28393,2.74096941947937
28394,2.668452262878418
28395,34.860206604003906
28396,22.35580825805664
28397,14.257018089294434
28398,11.904542922973633
28399,10.786439895629883
28400,10.626251220703125
28401,10.418333053588867
28402,10.186636924743652
28403,22.1445369720459
28404,12.761015892028809
28405,7.132008075714111
28406,5.124787330627441
28407,3.9730381965637207
28408,3.616071939468384
28409,3.5063374042510986
28410,3.4107847213745117
28411,100.27517700195312
28412,37.443450927734375
28413,24.779260635375977
28414,21.144351959228516
28415,16.903072357177734
28416,31.15520668029785
28417,19.133838653564453
28418,11.959875106811523
28419,9.542192459106445
28420,7.92922306060791
28421,7.591529369354248
28422,7.445341110229492
28423,7.393842697143555
28424,31.623319625854492
28425,20.613910675048828
28426,13.3962984085083
28427,12.395581245422363
28428,10.877213478088379
28429,10.424628257751465
28430,10.09123420715332
28431,9.744372367858887
28432,22.867931365966797
28433,12.983003616333008
28434,6.87533712387085
28435,4.9838666915893555
28436,3.782275676727295
28437,3.4617223739624023
28438,3.32000732421875
28439,3.2344048023223877
28440,82.29981994628906
28441,30.83858871459961
28442,20.930213928222656
28443,15.229339599609375
28444,12.60325813293457
28445,20.55082130432129
28446,11.425390243530273
28447,5.745553970336914
28448,3.833967685699463
28449,2.76383900642395
28450,2.40913987159729
28451,2.266692638397217
28452,2.1868224143981934
28453,21.35736846923828
28454,11.82575511932373
28455,6.043987274169922
28456,4.089877605438232
28457,2.927828311920166
28458,2.5666632652282715
28459,2.4213695526123047
28460,2.3750178813934326
28461,24.005859375
28462,13.331514358520508
28463,7.048675537109375
28464,4.912189483642578
28465,3.628418207168579
28466,3.3121585845947266
28467,3.1473779678344727
28468,3.0750656127929688
28469,26.68372344970703
28470,15.18563175201416
28471,8.442819595336914
28472,5.969926834106445
28473,4.584807395935059
28474,4.264370918273926
28475,4.041754722595215
28476,3.9299116134643555
28477,22.63059425354004
28478,12.930922508239746
28479,7.419168949127197
28480,5.540439128875732
28481,4.26857328414917
28482,3.8920767307281494
28483,3.752464771270752
28484,3.653341770172119
28485,22.324926376342773
28486,12.390351295471191
28487,6.458479881286621
28488,4.502693176269531
28489,3.3078136444091797
28490,2.9808237552642822
28491,2.827895164489746
28492,2.7395832538604736
28493,27.817691802978516
28494,16.28948974609375
28495,9.365447998046875
28496,7.182397365570068
28497,5.6555657386779785
28498,5.299106597900391
28499,5.103536605834961
28500,4.963999271392822
28501,25.306365966796875
28502,16.109848022460938
28503,10.175891876220703
28504,8.110139846801758
28505,6.744086742401123
28506,6.431330680847168
28507,6.2281670570373535
28508,6.156347274780273
28509,29.54994773864746
28510,18.430419921875
28511,10.868579864501953
28512,8.373451232910156
28513,6.820857524871826
28514,6.434376239776611
28515,6.250338077545166
28516,6.143301963806152
28517,22.46904754638672
28518,12.592207908630371
28519,6.635026454925537
28520,4.698369026184082
28521,3.5051517486572266
28522,3.189128875732422
28523,3.023919105529785
28524,2.9371864795684814
28525,23.724756240844727
28526,13.431832313537598
28527,7.2809553146362305
28528,5.274115562438965
28529,4.0344319343566895
28530,3.696098804473877
28531,3.556008815765381
28532,3.474605083465576
28533,23.157928466796875
28534,12.908976554870605
28535,6.730870723724365
28536,4.686075687408447
28537,3.481435537338257
28538,3.1592936515808105
28539,3.001533031463623
28540,2.9059181213378906
28541,21.674903869628906
28542,12.331469535827637
28543,6.414027214050293
28544,4.595986366271973
28545,3.4526491165161133
28546,3.108656644821167
28547,2.956202983856201
28548,2.88045072555542
28549,20.911758422851562
28550,11.52105712890625
28551,5.831331253051758
28552,3.8693735599517822
28553,2.766599416732788
28554,2.4415063858032227
28555,2.2966012954711914
28556,2.214432954788208
28557,21.759124755859375
28558,12.089996337890625
28559,6.288565158843994
28560,4.353370666503906
28561,3.2114717960357666
28562,2.883223533630371
28563,2.71608304977417
28564,2.626218795776367
28565,21.431310653686523
28566,11.825048446655273
28567,6.106498718261719
28568,4.156528949737549
28569,3.013040542602539
28570,2.6880838871002197
28571,2.533419370651245
28572,2.4271421432495117
28573,22.933189392089844
28574,5.857710361480713
28575,1.8592276573181152
28576,23.238380432128906
28577,13.03177261352539
28578,6.858636856079102
28579,4.8351030349731445
28580,3.6356470584869385
28581,3.280100107192993
28582,3.146850824356079
28583,3.0342369079589844
28584,22.296838760375977
28585,12.84017562866211
28586,7.353628158569336
28587,5.486248016357422
28588,4.222597599029541
28589,3.852773904800415
28590,3.7187793254852295
28591,3.6150944232940674
28592,22.44486427307129
28593,12.78195571899414
28594,6.753910541534424
28595,4.8631696701049805
28596,3.713029384613037
28597,3.377140760421753
28598,3.2425549030303955
28599,3.1436197757720947
28600,23.167922973632812
28601,13.05606746673584
28602,7.034481525421143
28603,4.966536521911621
28604,3.7709269523620605
28605,3.4498884677886963
28606,3.307056427001953
28607,3.218865394592285
28608,22.20217514038086
28609,12.3338623046875
28610,6.435525417327881
28611,4.4467010498046875
28612,3.2377846240997314
28613,2.912945032119751
28614,2.7591378688812256
28615,2.6584599018096924
28616,21.301206588745117
28617,11.829065322875977
28618,6.159664154052734
28619,4.156037330627441
28620,3.0143239498138428
28621,2.682558059692383
28622,2.5320003032684326
28623,2.458157539367676
28624,34.64075469970703
28625,23.243614196777344
28626,16.26151466369629
28627,15.983968734741211
28628,15.260059356689453
28629,14.75681209564209
28630,14.256778717041016
28631,14.232800483703613
28632,29.166973114013672
28633,17.32592010498047
28634,10.466400146484375
28635,8.703346252441406
28636,7.0390472412109375
28637,6.6099138259887695
28638,6.2440104484558105
28639,6.135417461395264
28640,22.531328201293945
28641,13.0606107711792
28642,6.960094451904297
28643,5.243160247802734
28644,4.1522417068481445
28645,3.8351964950561523
28646,3.692380666732788
28647,3.604539394378662
28648,21.929651260375977
28649,12.508216857910156
28650,6.581310749053955
28651,4.743526458740234
28652,3.64231538772583
28653,3.3265390396118164
28654,3.169459581375122
28655,3.084763765335083
28656,29.91829490661621
28657,17.756851196289062
28658,10.208380699157715
28659,7.753265857696533
28660,6.363097667694092
28661,5.944556713104248
28662,5.754343032836914
28663,5.630747318267822
28664,27.91767120361328
28665,16.481220245361328
28666,9.56375503540039
28667,7.376758098602295
28668,5.87872314453125
28669,5.493902206420898
28670,5.305409908294678
28671,5.20280647277832
28672,20.475482940673828
28673,11.40189266204834
28674,5.720236778259277
28675,3.766976833343506
28676,2.7584521770477295
28677,2.4421682357788086
28678,2.3075146675109863
28679,2.2163209915161133
28680,28.089435577392578
28681,16.31853485107422
28682,9.340668678283691
28683,7.06087589263916
28684,5.684918403625488
28685,5.329615592956543
28686,5.148590564727783
28687,5.070327281951904
28688,22.791887283325195
28689,12.744499206542969
28690,6.819348335266113
28691,4.8209757804870605
28692,3.5753087997436523
28693,3.278998851776123
28694,3.160820245742798
28695,3.065901041030884
28696,22.47704315185547
28697,12.496112823486328
28698,6.480360507965088
28699,4.5022664070129395
28700,3.303330898284912
28701,2.9890823364257812
28702,2.8418145179748535
28703,2.7431461811065674
28704,29.21083641052246
28705,19.239099502563477
28706,12.393451690673828
28707,9.40434741973877
28708,7.816717624664307
28709,7.372251510620117
28710,7.2659173011779785
28711,7.048593044281006
28712,22.685998916625977
28713,12.827601432800293
28714,6.884114742279053
28715,5.102754592895508
28716,3.912336826324463
28717,3.5663387775421143
28718,3.429442882537842
28719,3.3258230686187744
28720,138.27276611328125
28721,54.12687301635742
28722,35.769432067871094
28723,28.404020309448242
28724,22.51917266845703
28725,21.236223220825195
28726,12.106636047363281
28727,6.09646463394165
28728,3.895047664642334
28729,2.6896274089813232
28730,2.4806365966796875
28731,2.40535306930542
28732,2.3411431312561035
28733,22.74777603149414
28734,12.877156257629395
28735,7.1101202964782715
28736,5.21117639541626
28737,3.9991283416748047
28738,3.7037062644958496
28739,3.5644049644470215
28740,3.4972891807556152
28741,5.693039417266846
28742,22.241647720336914
28743,12.525097846984863
28744,6.770442962646484
28745,4.845956325531006
28746,3.648340940475464
28747,3.385268449783325
28748,3.2425057888031006
28749,3.1718034744262695
28750,208.20501708984375
28751,125.99116516113281
28752,103.6573257446289
28753,71.05070495605469
28754,55.4464111328125
28755,22.11269187927246
28756,12.479215621948242
28757,6.702444076538086
28758,4.688554286956787
28759,3.4999756813049316
28760,3.2013983726501465
28761,3.068754196166992
28762,3.0082545280456543
28763,21.275115966796875
28764,11.849421501159668
28765,6.14291524887085
28766,4.1826019287109375
28767,3.0554146766662598
28768,2.7106804847717285
28769,2.549577474594116
28770,2.482560157775879
28771,21.629497528076172
28772,12.109355926513672
28773,6.358635425567627
28774,4.3616042137146
28775,3.243023633956909
28776,2.9181504249572754
28777,2.774793863296509
28778,2.708381175994873
28779,21.629497528076172
28780,12.109355926513672
28781,6.358635425567627
28782,4.3616042137146
28783,3.243023633956909
28784,2.9181504249572754
28785,2.774793863296509
28786,2.708381175994873
28787,20.423053741455078
28788,14.043330192565918
28789,6.751361846923828
28790,5.022008895874023
28791,3.139911651611328
28792,2.640652894973755
28793,2.4623639583587646
28794,2.39103627204895
28795,21.51504898071289
28796,15.729007720947266
28797,7.684048652648926
28798,4.9447245597839355
28799,3.048619031906128
28800,2.5576236248016357
28801,2.3914268016815186
28802,2.3010001182556152
28803,20.184797286987305
28804,11.22722339630127
28805,5.685123920440674
28806,3.757164478302002
28807,2.7281997203826904
28808,2.399472236633301
28809,2.2848472595214844
28810,2.191865921020508
28811,21.8024959564209
28812,12.167348861694336
28813,6.449392318725586
28814,4.49308967590332
28815,3.374634027481079
28816,3.0546154975891113
28817,2.89691162109375
28818,2.826115608215332
28819,20.999494552612305
28820,11.585208892822266
28821,5.893113136291504
28822,3.9439854621887207
28823,2.8073956966400146
28824,2.488334894180298
28825,2.3219761848449707
28826,2.256197452545166
28827,21.825468063354492
28828,12.240921974182129
28829,6.393269062042236
28830,4.437861442565918
28831,3.2367820739746094
28832,2.9060192108154297
28833,2.77601957321167
28834,2.7073352336883545
28835,46.55257797241211
28836,23.64453125
28837,14.003281593322754
28838,7.813624382019043
28839,6.074550151824951
28840,4.947159290313721
28841,4.574848175048828
28842,4.427282333374023
28843,4.329124927520752
28844,23.167421340942383
28845,13.270223617553711
28846,7.143681526184082
28847,5.272090435028076
28848,4.048308849334717
28849,3.6977148056030273
28850,3.551253318786621
28851,3.4569504261016846
28852,22.00119972229004
28853,12.235472679138184
28854,6.38742733001709
28855,4.429108619689941
28856,3.2695422172546387
28857,2.9424359798431396
28858,2.7832322120666504
28859,2.692423105239868
28860,22.409841537475586
28861,12.616340637207031
28862,6.743438243865967
28863,4.735167503356934
28864,3.6012520790100098
28865,3.2868564128875732
28866,3.1377453804016113
28867,3.0523886680603027
28868,22.036388397216797
28869,12.333427429199219
28870,6.48295259475708
28871,4.5279364585876465
28872,3.3714613914489746
28873,3.0641660690307617
28874,2.928420066833496
28875,2.818659782409668
28876,23.75501251220703
28877,13.427251815795898
28878,7.253582954406738
28879,5.17681884765625
28880,3.990429401397705
28881,3.650975227355957
28882,3.507117509841919
28883,3.4190502166748047
28884,107.53897094726562
28885,77.6853256225586
28886,67.8655014038086
28887,21.69559669494629
28888,12.632319450378418
28889,7.138058185577393
28890,5.137049674987793
28891,3.9821958541870117
28892,3.5983829498291016
28893,3.4819655418395996
28894,3.374561071395874
28895,23.838659286499023
28896,13.943819999694824
28897,7.6436614990234375
28898,5.930879592895508
28899,4.774985313415527
28900,4.3827223777771
28901,4.226224899291992
28902,4.121363639831543
28903,23.28781509399414
28904,13.157308578491211
28905,7.057912826538086
28906,5.15487003326416
28907,3.9574122428894043
28908,3.6017065048217773
28909,3.466107130050659
28910,3.387730598449707
28911,22.566938400268555
28912,12.525851249694824
28913,6.495242118835449
28914,4.508864879608154
28915,3.3118362426757812
28916,2.9849319458007812
28917,2.832833766937256
28918,2.744877338409424
28919,22.59556007385254
28920,12.695330619812012
28921,6.700850963592529
28922,4.752213001251221
28923,3.5575103759765625
28924,3.2387311458587646
28925,3.0717175006866455
28926,2.987076759338379
28927,20.99236488342285
28928,11.753716468811035
28929,6.054134368896484
28930,4.114108085632324
28931,2.9743521213531494
28932,2.63100004196167
28933,2.481503486633301
28934,2.403080940246582
28935,20.927553176879883
28936,11.722488403320312
28937,6.0348639488220215
28938,4.100712776184082
28939,2.9650237560272217
28940,2.6221752166748047
28941,2.4730093479156494
28942,2.3907785415649414
28943,22.31084442138672
28944,11.623226165771484
28945,11.405851364135742
28946,9.774547576904297
28947,20.576297760009766
28948,11.203048706054688
28949,5.540088176727295
28950,3.593231678009033
28951,2.4074971675872803
28952,2.0725858211517334
28953,1.9246233701705933
28954,1.8574390411376953
28955,21.35548210144043
28956,11.962898254394531
28957,6.264959812164307
28958,4.330350399017334
28959,3.183689832687378
28960,2.875331163406372
28961,2.7404983043670654
28962,2.663330554962158
28963,20.479345321655273
28964,11.517256736755371
28965,5.955893516540527
28966,4.042332649230957
28967,2.897383213043213
28968,2.562412977218628
28969,2.4318530559539795
28970,2.35603666305542
28971,21.123876571655273
28972,11.890761375427246
28973,6.2291083335876465
28974,4.356579780578613
28975,3.252578020095825
28976,2.913423776626587
28977,2.7664196491241455
28978,2.688138484954834
28979,3.1293020248413086
28980,2.49310040473938
28981,2.202183246612549
28982,2.1584997177124023
28983,2.016937732696533
28984,9.476319313049316
28985,9.808379173278809
28986,8.99630069732666
28987,7.728231430053711
28988,9.081897735595703
28989,5.932212829589844
28990,5.054746150970459
28991,3.681072473526001
28992,20.766071319580078
28993,11.343231201171875
28994,5.689305782318115
28995,3.7246878147125244
28996,2.5382988452911377
28997,2.193833112716675
28998,2.0369083881378174
28999,1.9685242176055908
29000,21.825241088867188
29001,12.166871070861816
29002,6.43118953704834
29003,4.457722187042236
29004,3.2993648052215576
29005,2.9649693965911865
29006,2.815095901489258
29007,2.747860908508301
29008,24.751121520996094
29009,13.516191482543945
29010,7.627833843231201
29011,4.888113021850586
29012,3.020730495452881
29013,2.4743170738220215
29014,27.01148223876953
29015,15.584931373596191
29016,8.991497039794922
29017,6.600891590118408
29018,5.090839385986328
29019,4.778562068939209
29020,4.649335861206055
29021,4.535097599029541
29022,29.420684814453125
29023,17.390119552612305
29024,10.769332885742188
29025,7.8586578369140625
29026,6.348010063171387
29027,6.03731632232666
29028,31.56003761291504
29029,18.231477737426758
29030,11.032645225524902
29031,7.929049015045166
29032,6.22276496887207
29033,5.941184997558594
29034,26.99891471862793
29035,15.86790657043457
29036,9.147281646728516
29037,7.013247966766357
29038,5.554631233215332
29039,5.187087535858154
29040,5.0077433586120605
29041,4.879036903381348
29042,28.520660400390625
29043,17.20938491821289
29044,10.132837295532227
29045,7.824398517608643
29046,6.450432777404785
29047,6.124663829803467
29048,5.968747615814209
29049,5.88796854019165
29050,25.856311798095703
29051,14.914265632629395
29052,8.621721267700195
29053,6.062532901763916
29054,4.555685520172119
29055,4.259163856506348
29056,25.287837982177734
29057,15.230901718139648
29058,8.773136138916016
29059,7.052376747131348
29060,5.750638484954834
29061,5.42157506942749
29062,5.2666015625
29063,5.160606384277344
29064,27.02383804321289
29065,15.765295028686523
29066,8.967324256896973
29067,6.685307502746582
29068,5.31543493270874
29069,4.94455623626709
29070,4.742313385009766
29071,4.595768451690674
29072,26.248987197875977
29073,15.94011402130127
29074,9.197887420654297
29075,7.4261627197265625
29076,6.119138240814209
29077,5.812612056732178
29078,5.648184776306152
29079,5.566387176513672
29080,27.589752197265625
29081,16.9559326171875
29082,10.689497947692871
29083,8.424736976623535
29084,7.0822248458862305
29085,6.709253787994385
29086,6.558871269226074
29087,6.5026164054870605
29088,27.385730743408203
29089,16.459781646728516
29090,10.202367782592773
29091,8.09869384765625
29092,6.8884711265563965
29093,6.690178394317627
29094,28.310903549194336
29095,17.34482192993164
29096,10.119853973388672
29097,7.706740379333496
29098,6.346414089202881
29099,6.010039806365967
29100,5.839098930358887
29101,5.737465858459473
29102,28.165550231933594
29103,16.01276969909668
29104,9.022262573242188
29105,6.37200927734375
29106,4.940685272216797
29107,4.604949951171875
29108,4.419289588928223
29109,4.293457508087158
29110,28.718931198120117
29111,17.336769104003906
29112,10.202895164489746
29113,7.892086982727051
29114,6.379157543182373
29115,6.02285099029541
29116,5.834694862365723
29117,5.773015975952148
29118,28.53282928466797
29119,16.71051788330078
29120,9.687797546386719
29121,7.312088966369629
29122,5.923720359802246
29123,5.504995346069336
29124,5.316472053527832
29125,5.240043640136719
29126,28.136371612548828
29127,16.472497940063477
29128,9.826261520385742
29129,7.17104434967041
29130,5.684810638427734
29131,5.381089210510254
29132,29.496387481689453
29133,17.604564666748047
29134,10.411823272705078
29135,8.157362937927246
29136,6.57285213470459
29137,6.198453426361084
29138,6.004629135131836
29139,5.950218200683594
29140,29.283336639404297
29141,17.996583938598633
29142,10.781919479370117
29143,8.454654693603516
29144,7.046794414520264
29145,6.702308177947998
29146,6.5603928565979
29147,6.410181045532227
29148,27.299407958984375
29149,16.57178497314453
29150,9.950509071350098
29151,7.855008125305176
29152,6.5104498863220215
29153,6.144270896911621
29154,6.025611877441406
29155,5.902094841003418
29156,21.754634857177734
29157,12.13642692565918
29158,6.3995537757873535
29159,4.492806434631348
29160,3.284607410430908
29161,2.983844757080078
29162,2.8271546363830566
29163,2.7517483234405518
29164,23.53159523010254
29165,13.295408248901367
29166,7.6091179847717285
29167,5.2703752517700195
29168,3.98929500579834
29169,3.698392391204834
29170,3.505998134613037
29171,3.4217257499694824
29172,29.21294403076172
29173,16.638830184936523
29174,9.797211647033691
29175,7.004096031188965
29176,5.3511152267456055
29177,5.107146739959717
29178,4.985735893249512
29179,4.8808698654174805
29180,27.831584930419922
29181,16.439422607421875
29182,9.458086967468262
29183,7.1665544509887695
29184,5.770500183105469
29185,5.388512134552002
29186,5.194289684295654
29187,5.0766425132751465
29188,28.098613739013672
29189,16.255037307739258
29190,9.44163990020752
29191,6.77351713180542
29192,5.309347629547119
29193,5.008723735809326
29194,4.79020881652832
29195,4.683533668518066
29196,28.963214874267578
29197,16.99451446533203
29198,10.349520683288574
29199,7.3831071853637695
29200,5.775898456573486
29201,5.48833703994751
29202,28.858875274658203
29203,17.022750854492188
29204,9.783698081970215
29205,7.632153511047363
29206,6.089180946350098
29207,5.712367057800293
29208,5.505910396575928
29209,5.3671345710754395
29210,28.97454071044922
29211,16.927120208740234
29212,10.27890396118164
29213,7.323373794555664
29214,5.734319686889648
29215,5.4497199058532715
29216,25.725282669067383
29217,15.479045867919922
29218,8.97479248046875
29219,7.208332538604736
29220,5.863805770874023
29221,5.598015785217285
29222,5.456606864929199
29223,5.357429027557373
29224,25.560367584228516
29225,15.367599487304688
29226,8.920599937438965
29227,7.155331134796143
29228,5.830373287200928
29229,5.551236152648926
29230,5.410495758056641
29231,5.314158916473389
29232,27.026325225830078
29233,16.260709762573242
29234,9.502599716186523
29235,7.443746089935303
29236,6.081431865692139
29237,5.729693412780762
29238,5.586483478546143
29239,5.460180759429932
29240,26.471755981445312
29241,16.506019592285156
29242,10.534518241882324
29243,8.694070816040039
29244,7.250150680541992
29245,6.900336742401123
29246,6.617801666259766
29247,6.458186149597168
29248,27.10395050048828
29249,15.762247085571289
29250,9.20063304901123
29251,6.421337127685547
29252,5.005614280700684
29253,4.5859599113464355
29254,4.381603240966797
29255,4.220831871032715
29256,26.26312255859375
29257,15.804793357849121
29258,9.753767013549805
29259,7.5472941398620605
29260,6.1230268478393555
29261,5.744905948638916
29262,5.577584743499756
29263,5.441073894500732
29264,25.483884811401367
29265,15.561485290527344
29266,9.197689056396484
29267,7.320174217224121
29268,6.012479782104492
29269,5.740838050842285
29270,5.56958532333374
29271,5.472952842712402
29272,28.269620895385742
29273,17.24604034423828
29274,10.242070198059082
29275,8.081865310668945
29276,6.48684024810791
29277,6.120457172393799
29278,5.922029495239258
29279,5.8112335205078125
29280,21.64675521850586
29281,12.01856517791748
29282,6.114343643188477
29283,4.1666975021362305
29284,3.0721981525421143
29285,2.734733819961548
29286,2.550326347351074
29287,2.445368766784668
29288,22.637481689453125
29289,12.769754409790039
29290,6.672934055328369
29291,4.732799530029297
29292,3.5539932250976562
29293,3.1947975158691406
29294,3.0189690589904785
29295,2.9208130836486816
29296,26.49787139892578
29297,15.00634765625
29298,8.094054222106934
29299,5.715052604675293
29300,4.2989397048950195
29301,3.971592426300049
29302,3.891047954559326
29303,3.776254892349243
29304,26.5469913482666
29305,15.019396781921387
29306,8.176023483276367
29307,5.7801008224487305
29308,4.388525485992432
29309,4.05920934677124
29310,3.966716766357422
29311,3.8478598594665527
29312,12.213064193725586
29313,25.983491897583008
29314,15.38653564453125
29315,8.9423189163208
29316,7.100399971008301
29317,5.7392730712890625
29318,5.427003860473633
29319,5.2741379737854
29320,5.1595048904418945
29321,25.77284812927246
29322,14.791773796081543
29323,8.225236892700195
29324,6.202538967132568
29325,4.907342433929443
29326,4.580509185791016
29327,4.463104724884033
29328,4.377586841583252
29329,42.373592376708984
29330,24.651172637939453
29331,14.45287799835205
29332,9.615406036376953
29333,7.4421491622924805
29334,7.008200645446777
29335,20.999494552612305
29336,11.585208892822266
29337,5.893113136291504
29338,3.9439854621887207
29339,2.8073956966400146
29340,2.488334894180298
29341,2.3219761848449707
29342,2.256197452545166
29343,20.551603317260742
29344,11.313149452209473
29345,5.697270393371582
29346,3.7973849773406982
29347,2.649841547012329
29348,2.33646559715271
29349,2.1733579635620117
29350,2.112764596939087
29351,21.677200317382812
29352,12.148056983947754
29353,6.414258003234863
29354,4.445272922515869
29355,3.3427653312683105
29356,3.0373549461364746
29357,2.885077714920044
29358,2.811823606491089
29359,21.96428108215332
29360,12.336592674255371
29361,6.5469069480896
29362,4.5439276695251465
29363,3.4350380897521973
29364,3.134373664855957
29365,2.9813153743743896
29366,2.904848575592041
29367,21.920541763305664
29368,12.296846389770508
29369,6.51764440536499
29370,4.525971412658691
29371,3.421743154525757
29372,3.1191554069519043
29373,2.9628710746765137
29374,2.8881609439849854
29375,21.467018127441406
29376,11.923723220825195
29377,6.234635353088379
29378,4.245258331298828
29379,3.190901756286621
29380,2.871919631958008
29381,2.712953567504883
29382,2.638420820236206
29383,21.447376251220703
29384,11.905750274658203
29385,6.189538955688477
29386,4.194741249084473
29387,3.072990894317627
29388,2.75099515914917
29389,2.597264051437378
29390,2.5325841903686523
29391,20.75330924987793
29392,11.302960395812988
29393,5.652700424194336
29394,3.6952004432678223
29395,2.5644428730010986
29396,2.2264769077301025
29397,2.0603978633880615
29398,1.9963728189468384
29399,29.304229736328125
29400,17.023906707763672
29401,9.72555160522461
29402,7.098794937133789
29403,5.6224846839904785
29404,5.260244369506836
29405,5.056851863861084
29406,4.938920497894287
29407,25.77245330810547
29408,14.82596492767334
29409,8.338614463806152
29410,6.21008825302124
29411,4.908387184143066
29412,4.564955234527588
29413,4.467925548553467
29414,4.324728965759277
29415,271.18499755859375
29416,119.57353973388672
29417,85.02567291259766
29418,67.5027084350586
29419,61.00681686401367
29420,22.87648582458496
29421,13.152505874633789
29422,7.201141834259033
29423,5.517298698425293
29424,4.443608283996582
29425,4.075331211090088
29426,3.92720103263855
29427,3.8186774253845215
29428,22.550615310668945
29429,12.735832214355469
29430,6.885294437408447
29431,5.029201030731201
29432,3.8860583305358887
29433,3.5990023612976074
29434,3.4637506008148193
29435,3.3796143531799316
29436,21.58124542236328
29437,12.195487022399902
29438,6.920382976531982
29439,4.898719310760498
29440,3.657578229904175
29441,3.318812370300293
29442,3.2053956985473633
29443,3.134504556655884
29444,22.216814041137695
29445,12.508596420288086
29446,6.699446678161621
29447,4.872979164123535
29448,3.685722827911377
29449,3.4101150035858154
29450,3.2664878368377686
29451,3.186772346496582
29452,22.248912811279297
29453,12.31109619140625
29454,6.320317268371582
29455,4.329179286956787
29456,3.1694376468658447
29457,2.8395087718963623
29458,2.6907873153686523
29459,2.5743374824523926
29460,21.155872344970703
29461,11.696045875549316
29462,6.0306196212768555
29463,4.05102014541626
29464,2.9620614051818848
29465,2.6385884284973145
29466,2.475510358810425
29467,2.4054031372070312
29468,21.94497299194336
29469,12.3378267288208
29470,6.539130210876465
29471,4.5694708824157715
29472,3.4187240600585938
29473,3.1085963249206543
29474,2.9722325801849365
29475,2.9055843353271484
29476,21.69141387939453
29477,12.144415855407715
29478,6.369789123535156
29479,4.420197486877441
29480,3.275496006011963
29481,2.937248945236206
29482,2.7675838470458984
29483,2.700782060623169
29484,21.687406539916992
29485,12.074316024780273
29486,6.42047119140625
29487,4.406354904174805
29488,3.1995701789855957
29489,2.877516269683838
29490,2.7225189208984375
29491,2.6666042804718018
29492,26.950056076049805
29493,15.281970024108887
29494,8.316598892211914
29495,5.8828444480896
29496,4.423680782318115
29497,4.079312324523926
29498,3.9748518466949463
29499,3.863098382949829
29500,22.949899673461914
29501,12.953502655029297
29502,6.776415824890137
29503,4.780621528625488
29504,3.587554931640625
29505,3.2053585052490234
29506,3.0657458305358887
29507,2.9731667041778564
29508,27.292171478271484
29509,15.456371307373047
29510,8.455212593078613
29511,6.0417070388793945
29512,4.552546977996826
29513,4.233087539672852
29514,4.139500617980957
29515,4.009557723999023
29516,21.29629898071289
29517,11.89619255065918
29518,6.17216682434082
29519,4.259603500366211
29520,3.1215569972991943
29521,2.810265064239502
29522,2.6696126461029053
29523,2.5875532627105713
29524,27.423973083496094
29525,15.801166534423828
29526,8.970317840576172
29527,6.502420902252197
29528,5.048006534576416
29529,4.677472114562988
29530,4.4924492835998535
29531,4.395924091339111
29532,29.514787673950195
29533,17.25628662109375
29534,9.87259578704834
29535,7.293530464172363
29536,5.948816299438477
29537,5.58572244644165
29538,5.429825305938721
29539,5.330437183380127
29540,40.435237884521484
29541,25.51693344116211
29542,16.8492431640625
29543,14.9730224609375
29544,12.916017532348633
29545,12.202713966369629
29546,11.832289695739746
29547,11.541386604309082
29548,21.19453239440918
29549,11.77678108215332
29550,6.107172966003418
29551,4.127742767333984
29552,3.037041187286377
29553,2.7257936000823975
29554,2.568338632583618
29555,2.4961235523223877
29556,22.28664207458496
29557,12.553977966308594
29558,6.687094688415527
29559,4.8036417961120605
29560,3.6973416805267334
29561,3.402820110321045
29562,3.2673285007476807
29563,3.184908628463745
29564,21.892215728759766
29565,12.00267219543457
29566,6.279698848724365
29567,4.279209136962891
29568,3.215643882751465
29569,2.900278091430664
29570,2.7406649589538574
29571,2.6631569862365723
29572,21.336944580078125
29573,11.872583389282227
29574,6.184942245483398
29575,4.21757698059082
29576,3.1091558933258057
29577,2.798901081085205
29578,2.632338285446167
29579,2.5627973079681396
29580,20.516010284423828
29581,11.198782920837402
29582,5.621481418609619
29583,3.675903558731079
29584,2.657660961151123
29585,2.3412601947784424
29586,2.193694591522217
29587,2.119441270828247
29588,20.925357818603516
29589,11.577217102050781
29590,5.982299327850342
29591,4.001724720001221
29592,2.9460525512695312
29593,2.6357970237731934
29594,2.4769344329833984
29595,2.406351327896118
29596,21.782968521118164
29597,12.116745948791504
29598,6.317683696746826
29599,4.29861307144165
29600,3.1810555458068848
29601,2.8691492080688477
29602,2.7034733295440674
29603,2.6312320232391357
29604,20.968660354614258
29605,11.581911087036133
29606,5.9836649894714355
29607,4.00095272064209
29608,2.8799614906311035
29609,2.5435221195220947
29610,2.3844592571258545
29611,2.3181662559509277
29612,21.191383361816406
29613,11.71635627746582
29614,6.0409836769104
29615,4.05944299697876
29616,2.968412399291992
29617,2.644158363342285
29618,2.481079339981079
29619,2.4155704975128174
29620,21.191383361816406
29621,11.71635627746582
29622,6.0409836769104
29623,4.05944299697876
29624,2.968412399291992
29625,2.644158363342285
29626,2.481079339981079
29627,2.4155704975128174
29628,68.40007781982422
29629,38.284912109375
29630,24.221681594848633
29631,22.9028263092041
29632,12.821524620056152
29633,6.580032825469971
29634,4.536887168884277
29635,3.3726909160614014
29636,3.017118215560913
29637,2.8258323669433594
29638,2.7362639904022217
29639,27.0736026763916
29640,15.482393264770508
29641,8.57905101776123
29642,6.207362651824951
29643,4.800378799438477
29644,4.473636627197266
29645,4.371257781982422
29646,4.254807949066162
29647,27.105213165283203
29648,15.417410850524902
29649,8.218341827392578
29650,5.776893615722656
29651,4.371181488037109
29652,4.029542922973633
29653,3.9235661029815674
29654,3.8430113792419434
29655,30.60576629638672
29656,18.12419891357422
29657,11.07767391204834
29658,8.782133102416992
29659,7.166321277618408
29660,6.6768293380737305
29661,6.410344123840332
29662,6.240625858306885
29663,22.389127731323242
29664,12.816717147827148
29665,7.241645336151123
29666,4.942818641662598
29667,3.5595293045043945
29668,3.2344748973846436
29669,3.041708469390869
29670,2.9458813667297363
29671,23.394533157348633
29672,14.134988784790039
29673,7.981928825378418
29674,6.152864456176758
29675,4.930920600891113
29676,4.558948516845703
29677,4.421148300170898
29678,4.318796157836914
29679,26.98307991027832
29680,15.632307052612305
29681,8.881975173950195
29682,6.501675605773926
29683,5.1110663414001465
29684,4.8363494873046875
29685,4.692132949829102
29686,4.602692604064941
29687,30.44683265686035
29688,20.96379852294922
29689,14.546077728271484
29690,12.291954040527344
29691,11.200264930725098
29692,10.993569374084473
29693,10.723569869995117
29694,10.601157188415527
29695,14.174355506896973
29696,25.843393325805664
29697,21.666072845458984
29698,12.149432182312012
29699,6.38571310043335
29700,4.432924270629883
29701,3.2802631855010986
29702,2.9629247188568115
29703,2.810840368270874
29704,2.7438430786132812
29705,21.467206954956055
29706,12.001389503479004
29707,6.263556480407715
29708,4.28111457824707
29709,3.1554694175720215
29710,2.836092948913574
29711,2.6848771572113037
29712,2.6159303188323975
29713,255.6976776123047
29714,154.90850830078125
29715,121.45652770996094
29716,108.23455810546875
29717,89.21888732910156
29718,21.720184326171875
29719,12.15734577178955
29720,6.4207634925842285
29721,4.417752265930176
29722,3.327702760696411
29723,3.0145397186279297
29724,2.866321325302124
29725,2.7919435501098633
29726,22.06601905822754
29727,12.409126281738281
29728,6.591836929321289
29729,4.681174278259277
29730,3.532550811767578
29731,3.256662368774414
29732,3.1118502616882324
29733,3.0330545902252197
29734,21.727577209472656
29735,12.109002113342285
29736,6.184156894683838
29737,4.188785552978516
29738,3.0020012855529785
29739,2.6726651191711426
29740,2.522704839706421
29741,2.4550535678863525
29742,22.464000701904297
29743,12.798635482788086
29744,6.773983478546143
29745,5.18616247177124
29746,4.034053802490234
29747,3.681163787841797
29748,3.5178894996643066
29749,3.436800718307495
29750,21.04349708557129
29751,11.946372985839844
29752,6.3520050048828125
29753,4.641922950744629
29754,3.6883888244628906
29755,3.355604887008667
29756,3.2164268493652344
29757,3.1228268146514893
29758,20.42827796936035
29759,11.257810592651367
29760,5.661832809448242
29761,3.703993558883667
29762,2.6134889125823975
29763,2.26554274559021
29764,2.114711284637451
29765,2.0486111640930176
29766,20.351654052734375
29767,11.64021110534668
29768,6.337628364562988
29769,4.364958763122559
29770,3.3442060947418213
29771,3.022270679473877
29772,2.88946533203125
29773,2.8019840717315674
29774,19.42630386352539
29775,10.938567161560059
29776,5.887402534484863
29777,3.921515703201294
29778,2.973593235015869
29779,2.6657631397247314
29780,2.5382463932037354
29781,2.4379749298095703
29782,21.575611114501953
29783,12.395044326782227
29784,6.87863826751709
29785,4.9292497634887695
29786,3.8376035690307617
29787,3.4772555828094482
29788,3.3330836296081543
29789,3.2360990047454834
29790,21.882320404052734
29791,12.254281997680664
29792,6.480987548828125
29793,4.488922119140625
29794,3.372669219970703
29795,3.066681146621704
29796,2.909529685974121
29797,2.8334949016571045
29798,21.75826072692871
29799,12.15719223022461
29800,6.382811546325684
29801,4.405534267425537
29802,3.275031328201294
29803,2.9773945808410645
29804,2.814506769180298
29805,2.736013889312744
29806,21.461353302001953
29807,11.958197593688965
29808,6.241998672485352
29809,4.264531135559082
29810,3.152143716812134
29811,2.842937469482422
29812,2.6842124462127686
29813,2.6039822101593018
29814,20.705644607543945
29815,11.388631820678711
29816,5.784555912017822
29817,3.84748911857605
29818,2.713102340698242
29819,2.398590087890625
29820,2.241417407989502
29821,2.175583839416504
29822,20.653255462646484
29823,11.384843826293945
29824,5.781050682067871
29825,3.8417551517486572
29826,2.7499840259552
29827,2.4368715286254883
29828,2.2772727012634277
29829,2.210692882537842
29830,20.523082733154297
29831,11.145613670349121
29832,5.514434337615967
29833,3.550262689590454
29834,2.4118080139160156
29835,2.064103364944458
29836,1.909205675125122
29837,1.8462209701538086
29838,20.895484924316406
29839,11.48115062713623
29840,5.8224310874938965
29841,3.8379409313201904
29842,2.7487595081329346
29843,2.428055763244629
29844,2.268927812576294
29845,2.2000880241394043
29846,21.546085357666016
29847,12.050383567810059
29848,6.3293280601501465
29849,4.329440116882324
29850,3.19888973236084
29851,2.8695037364959717
29852,2.7225160598754883
29853,2.6583101749420166
29854,21.43209457397461
29855,11.981989860534668
29856,6.253023147583008
29857,4.273386478424072
29858,3.1484925746917725
29859,2.8298048973083496
29860,2.677196979522705
29861,2.608983278274536
29862,20.674903869628906
29863,11.38650894165039
29864,5.771695137023926
29865,3.8341925144195557
29866,2.665292263031006
29867,2.351785898208618
29868,2.202881097793579
29869,2.135099411010742
29870,13.140277862548828
29871,12.575915336608887
29872,10.775859832763672
29873,8.64571475982666
29874,20.44005012512207
29875,12.414291381835938
29876,6.456780910491943
29877,4.517455577850342
29878,3.5211331844329834
29879,3.2495908737182617
29880,3.1135544776916504
29881,3.0117313861846924
29882,20.4656925201416
29883,12.418015480041504
29884,6.484589576721191
29885,4.542951583862305
29886,3.545532464981079
29887,3.2726571559906006
29888,3.1361796855926514
29889,3.0336408615112305
29890,20.44695281982422
29891,11.395953178405762
29892,5.757077693939209
29893,3.875354528427124
29894,2.7466068267822266
29895,2.392747163772583
29896,2.2568106651306152
29897,2.1777522563934326
29898,20.504135131835938
29899,11.285852432250977
29900,5.651610851287842
29901,3.7354040145874023
29902,2.666423797607422
29903,2.300705671310425
29904,2.1537320613861084
29905,2.0736212730407715
29906,21.746448516845703
29907,12.228548049926758
29908,6.307181358337402
29909,4.286197185516357
29910,3.2198381423950195
29911,2.899190902709961
29912,2.7599637508392334
29913,2.68497633934021
29914,21.798641204833984
29915,12.251627922058105
29916,6.300198078155518
29917,4.278493881225586
29918,3.1899242401123047
29919,2.8646154403686523
29920,2.7184720039367676
29921,2.640193462371826
29922,21.304698944091797
29923,11.970325469970703
29924,6.166369438171387
29925,4.18339204788208
29926,3.1386544704437256
29927,2.8192191123962402
29928,2.68379807472229
29929,2.608872652053833
29930,22.109821319580078
29931,12.459367752075195
29932,6.452977180480957
29933,4.412911891937256
29934,3.317838430404663
29935,2.9947218894958496
29936,2.8533551692962646
29937,2.7833683490753174
29938,21.086441040039062
29939,11.856452941894531
29940,6.088612079620361
29941,4.139113426208496
29942,3.10402512550354
29943,2.788515567779541
29944,2.6544439792633057
29945,2.5756099224090576
29946,20.649158477783203
29947,11.704047203063965
29948,6.01209020614624
29949,4.117640495300293
29950,3.1079485416412354
29951,2.7794926166534424
29952,2.662566661834717
29953,2.5915558338165283
29954,21.91416358947754
29955,12.467436790466309
29956,6.516597747802734
29957,4.695235252380371
29958,3.536818742752075
29959,3.192523717880249
29960,3.0445265769958496
29961,2.9666669368743896
29962,10.616641998291016
29963,9.293960571289062
29964,7.936086177825928
29965,21.69207191467285
29966,12.237262725830078
29967,6.4955525398254395
29968,4.605275630950928
29969,3.2336926460266113
29970,2.917205810546875
29971,2.8172223567962646
29972,2.7643487453460693
29973,50.62725067138672
29974,21.097763061523438
29975,13.590780258178711
29976,12.41479778289795
29977,10.15225887298584
29978,20.891756057739258
29979,12.60534381866455
29980,7.743526458740234
29981,5.371764183044434
29982,4.21203088760376
29983,3.903850555419922
29984,3.780266046524048
29985,3.6975905895233154
29986,20.80154800415039
29987,11.422377586364746
29988,5.749971866607666
29989,3.7733592987060547
29990,2.5808420181274414
29991,2.2342190742492676
29992,2.080418586730957
29993,2.018012285232544
29994,24.627336502075195
29995,13.668963432312012
29996,7.08946418762207
29997,4.837013244628906
29998,3.544403076171875
29999,3.177992343902588
30000,3.0083565711975098
30001,2.9388041496276855
30002,24.51488494873047
30003,13.967399597167969
30004,7.610250473022461
30005,5.599144458770752
30006,4.377158164978027
30007,4.039645195007324
30008,3.897540807723999
30009,3.7863616943359375
30010,22.3294677734375
30011,12.636058807373047
30012,6.6899309158325195
30013,4.729661464691162
30014,3.582101583480835
30015,3.249781608581543
30016,3.1197690963745117
30017,3.028247833251953
30018,21.545446395874023
30019,12.04006576538086
30020,6.289838790893555
30021,4.378343105316162
30022,3.2433395385742188
30023,2.9095659255981445
30024,2.768406391143799
30025,2.6553494930267334
30026,16.947500228881836
30027,9.551749229431152
30028,4.663612365722656
30029,3.1866090297698975
30030,2.216806411743164
30031,1.9561792612075806
30032,1.841283917427063
30033,1.7705459594726562
30034,17.66701889038086
30035,10.139269828796387
30036,5.096832752227783
30037,3.539717197418213
30038,2.508962631225586
30039,2.246490716934204
30040,2.123594045639038
30041,2.0577890872955322
30042,31.18369483947754
30043,21.147090911865234
30044,14.234851837158203
30045,12.164826393127441
30046,11.071866989135742
30047,10.818869590759277
30048,10.675400733947754
30049,10.596909523010254
30050,31.22328758239746
30051,21.008010864257812
30052,14.217923164367676
30053,12.114568710327148
30054,10.971318244934082
30055,10.68468189239502
30056,10.589410781860352
30057,10.535058975219727
30058,2.472660779953003
30059,20.343948364257812
30060,11.387667655944824
30061,6.07094144821167
30062,4.241418361663818
30063,3.3568928241729736
30064,3.1205813884735107
30065,2.9757001399993896
30066,2.9223949909210205
30067,20.790584564208984
30068,11.552215576171875
30069,6.004930019378662
30070,3.7999894618988037
30071,2.511385202407837
30072,2.1768577098846436
30073,2.0207600593566895
30074,1.9449620246887207
30075,142.6502685546875
30076,93.39501953125
30077,65.38704681396484
30078,54.414669036865234
30079,41.35219955444336
30080,26.303438186645508
30081,15.619438171386719
30082,9.274212837219238
30083,7.332754611968994
30084,5.8958210945129395
30085,5.585770606994629
30086,5.441191673278809
30087,5.34054708480835
30088,17.020282745361328
30089,9.76309585571289
30090,8.255690574645996
30091,5.985329627990723
30092,23.29652976989746
30093,13.211981773376465
30094,7.068899154663086
30095,5.095772743225098
30096,3.885436773300171
30097,3.52760648727417
30098,3.396613597869873
30099,3.2881712913513184
30100,41.53021240234375
30101,27.8232479095459
30102,19.229726791381836
30103,18.23649787902832
30104,17.69097328186035
30105,16.605937957763672
30106,15.874517440795898
30107,15.669023513793945
30108,39.28099822998047
30109,25.383024215698242
30110,17.351503372192383
30111,14.560741424560547
30112,12.847493171691895
30113,11.992424011230469
30114,11.504499435424805
30115,11.354769706726074
30116,19.61379051208496
30117,11.017048835754395
30118,5.703207015991211
30119,4.048830032348633
30120,3.049668788909912
30121,2.732055425643921
30122,2.604903221130371
30123,2.5276591777801514
30124,20.093305587768555
30125,10.78447151184082
30126,5.371694564819336
30127,3.2711353302001953
30128,2.106963872909546
30129,1.7933040857315063
30130,1.6374238729476929
30131,1.5436540842056274
30132,20.37701988220215
30133,11.177177429199219
30134,5.719485282897949
30135,3.5561230182647705
30136,2.322755813598633
30137,1.9783525466918945
30138,1.8251571655273438
30139,1.7553349733352661
30140,4.677916526794434
30141,4.570365905761719
30142,5.096297740936279
30143,5.300321578979492
30144,4.970422267913818
30145,5.488560676574707
30146,8.872953414916992
30147,6.887542247772217
30148,5.457677841186523
30149,4.7598137855529785
30150,5.207156181335449
30151,1.5081534385681152
30152,1.3922463655471802
30153,35.333492279052734
30154,36.810333251953125
30155,59.14787292480469
30156,7.058629989624023
30157,3.178004026412964
30158,2.682518482208252
30159,25.31678581237793
30160,14.68630599975586
30161,8.55140209197998
30162,6.12076997756958
30163,4.8215012550354
30164,4.623051166534424
30165,4.449676036834717
30166,4.3506646156311035
30167,25.48206329345703
30168,11.753488540649414
30169,8.118826866149902
30170,5.578169822692871
30171,5.341076850891113
30172,8.415705680847168
30173,6.922510623931885
30174,6.012959003448486
30175,6.638237476348877
30176,20.444263458251953
30177,6.464426040649414
30178,18.383394241333008
30179,59.44169998168945
30180,30.319690704345703
30181,21.551368713378906
30182,10.676777839660645
30183,10.021328926086426
30184,8.293700218200684
30185,8.191789627075195
30186,59.9323616027832
30187,52.97085189819336
30188,40.74169921875
30189,108.74690246582031
30190,77.02347564697266
30191,69.57855224609375
30192,65.02323150634766
30193,24.392375946044922
30194,8.853716850280762
30195,16.775785446166992
30196,9.933528900146484
30197,6.888410568237305
30198,3.6295700073242188
30199,7.587085723876953
30200,7.441616535186768
30201,12.623879432678223
30202,77.20452880859375
30203,19.038414001464844
30204,22.272430419921875
30205,6.926157474517822
30206,5.635290622711182
30207,5.300142765045166
30208,4.546123504638672
30209,11.270718574523926
30210,7.812847137451172
30211,3.509021282196045
30212,3.5497958660125732
30213,4.726008892059326
30214,1.8296836614608765
30215,57.619590759277344
30216,42.1971321105957
30217,35.88848114013672
30218,21.04336929321289
30219,13.058605194091797
30220,9.285164833068848
30221,7.015921592712402
30222,6.344271183013916
30223,5.993242263793945
30224,5.80510950088501
30225,15.0580472946167
30226,20.945770263671875
30227,11.251351356506348
30228,8.146998405456543
30229,28.898820877075195
30230,6.736154556274414
30231,6.755076885223389
30232,8.57747745513916
30233,12.02824878692627
30234,40.890594482421875
30235,51.52885818481445
>>>>>>> 9d7367953e63b2247c5b9c42789b83c0659e678a
